0,0.008847991557559,4.37669845108758,0.0159565985086374,0.00645508314482868,0.001584785990417,6.40635823830962,0.0100911000045016,0.00607399205910042,0.000528261996805668,6.68327220890205,0.00539215718163177,2.72470676666126,0.00551782693946734,0.197842548368499,0.000925497442949563,2.84415930509567,0.00746826000977308,1.20187193897436,0.0647689789184369,0.0615287033724599,0.00318674312438816,0.0614182025310583,0.0210888749861624,0.00168871373170987,0.00109980755951256,0.00165243737865239,0.00169109349371865,3.84230675082654,0.0134740621433593,0.228868005739059,0.0183714001323096,2.5164858836215,0.250689282256644,0.0291793299838901,0.00743264146149158,0.299293868825771,0.00487276649801061,0.303824554663152,0.0108387093641795,0.535311175044626,0.00126943830400705,0.00498028623405844,0.000448028673417866,0.0105566215934232,0.0029513033805415,0.0298184967250563,0.00708628576830961,0.00246487557888031,0.000973946938756853,0.0290111455251463,0.000428908417234197,0.00807754404377192,0,0.0966203633288387,0.0279385349131189,13.396696008771,0.0200624899880495,0.350043222424574,0.00544160723802634,1.68021241988754,0.00345679011661559,0.63316582236439,0.00616604258539155,0.0894991094246507,0.00183570443186909,0.515396535687614,0.0239328454772476,3.87095183931524,0.100770920980722,0.900771450658794,0.0620031783473678,4.1604872958851,0.0179561660625041,0.958531185635366,0.0177890716586262,0.688200028322171,0.0684210495091975,0.135463256388903,0.00192554562818259,0.461378292529844,0.00723065808415413,0.223337513161823,0.000997257535345852,0.392354122304823,0.00184558593900874,0.0334182940423489,0.00102197239175439,0.0836186695378274,0.00102441525086761,0.0518542842473835,0.0773298115236685
0.008847991557559,0,0.0123348018678371,5.381896103092,0.000570613425225019,0.0190316251246259,0.00298195926006883,4.60531640707632,0,0.0111950736027211,0,8.09102640557103,0.00124533000052907,1.48299620789476,0.000965250947047025,0.0365052314009517,0.00907029490917921,2.49263919238001,0.256238853035029,3.50895371485967,0.0108843538910151,0.00547008542343974,0.0282945735380054,0.0635994575859513,0,0.00350467278622091,0,0.00479760114103556,0.0198769520502537,0.729245293885469,0.0673102046130225,0.1410222882987,0.135160239151446,1.54731233234634,0.00454988633282483,0.00331564981024712,0.0115307001397014,0.110887679969892,0.0130459443316795,0.00764609465841204,0.000692520756274462,0.00612661696504802,0.000434216228313744,0.00658668548567221,0.00202275603078306,0.00363353249849752,0.00317100784741342,0.00479825510410592,0,0.00359527464024723,0.00367647066013888,0.00179775280412287,0,0,0.010845986980712,0.0250104203587398,0.0325423730537295,10.4976145317778,0.0117780291475356,0.056516978511354,0.011528607661603,0.191816533915699,0.00424741161987185,0.637707956484519,0.00107526883948594,0.0226779257354792,0.0510714280244429,0.142963241669349,0.205636747763492,2.06259147939272,0.0761421356583014,1.0115136684617,0.0145944423275068,1.1768327045138,0.0142566186259501,0.649403774179518,0.100386095466092,0.646780007518828,0.00205690786242485,0.0434033774072304,0.00392156874295324,0.208685837133089,0,0.0210637180134654,0.00177909561898559,0.13611066667363,0,0.0113482847227715,0.00374812603695318,0.0116938340070192,0.487649974762462,0.0917170252650976
4.37669845108758,0.0123348018678371,0,0.704180550237652,1.20256553054787,0.198425196111202,12.195564504771,0.412627465004334,0.139879326161463,0.0519685037434101,1.53778004233027,0.015107212588191,2.55667647969676,0.148226354940562,0.505364071548684,0.0386562362546101,0.426560447027441,0.00296956195961684,6.23619064761442,0.227011495706392,0.108907773159444,0.013915242976509,7.04428393879789,2.10019266829477,0.25272575346753,0.223436211119406,0.113269491295796,0.10638298233971,2.15550074266503,0.0705829816870391,5.43734633480199,0.596742383844685,6.27911065061926,0.187381302122958,0.0241400115191936,0.00553335371660069,0.188882890506648,0.00161377078620717,0.166888121864758,0.00564247247530147,0.174719995586202,0,0.00289077020715922,0,0.0114503817167133,0.0014669926604256,0.0128976788255386,0.00414765643654391,0.000490075966808945,0,0.0126827551284805,0.000426712183980271,0,0,0.0420878893928602,0.0131082424486522,0.795828558504581,0.00917280954308808,0.143594157590996,0.000832986261229962,0.140621824830305,0.00147275399649516,0.061938060214743,0.00350492889992893,0.0207227701321244,0.000456412584753707,0.214151114050765,0.00995909643825144,0.692061938345432,0.0262582059949636,1.79222830978688,0.433385998127051,2.7615788213443,0.0545788528397679,0.544769063999411,0.0145018915645778,0.606264578760602,0.0611924670520239,0.010779962176457,0.00191082805395126,0.0758234903623816,0.00431965431198478,0.0583686730242334,0.00297397782560438,0.0658837004448287,0.00275819803937338,0.00956399476854131,0.00507872027810663,0.022250134323258,0.00136031291913241,0.0638228604802862,0.106229508295655
0.0159565985086374,5.381896103092,0.704180550237652,0,0.0829895646020304,3.22654571820749,0.272565896098968,20.7500660980877,0.0129192547174171,1.36739078676328,0.00474270811537281,1.84296229924075,0.0559440569486469,4.16422293201322,0.0294117649900727,0.830899493739707,0.0038610037881881,0.188687783695059,1.25313476618612,9.40696981962537,0.0601799799478613,0.131036434322596,1.98995839315467,11.9251483611006,0.0187057637958787,1.19059409655165,0.0168567188084126,0.267274098470807,0.0384138775407337,1.13591430726228,1.29826926859096,3.94538469368126,0.225518084771466,1.31066825625021,0.00812347687315196,0.00495594693347812,0.0190942480112426,0.078594093240099,0.0526315805327613,0.00935016374569386,0.00856164348078892,0.016319639631547,0.00306396023370326,0.0106841994565912,0.00525049224961549,0.00671291127218865,0.0131186640355736,0.0153816572856158,0.000448430480901152,0.0035476719494909,0.000660502002574503,0.00197394387214445,0.000485790631501004,0,0.0260237269103527,0.0395271504239645,0.0101289133017417,0.896668693312677,0.00477042328566313,0.0216174488887191,0.00452830188442022,0.104648549313424,0.001368925353745,0.226132693613181,0.00230627309065312,0.0176433527958579,0.0283140286337584,0.0659780093701556,0.210881299775792,0.522428771364503,0.308505527616944,4.4002873491263,0.0464225886389613,1.5995226954692,0.0825379026937298,0.590256272815168,0.309759540657979,0.760409253300168,0.00056609115563333,0.0238704172661528,0.0015366884181276,0.157708510989323,0.000911577022634447,0.0734028107835911,0.00163021328626201,0.100796526647173,0.000508388387970626,0.0486448932497296,0.0107526881620288,0.0134185301139951,0.72463764809072,0.439195108716376
0.00645508314482868,0.000570613425225019,1.20256553054787,0.0829895646020304,0,0.452439024811611,0.38542103022337,0.00641411123797297,6.1382115050219,0.0292682927101851,0.0155875303316861,0,0.164991334546357,0.00155884644482285,2.96698324847966,0.0487132354755886,0.0175548591651022,0,0.00313111557625234,0.000740192423108965,0.142999006435275,0.084677416831255,0.403470704855863,0.410235906019807,1.99857858289033,1.05432591866702,1.4222221635282,1.03281029965729,0.92019188508857,0.0199393150396645,2.73999987496063,0.315621675574221,0.0337125989608467,0.00077851302921772,0.00174825172871351,0,0.00390625011641532,0.00516795879229903,0.0075329567771405,0.00115673802793026,0.00418848171830177,0.013930348912254,0.00224466895451769,0.00172562559600919,0.000989119638688862,0.00104166672099382,0.000805801770184189,0.00301659130491316,0,0,0.00228115194477141,0,0.00255102035589516,0,0.00149420998059213,0.000698080286383629,0.00352911517256871,0,0.00161160354036838,0,0.00508905871538445,0,0.00436204997822642,0,0.00447677681222558,0.000904159154742956,0.00218161987140775,0.00115841301158071,0.00105318590067327,0.00134589499793947,2.03843772411346,0.0675675662932917,0.543558279867284,0.0268129180185497,0.0493583444040269,0.0359281436540186,0.0153573544230312,0.00725513929501176,0.00203252024948597,0,0.0263455032836646,0.000590667477808893,0.13594345364254,0.0107238604687154,0.0207813805900514,0.000918273639399558,0.0476534308400005,0.016968326526694,0.00822803378105164,0,0.00665926770307124,0.00681818160228431
0.001584785990417,0.0190316251246259,0.198425196111202,3.22654571820749,0.452439024811611,0,0.0726972306147218,1.29325687506935,0.126943001989275,15.0995309866266,0.00230414746329188,0.0139860135968775,0.0176092106848955,0.105542896839324,0.117595434538089,7.57932245638222,0.00481058331206441,0.0381640030536801,0.0160122002125718,0.0433213007636368,1.05860467371531,7.4169812425971,0.251289840554819,1.16621251776814,0.543728816439398,23.2341252163751,1.00965876877308,19.598639725009,0.0338839483447373,2.15915785590187,1.89532513264567,5.40205108269583,0.0393281439319253,0.0477815697086044,0.0165016506798565,0.0399652488995343,0.00249376567080617,1.32178215729073,0.00722456350922585,2.96939355414361,0.00391006842255592,2.28518177894875,0.0167821969371289,0.0787929593352601,0.0181818179553375,0.0402414472773671,0.0345098034013063,0.11250000220025,0,0.0137999018188566,0.00391608406789601,0.0038684718310833,0,0.00599520397372544,0.00801457202760503,0.491646760958247,0.00446096673840657,0.0289782664040104,0.00627450970932841,0.00962962961057201,0.0042568288045004,0.0233265714487061,0.0021030493080616,0.01055623247521,0.00215633423067629,0.0271929830196314,0.0358768388396129,0.0880431695259176,0.012201321311295,0.0682110689813271,1.06127302488312,6.96108500938863,0.0212014142889529,2.28320659208111,0.0555041630286723,1.9738318361342,0.122657577507198,0.601626002462581,0.0133079846855253,0.0231213876977563,0.00513761455658823,0.0764331228565425,0.00209753541275859,2.18727376870811,0.00163934426382184,0.082278483081609,0.00275292503647506,4.88453147327527,0.00230481126345694,0.152950511954259,1.95665643922985,0.194092817604542
6.40635823830962,0.00298195926006883,12.195564504771,0.272565896098968,0.38542103022337,0.0726972306147218,0,0.158954948186874,1.14108596355072,0.0239570419071242,3.15605760435574,0.00623052939772606,10.7402664441615,0.0457697657402605,1.59578787436476,0.0185942728421651,0.352303520630812,0.00157697615213692,0.404724692052696,0.0335365860373713,0.0997861713403836,0.00715307600330561,1.14294604910538,0.669822922500316,0.0490344969148282,0.05454932898283,0.0226157457509544,0.0299739366746508,2.85932660521939,0.0228716640849598,1.14386513450881,0.226593235507607,0.56609867583029,0.0544099797261879,0.00322135302121751,0.00513418889022432,0.140987761551514,0.00252631574403495,0.140563083754387,0.00162238895427436,0.0707240781630389,0.000475398148410022,0.00442553183529526,0.000362318853149191,0.00382848404115066,0.000390472472645342,0.00914848671527579,0.00170823375810869,0.00195579894352704,0,0.0149053506902419,0,0.00377358493278734,0,0.0312978404108435,0.0121971321059391,1.40103217988508,0.0047639062977396,0.0788177317008376,0.000342817977070808,0.485805495176464,0.000783392111770809,0.250992857152596,0.000357334298314527,0.042493486951571,0,0.067258696682984,0.00601051840931177,0.115271518123336,0.00639931720797904,0.997300118848216,0.143685300863581,2.46605960035231,0.0152797853806987,0.525741393328644,0.00666032335720956,0.537282933364622,0.0210049418674316,0.0191113236360252,0.000479386391816661,0.303806118608918,0.00182149355532601,0.141241816803813,0.00197355431737378,0.321687030140311,0.000529240525793284,0.0296490074833855,0.00120724341832101,0.0342165026813745,0.000289310002699494,0.0263222033972852,0.0592846620129421
0.0100911000045016,4.60531640707632,0.412627465004334,20.7500660980877,0.00641411123797297,1.29325687506935,0.158954948186874,0,0.000408747204346582,2.46312043361831,0.00471976411063224,5.27677087567281,0.0298318001441658,7.97091746659135,0.00284292828291655,0.852136564761167,0.00159616919700056,0.185325258062221,1.05324847463635,3.42866490012966,0.0253164563328028,0.0494443182251416,1.25617098016664,2.95606632195995,0.00456053068046458,0.314180920628132,0.00285597713082097,0.055198172427481,0.0294220674550161,1.28581410739571,0.817754365329165,3.0628420758876,0.146804838004755,1.07684598650667,0.00350800273008645,0,0.00847970932954922,0.0801611289789435,0.0171656681341119,0.00699572497978806,0.00411710885236971,0.00678426047670655,0.00131362886168063,0.00906713167205453,0.000735429290216416,0.00337268138537183,0.00508560755406506,0.00955676365992986,0.00037537538446486,0.0011156563705299,0.00115540146362036,0.000674081558827311,0,0.00039864459540695,0.0114867085358128,0.0353390638483688,0.00677139760227874,0.868879192566965,0.00203424302162603,0.00859646225580946,0.00226977950660512,0.0793083989119623,0.000761759642045945,0.296971788309747,0.00115295924479142,0.0209628716402221,0.0138339918339625,0.0393013098801021,0.0643340839887969,0.179889864579309,0.159443342243321,2.7318137541879,0.0190212009474635,0.742585984175093,0.0284424374985974,0.214528170588892,0.145596874295734,0.352198789041722,0.00090888433624059,0.0346478233113885,0.00131708919070661,0.233132443303475,0.00152207002975047,0.0397576665272936,0.000729128703824244,0.16698829154484,0,0.0258437795855571,0.00293255143333226,0.0193602702347562,0.317739690770395,0.228531531203771
0.00607399205910042,0,0.139879326161463,0.0129192547174171,6.1382115050219,0.126943001989275,1.14108596355072,0.000408747204346582,0,0.0207253880798817,0.0839694659225643,0,3.88096089055762,0,18.1503544076113,0.0173076923238114,0.0520346910925582,0,0.00162667746189982,0,0.0614709118381143,0.0401785732246935,0.080485467100516,0.0723492748802528,0.723112150328234,0.289605725090951,0.489560822024941,0.415007670060731,1.47655891242903,0.00542740838136524,0.981152984895743,0.107502803206444,0.00702678970992565,0,0,0,0.0125000003026798,0.00964187341742218,0.00534402159973979,0,0.00698486622422934,0.00220022001303732,0.00232828874140978,0,0,0.00219298247247934,0.00922045268816873,0,0.0011019284138456,0,0.0082087367773056,0,0.00815217406488955,0,0.00309957377612591,0,0.00309997424483299,0,0.00251466891495511,0,0.0105461393250152,0,0.00345224398188293,0,0.00827912439126521,0,0.00112013437319547,0.000595770019572228,0.00110926234629005,0,0.818721139454283,0.0274151440244168,0.408083434333093,0.00906148832291365,0.0894220245536417,0.00441501103341579,0.0363180973799899,0.00256739417091012,0.013513513840735,0,0.0546661461703479,0.00060790270799771,0.299483646405861,0.00565291149541736,0.0351993215736002,0.000469483580673113,0.0760279293172061,0.0119617220479995,0.00907166657270864,0.00110650074202567,0,0.00765306106768548
0.000528261996805668,0.0111950736027211,0.0519685037434101,1.36739078676328,0.0292682927101851,15.0995309866266,0.0239570419071242,2.46312043361831,0.0207253880798817,0,0.00115207373164594,0.0179820174816996,0.00338638667017221,0.134396350651514,0.00702062295749784,6.40641695866361,0.0012026458280161,0.0185662717558444,0.00914982869289815,0.026714802137576,0.11348837451078,0.522641517221928,0.120182097656652,0.76839235983789,0.0745762715814635,3.20846707338933,0.0952994246035814,1.26802722830325,0.00762388837756589,0.888421036652289,0.296747956424952,1.7097435266478,0.0114707086468115,0.0166856275172904,0.00660066027194262,0.0156385756563395,0.00498753134161234,0.287128708325326,0.00240818783640862,0.130217033671215,0.00195503421127796,0.33364399545826,0.008026268100366,0.0243084661778994,0.00669856450986117,0.00704225327353925,0.00862745085032657,0.0272058828850277,0,0.00394282909110188,0.000559440581128001,0.00232108309864998,0.00122249394189566,0,0,0.0525059647625312,0.000495662970934063,0.0149887584848329,0.00313725485466421,0.00148148147854954,0.00354735733708367,0.00304259627591819,0,0.00974421459250152,0,0.00614035100443289,0.0171352066099644,0.0329451860161498,0.00305033032782376,0.0128700130153447,0.147531227674335,1.97169814258814,0.00353356904815882,0.699824470560998,0.0203515264438465,0.510280389455147,0.0545144788920879,0.169570263242349,0,0.00192678230814636,0,0.0463231047615409,0,0.938437704928219,0,0.0357142866123468,0,1.38126358343288,0.000576202815864235,0.0344006341765635,0.148606818169355,0.124472567811608
6.68327220890205,0,1.53778004233027,0.00474270811537281,0.0155875303316861,0.00230414746329188,3.15605760435574,0.00471976411063224,0.0839694659225643,0.00115207373164594,0,0,17.3243882723618,0.00225394440349191,2.32162981200963,0,9.52454124612268,0.00305033032782376,0.156921915709972,0.0121515371720307,0.0888485945761204,0.00183823530096561,0.031297019449994,0.023873700411059,0,0.00252047879621387,0.00632511044386774,0.00133511354215443,3.39137706480687,0.00499375769868493,0.118236474459991,0.0141557131428272,0.0818144971854053,0.0187617260962725,0.00806451600510627,0.00339270569384098,0.132352945860475,0.00364963500760496,0.107756071025506,0.00109589041676372,0.14652711385861,0,0.0130010830471292,0,0.00566572230309248,0,0.0186190847307444,0.00145560409873724,0.00498256122227758,0,0.0355259515345097,0,0.0156250005820766,0,0.0490443562157452,0.00945626443717629,2.34063502022764,0.00248077412834391,0.0713731581345201,0,0.40814894560026,0.0020000000949949,0.537823856924661,0.00160578079521656,0.0902814633445814,0.000866551126819104,0.0419877758831717,0.00958016369258985,0.0962405987083912,0.00884955783840269,0.48566413926892,0.026682133669965,1.77056773938239,0.00690846308134496,0.319206497166306,0.00364298722706735,0.252655111486092,0.023999999742955,0.370370363816619,0,1.28659645473817,0.0022975301835686,2.11679577827454,0,0.367563152278308,0,0.1066846747417,0,0.0371534732403234,0,0.0220661987550557,0.0717213074676692
0.00539215718163177,8.09102640557103,0.015107212588191,1.84296229924075,0,0.0139860135968775,0.00623052939772606,5.27677087567281,0,0.0179820174816996,0,0,0.00123190635349602,11.6161198994378,0.000777302775532007,0.603624902199954,0.00408788956701756,5.93819969915785,0.582104925066233,1.48368148494046,0.00876552262343466,0.00738552422262728,0.0596266399952583,0.136220750282519,0,0.00107933080289513,0.00216567399911582,0.0022675737272948,0.00376647833036259,10.573248033761,0.135278518195264,0.434937600977719,0.0650822687894106,0.714431923348457,0.00531208515167236,0.00553633226081729,0.00316122220829129,0.0984293203800917,0.00716112542431802,0.00382592063397169,0,0.00877834693528712,0.00197693577501923,0.0111940299393609,0.00419463089201599,0.00438212096923962,0.0035161743289791,0.00530856009572744,0,0.00430477841291577,0.000516929430887103,0.00277874269522727,0,0.00101936794817448,0.00329055619658902,0.0254105973872356,0.00693000692990609,2.00884335779119,0.00140646973159164,0.0113560458994471,0.000642467057332397,0.0670785531401634,0.000910746806766838,0.405513238685671,0.000930665410123765,0.0155400158837438,0.0213452473981306,0.0471821782412007,0.0981866440270096,0.249999999767169,0.0425316458567977,1.05527637060732,0.00903614424169064,1.28507239313331,0.00727272708900273,0.362170087639242,0.0476885635289364,0.224206362152472,0.00148588407319039,0.16066066455096,0.00132494198624045,0.232123793684877,0,0.114054785633925,0.000386548112146556,0.0894446802849416,0,0.00657277012942359,0.000531208526808769,0.0152221949538216,0.26920031523332,0.0789049927843735
2.72470676666126,0.00124533000052907,2.55667647969676,0.0559440569486469,0.164991334546357,0.0176092106848955,10.7402664441615,0.0298318001441658,3.88096089055762,0.00338638667017221,17.3243882723618,0.00123190635349602,0,0.0134055174421519,13.8172537938226,0.00286615075310692,1.97111418272834,0,0.0889348490163684,0.0104607724933885,0.0655172411352396,0.00433839479228482,0.236563882586779,0.17829051008448,0.0147058826405555,0.0192582031013444,0.0171551113016903,0.0154696137760766,5.44758738263045,0.00828729243949056,0.345471522887237,0.0613458545412868,0.0927835049224086,0.0226687267422676,0.0016280016861856,0.00751252064947039,0.0989820971153677,0.00279622501693666,0.107364076422527,0.00262984889559448,0.0485008803661913,0.000862812798004597,0.0215755144017749,0,0.00779610185418278,0,0.0284584995824844,0.000504413619637489,0.00992555823177099,0,0.060580913501326,0.000522193207871169,0.0388753917068243,0,0.0390977432252839,0.00430828146636486,0.929545425111428,0.00152439018711448,0.0490118603920564,0.0010139417136088,0.245078739244491,0.00186509167542681,0.40610105660744,0.000539374304935336,0.0806451644166373,0,0.0317269082879648,0.00797314307419583,0.0454545439570211,0.00714540889021009,1.04716332443058,0.0482828968670219,2.03397902013967,0.00744752859463915,0.539122974907514,0.00172786181792617,0.408516288152896,0.0168520389706828,0.101872008293867,0,0.855415623402223,0.00042562247836031,2.03299488220364,0,0.497959165659267,0.000705591810401529,0.244625657214783,0.000649139867164195,0.0631891435477883,0,0.0117434510029852,0.0428636561264284
0.00551782693946734,1.48299620789476,0.148226354940562,4.16422293201322,0.00155884644482285,0.105542896839324,0.0457697657402605,7.97091746659135,0,0.134396350651514,0.00225394440349191,11.6161198994378,0.0134055174421519,0,0.0018720748485066,0.716719230636954,0.000772499013692141,0.700872607529163,0.730346596799791,1.46645021508448,0.00599700165912509,0.0100704934448004,0.529732281691395,1.25836915610125,0.00249895878368989,0.028169013094157,0,0.0041736225830391,0.0109522357815877,6.19206317700446,0.403593643568456,1.23435328423511,0.0760320797562599,0.476003349758685,0.00187090737745166,0.000962927297223359,0.00237154145725071,0.0771046426380053,0.00541167357005179,0.000734483997803181,0.0010261673014611,0.00200100056827068,0.000545404967851937,0.00362318835686892,0.00132625992409885,0.00754975958261639,0.00287686998490244,0.00603401014814153,0,0.0013536378974095,0.000888691400177777,0,0,0,0.00381367467343807,0.0264317171531729,0.00362830061931163,0.835463588882703,0.00115074799396098,0.00717043539043516,0.00213618157431483,0.0462387836305425,0,0.372381241584662,0,0.00935745454626158,0.0133018665655982,0.026085001474712,0.0518492917763069,0.129838707682211,0.033755274489522,1.12738371116575,0.00762195093557239,0.617836816585623,0.00996512244455516,0.131262526731007,0.0535913659259677,0.141993957571685,0.0010111223673448,0.0631364593282342,0.00109559029806405,0.228310498641804,0,0.0321790844900534,0,0.109532710222993,0.000840689346659929,0.00651701667811722,0.000454855588031933,0.0165781079849694,0.185751978307962,0.0704375649802387
0.197842548368499,0.000965250947047025,0.505364071548684,0.0294117649900727,2.96698324847966,0.117595434538089,1.59578787436476,0.00284292828291655,18.1503544076113,0.00702062295749784,2.32162981200963,0.000777302775532007,13.8172537938226,0.0018720748485066,0,0.0163410300156102,1.23992835346144,0.000796812761109322,0.00688791502034292,0.000598623184487224,0.172539496561512,0.0220723485108465,0.228660124354064,0.0802547782659531,0.272727272473276,0.213145545625594,0.699623339052778,0.209701118525118,11.0245566808153,0.00882552581606433,0.957069718278944,0.124553745612502,0.0405046492815018,0.00997506268322468,0.00785193534102291,0.0162601622287184,0.457011498336215,0.00457247369922698,0.0582437275443226,0.00168918923009187,2.35131741384976,0,0.0519323664484546,0.00135272240731865,0.00526118016568944,0.00156311062164605,0.0929189356975257,0.00121543603017926,0.0172549017006531,0,0.113362277916167,0.000633713556453586,0.0933393766754307,0,0.179131485696416,0.00114155246410519,0.124620057526045,0.00262352434219792,0.0410124957561493,0.00122286763507873,0.155752211809158,0.00314589077606797,0.0865345733473077,0.00197758729336783,0.167353670811281,0.00140301650390029,0.0325127723044716,0.0122189638204873,0.0149724192451686,0.00658823543926701,2.80728247674415,0.0379355971817859,2.54914065822959,0.00789473700569943,0.256658606696874,0.00975015200674534,0.170668958337046,0.0148277365369722,0.093653725925833,0,1.23786408919841,0.00347826088545844,10.4293782281457,0.00239616609178483,0.724637673556572,0.0016016016015783,1.91106727020815,0.00581636873539537,0.248886675748508,0,0.00649350637104362,0.0276497688610107
0.000925497442949563,0.0365052314009517,0.0386562362546101,0.830899493739707,0.0487132354755886,7.57932245638222,0.0185942728421651,0.852136564761167,0.0173076923238114,6.40641695866361,0,0.603624902199954,0.00286615075310692,0.716719230636954,0.0163410300156102,0,0.0100045473664068,0.397575769806281,0.0316555873723701,0.0913490596576594,0.176288027549163,0.879699242999777,0.150352383032441,0.532689197338186,0.0755842830985785,1.75369930861052,0.0756342746317387,1.52143571665511,0.0151881255442277,15.8935072867898,0.276357822585851,1.06999198615085,0.0429963059723377,0.0850929709849879,0.0251716235652566,0.0367516315309331,0.00373831787146628,1.12267656764016,0.00455166125902906,0.346335188020021,0.00256574735976756,1.10130514809862,0.0347879156470299,0.172484605573118,0.0396039616316557,0.0792393053416163,0.0706416043103673,0.189189185621217,0.000795228639617562,0.0280701764859259,0.00583799555897713,0.0134572251699865,0,0.00544464611448348,0.00121914048213512,0.250792728038505,0.010500984499231,0.059043840796221,0.0123136741458438,0.0123609392903745,0.0166915056761354,0.0446570967324078,0.00328137818723917,0.0313437808654271,0.00669176084920764,0.0539772743359208,0.0861624903045595,0.221838802099228,0.0271673982497305,0.0966507164994255,0.21741091174772,3.77060931548476,0.0170098474482074,4.81069043744355,0.0148423011414707,1.59153170348145,0.0748802796006203,0.663418940384872,0.0100755663588643,0.048284623073414,0.00981294084340334,0.347368410963099,0.000818665546830744,6.10692568594823,0.00332348590018228,0.256451608962379,0,4.47892080247402,0.00199650600552559,0.187717267399421,0.470431874273345,0.0619946077931672
2.84415930509567,0.00907029490917921,0.426560447027441,0.0038610037881881,0.0175548591651022,0.00481058331206441,0.352303520630812,0.00159616919700056,0.0520346910925582,0.0012026458280161,9.52454124612268,0.00408788956701756,1.97111418272834,0.000772499013692141,1.23992835346144,0.0100045473664068,0,0.027455122442916,0.0791311101056635,0.019082568353042,0.0504854379687458,0.00985221704468131,0.00615384604316205,0.00237717916024849,0.00139860145282,0.00132100400514901,0.00132625992409885,0.00561403529718518,5.55008634092519,0.066952790482901,0.0301612053299323,0.0115485563874245,0.257095151115209,0.148148149251938,0.239931447431445,0.687160957604647,0.257857609656639,0.0725652419496328,0.149752472876571,0.0114155246410519,0.17177913710475,0.00583657587412745,0.335311570670456,0.0316104218363762,0.234718825668097,0.0391147728078067,0.243512966553681,0.0269158878363669,0.289555322378874,0.00705645140260458,0.926345615589526,0.0015748031437397,0.470144568476826,0,0.220740740303881,0.0214681434445083,3.36140341113787,0.0318342597456649,0.454291403177194,0.0165725046535954,1.42105260287644,0.0435910758096725,2.13247162755579,0.0198511169292033,0.660773450508714,0.0250559288542718,0.426016250392422,0.285960876499303,0.14568158891052,0.116633537225425,0.382640603813343,0.0399757706327364,1.5728977159597,0.0372596167726442,0.301158295478672,0.0448780488222837,0.494172505103052,0.387596891960129,5.10427009081468,0.0161127895116806,6.85223886021413,0.0240539739024825,3.24060158524662,0.0148305085022002,0.864943137334194,0.0150719341181684,0.197443187702447,0.00670016719959676,0.131932280026376,0.00642742356285453,0.0476190475746989,0.0487264678813517
0.00746826000977308,2.49263919238001,0.00296956195961684,0.188687783695059,0,0.0381640030536801,0.00157697615213692,0.185325258062221,0,0.0185662717558444,0.00305033032782376,5.93819969915785,0,0.700872607529163,0.000796812761109322,0.397575769806281,0.027455122442916,0,0.0616678320802748,0.272575816488825,0.0153139361646026,0.0247869864106178,0.0130459443316795,0.0292857139720581,0.00117233290802687,0.0122905024327338,0,0.00823045242577791,0.039351852145046,15.5065229444881,0.0454752153018489,0.0715268215863034,0.298652705736458,0.499302651034668,0.0595980583457276,0.0694645419716835,0.00871934648603201,0.298863011877984,0.00317124731373042,0.019723866134882,0,0.0168711652513593,0.0060565274907276,0.0351547582540661,0.0180956483236514,0.0360522768460214,0.00791082356590778,0.0271094543859363,0,0.0336283184587955,0.00840777717530727,0.00710227293893695,0,0.00315955770201981,0.0047043010708876,0.0821744656423107,0.0534458498004824,3.01275384257315,0.0496224387316033,0.116001362912357,0.0301639344543219,0.161597825936042,0.0103141113650054,4.67037875507958,0.0143815917544998,0.110712862398941,0.238023197744042,0.43176973296795,0.152866241522133,0.850420205737464,0.147489535971545,0.954852136783302,0.0238465521251783,4.12886613223236,0.0167682920582592,0.833205214235932,0.100401602685452,0.767025088891387,0.0109119251137599,10.5862884283997,0.0223274686723016,6.86458641523495,0.00280636106617749,0.660813317226712,0.00704363122349605,0.451127806445584,0,0.0599903251277283,0.00108049705158919,0.0683291745954193,0.461666677845642,0.0678541138768196
1.20187193897436,0.256238853035029,6.23619064761442,1.25313476618612,0.00313111557625234,0.0160122002125718,0.404724692052696,1.05324847463635,0.00162667746189982,0.00914982869289815,0.156921915709972,0.582104925066233,0.0889348490163684,0.730346596799791,0.00688791502034292,0.0316555873723701,0.0791311101056635,0.0616678320802748,0,8.61655391589738,0.0291457283310592,0.0182278482243419,5.07600947341416,1.59012625459582,0.00251046032644808,0.0040420371806249,0.00162074551917613,0.00503144657704979,0.175824182108045,0.221884488419164,4.11307663016487,2.04537523910403,10.6388557150494,9.22072094399482,0.169252470368519,0.0513068740838207,0.0555776117835194,0.014223626581952,0.0582298147492111,0.00663716811686754,0.05263158143498,0.00301810854580253,0.00109409191645682,0.00484701618552208,0.00465890177292749,0.00344471249263734,0.0098124094074592,0.00550206343177706,0.00069108500611037,0.00203804351622239,0.00356347439810634,0,0,0,0.0185792356496677,0.0114345115143806,0.169696974917315,0.213501416874351,0.0346320332027972,0.0121715081622824,0.0283877874026075,0.0166262551210821,0.00851970165967941,0.051509770215489,0.00577617343515158,0.00187793432269245,0.215483869600575,0.155996395507827,7.19014548143605,1.91413521632785,0.957627153315116,2.30026814545272,0.413318015635014,0.730182899627835,0.156312627252191,0.578337535727769,0.355007473262958,1.27493362984387,0.00305033032782376,0.0174091141670942,0.0120879126479849,0.0402838177978992,0.00283486885018647,0.00912921357667074,0.00483175134286284,0.0277205464662984,0.00168918923009187,0.00290803355164826,0.0123119012278039,0.00468683411600068,1.20806800271384,0.382179270964116
0.0647689789184369,3.50895371485967,0.227011495706392,9.40696981962537,0.000740192423108965,0.0433213007636368,0.0335365860373713,3.42866490012966,0,0.026714802137576,0.0121515371720307,1.48368148494046,0.0104607724933885,1.46645021508448,0.000598623184487224,0.0913490596576594,0.019082568353042,0.272575816488825,8.61655391589738,0,0.0402433306444436,0.0254476906266063,0.808354356558993,1.54282569920179,0.000788332661613822,0.0152613501995802,0.00152963667642325,0.0118483413825743,0.0625182591611519,0.627291219541803,1.1504950853996,1.35126166045666,2.35912083019502,5.79183544684201,0.0369393130531535,0.0171712602023035,0.0585146290250123,0.0672143400879577,0.0947484357166104,0.0125918156700209,0.0230215829797089,0.00936768134124577,0.00210360251367092,0.00174013915238902,0.00761421304196119,0.00590163934975863,0.0116279071080498,0.0126916975714266,0,0.00323519896483049,0.0030191934783943,0.00109679193701595,0,0,0.0499080659938045,0.0395494347321801,0.0816166372969747,1.40059233951615,0.0348837213241495,0.0467836251482368,0.0185519198421389,0.11535925877979,0.0114709847839549,0.206524833105505,0.0082276314496994,0.0167564325965941,0.220971438975539,0.271001529501518,2.84186189901084,4.73394511174411,0.463725864887238,4.41696872748435,0.0753623214550316,2.35799346043495,0.123191789723933,1.56191369751468,0.481048524612561,2.41666665766388,0.000946073792874813,0.0561904755886644,0.013203063281253,0.125332149618771,0.0026945099234581,0.0313856434659101,0.00572197936708108,0.0853080600500107,0,0.0138026219792664,0.0163247299788054,0.00826275558210909,2.31610048748553,0.62985077581834
0.0615287033724599,0.0108843538910151,0.108907773159444,0.0601799799478613,0.142999006435275,1.05860467371531,0.0997861713403836,0.0253164563328028,0.0614709118381143,0.11348837451078,0.0888485945761204,0.00876552262343466,0.0655172411352396,0.00599700165912509,0.172539496561512,0.176288027549163,0.0504854379687458,0.0153139361646026,0.0291457283310592,0.0402433306444436,0,5.48946112953126,0.0435762584675103,0.0661156997084618,0.57482187775895,3.66954633803107,1.16956516401842,1.56989242066629,0.502314818557352,0.102181398309767,1.99101125635207,1.7038723777514,0.0232300884090364,0.0349301396636292,0.0172711571212858,0.0154440151527524,0.156539657153189,0.0874872847925872,0.145914396853186,0.0635738840792328,1.59487184463069,0.113636360038072,0.0104364325525239,0.0308043365366757,0.0123541520442814,0.0236162357032299,0.0250391224399209,0.0325826539192349,0,0.0114613184705377,0.00475866760825738,0.00512295053340495,0,0.00193236710038036,0.0700757596641779,0.0434782617958263,0.0146972364746034,0.0160237387754023,0.00625978060998023,0.00483792944578454,0.0155535223311745,0.00896191201172769,0.0063041765242815,0.00546448107343167,0.0114566286792979,0.0109289613319561,0.025789812207222,0.0533240982331336,0.0254872570512816,0.054288818500936,6.26526719599497,4.19190965173766,0.358685455634259,0.24907062924467,0.142857149243355,1.67048047296703,0.163120562210679,0.301193753723055,0.00954653974622488,0.0148148154839873,0.0181644358090125,0.0127614318626001,0.378335959278047,0.0892307693138719,0.0164822224178351,0.018992351135239,0.075609756167978,0.11305071040988,0.0373502451111563,0.00635727890767157,1.64880955452099,0.552380959969014
0.00318674312438816,0.00547008542343974,0.013915242976509,0.131036434322596,0.084677416831255,7.4169812425971,0.00715307600330561,0.0494443182251416,0.0401785732246935,0.522641517221928,0.00183823530096561,0.00738552422262728,0.00433839479228482,0.0100704934448004,0.0220723485108465,0.879699242999777,0.00985221704468131,0.0247869864106178,0.0182278482243419,0.0254476906266063,5.48946112953126,0,0.0468454852234572,0.119729312718846,0.232164457440376,2.88693746668287,0.125966845080256,9.93187340069562,0.0315236421301961,0.270990162855014,1.41666662180796,1.97235022857785,0.033463470172137,0.043237810372375,0.0106382975354791,0.0556660015136003,0.0313807523343712,1.56198340561241,0.0375123417470604,2.75369878811762,0.00533333327621222,4.00470572290942,0.00764452945441008,0.0425776757765561,0.0180305137764663,0.0373134331312031,0.0178759191185236,0.0501930492464453,0,0.00868935557082295,0.0027331740129739,0.00309757352806628,0,0.00392156885936856,0.00572246080264449,0.241575498366728,0.00531443778891116,0.0178837560815737,0.0031545739620924,0.0116959065198898,0.00829110987251624,0.0135951661504805,0,0.0132231409661472,0.00497100257780403,0.0171568633522838,0.0259151286445558,0.0612600068561733,0.0136467022821307,0.0684326710179448,3.9767667686101,7.27290078706574,0.0590476184152067,0.780395845882595,0.254041568841785,3.08530817180872,0.210242592031136,0.612662949832156,0.00495049497112632,0.0256410264410079,0.0048146364861168,0.0235210270620883,0.0111199367092922,0.7159533072263,0.00094517960678786,0.0233050847891718,0.00496894400566816,1.58754204947036,0.00141693232581019,0.0364100922597572,12.2492207959294,0.833333353511989
0.0614182025310583,0.0282945735380054,7.04428393879789,1.98995839315467,0.403470704855863,0.251289840554819,1.14294604910538,1.25617098016664,0.080485467100516,0.120182097656652,0.031297019449994,0.0596266399952583,0.236563882586779,0.529732281691395,0.228660124354064,0.150352383032441,0.00615384604316205,0.0130459443316795,5.07600947341416,0.808354356558993,0.0435762584675103,0.0468454852234572,0,13.5943214407889,1.46374912338797,0.331214231089689,0.224840767681599,0.162904808996245,0.185410343692638,0.298334186780266,6.55921264743665,4.05824132153066,4.11767625127686,1.32386367581785,0.0843158249044791,0.0401753120240755,0.0219366961391643,0.0112394626485184,0.0227832508389838,0.00591016549151391,0.00842911895597354,0.00601503765210509,0.000462107214843854,0.00251698977081105,0.00326352997217327,0.00335664348676801,0.00435097888112068,0.00835848622955382,0,0.000553097343072295,0.00193723361007869,0,0,0,0.0120036936132237,0.00619469024240971,0.0380647457495797,0.0218246861768421,0.0125694945454597,0.0013995801564306,0.00817067659227178,0.0033717337064445,0.00171969045186415,0.00987654319033027,0.0017431725282222,0.00103439355734736,0.0676437449874356,0.0301487862598151,0.137872817576863,0.15791149251163,0.373929014662281,1.50289362756303,0.127853887388483,0.24332524498459,0.0584707661764696,0.0692510372027755,0.182198321272153,0.222423699684441,0.00151572562754154,0.00533333327621222,0.00278293137671426,0.00991866691038013,0.0114481966011226,0.0136363632045686,0.00402041114284657,0.00865080690709874,0.0019736842950806,0.00584282795898616,0.00395413197111338,0.00111815129639581,0.111111109959893,0.215384608658496
0.0210888749861624,0.0635994575859513,2.10019266829477,11.9251483611006,0.410235906019807,1.16621251776814,0.669822922500316,2.95606632195995,0.0723492748802528,0.76839235983789,0.023873700411059,0.136220750282519,0.17829051008448,1.25836915610125,0.0802547782659531,0.532689197338186,0.00237717916024849,0.0292857139720581,1.59012625459582,1.54282569920179,0.0661156997084618,0.119729312718846,13.5943214407889,0,0.496575338765979,0.659504132461734,0.0447390232002363,0.123552127741277,0.111731848446652,0.710754009196535,3.89183456485625,5.27854857413331,0.983040541468654,0.44196683523478,0.0337674870388582,0.0159045718610287,0.0421906695701182,0.0298748480272479,0.0261697063688189,0.00526711798738688,0.00530785589944571,0.00827300921082497,0.00333148241043091,0.00985525082796812,0.00338868179824203,0.00210600206628442,0.00762239843606949,0.0106115608941764,0,0,0.00180342653766274,0.000580383057240397,0,0,0.0160843040212058,0.011070110835135,0.0114379086298868,0.0530427635530941,0.0041043683886528,0.00280820007901639,0.00326086941640824,0.0112954461947083,0.000723850913345814,0.0324909755727276,0.00368188513675705,0.00254695955663919,0.0274151428020559,0.026471929915715,0.0431400291272439,0.0935817809659056,0.383949649054557,3.74579588416964,0.0953497479204088,0.685603112680838,0.0998970180517063,0.147074057487771,0.299008399713784,0.340689113363624,0.00313643482513726,0.00842548720538616,0.0033463470172137,0.0380069529055618,0.00578034669160843,0.0443808148847893,0.00104511409881525,0.0196783345891163,0,0.0400444952538237,0.00831024942453951,0.00517241377383471,0.226229516440071,0.511885001440533
0.00168871373170987,0,0.25272575346753,0.0187057637958787,1.99857858289033,0.543728816439398,0.0490344969148282,0.00456053068046458,0.723112150328234,0.0745762715814635,0,0,0.0147058826405555,0.00249895878368989,0.272727272473276,0.0755842830985785,0.00139860145282,0.00117233290802687,0.00251046032644808,0.000788332661613822,0.57482187775895,0.232164457440376,1.46374912338797,0.496575338765979,0,3.25339372234885,7.60757551668212,1.22231204342097,0.0545112795662135,0.0401493932004087,3.54351588850841,0.651135706808418,0.0244565221946687,0.00332778692245483,0.00204290100373328,0,0.0058351568877697,0.0115690529346466,0.00140056025702506,0.00255754473619163,0.00253164558671415,0.0190476197749376,0,0,0.00107700587250292,0.00227920222096145,0.00172637030482292,0.00241254520369694,0,0,0,0,0,0,0.000796178355813026,0.00370370369637385,0.00157811678946018,0.000530503981281072,0.00258955545723438,0,0,0,0,0,0.00123304559383541,0.000977039569988847,0.00285551126580685,0.00425790750887245,0.00230680499225855,0.00302800908684731,0.3784530533012,0.143540664575994,0.0791808862704784,0.0392953937407583,0,0.0406212650705129,0.0013089005369693,0.00671591667924076,0,0,0.0032102728728205,0.00186277547618374,0.00716845854185522,0.0211764697451144,0.00215192601899616,0.00238606531638652,0.00327868852764368,0.0286961939418688,0,0.00169204745907336,0.00271739135496318,0.00279720290564001
