0,0.0620479642238934,7.87749786293716,0.0793650763807818,0.0123022848274559,0.00347725313622504,7.88559796666959,0.0511571278329939,0.0196195003227331,0.000583771150559187,7.60126916208537,0.0334040314774029,2.13408311206149,0.0252277505351231,0.336788879125379,0.00558375648688525,4.17285368742887,0.0295890412526205,2.79411765470286,0.370253885630518,0.0179993074852973,0.00207253888947889,0.0887550219194964,0.0318045631865971,0,0.00180559727596119,0.0018110474338755,0.000608642701990902,5.1906387291383,0.0554730053991079,0.569451858755201,0.0483740953495726,2.78890235640574,0.419243995856959,0.0854304649983533,0.0210669394000433,0.370740298531018,0.0093539897352457,0.167009703349322,0.0245153927244246,0.399016525130719,0.000694444461259991,0.0151654412329663,0.000489236786961555,0.00681163190165535,0.000525210110936314,0.0586427062517032,0.0102954339818098,0.00587293127318844,0,0.0451824683113955,0,0.0123456786386669,0,0.0471320588258095,0.0530204249080271,16.4630048986874,0.0331292755436152,0.39257170210476,0.00275229359976947,2.16910638462286,0.00541711808182299,1.35627085552551,0.00480538205010816,0.395763667183928,0.00249003991484642,0.321441834967118,0.034042552113533,4.23602468543686,0.280334736453369,1.23251750977943,0.12200817046687,4.86846738919849,0.0726653411984444,0.798615928622894,0.0318449286278337,0.865815646480769,0.0992867359891534,0.194864582794253,0.00421496329363436,1.30627799086506,0.00783545547164977,0.458820316242054,0.0032214765669778,0.870628328237217,0.00301659115939401,0.0566676922608167,0.00226308335550129,0.12120007595513,0.00221279729157686,0.0637535839923657,0.100864550331607
0.0620479642238934,0,0.0351473927730694,4.89866277115652,0,0.0257562149781734,0.0095709040760994,4.20910789244226,0,0.0108630051836371,0.00775193783920258,6.00163956295,0.00443262397311628,0.871192148886621,0.00208170688711107,0.0757575739407912,0.0287769790738821,2.52515556500293,0.295302017359063,3.03480063797906,0.0309686706168577,0.0150916280108504,0.01561216119444,0.018452803225955,0,0.00622858933638781,0.000624804757535458,0.0056710772914812,0.0611528804292902,1.28273055842146,0.0943499768618494,0.0997506198473275,0.274237556383014,2.41758757337811,0.0392022011219524,0.0148357475409284,0.02916160505265,0.176488370401785,0.0200668899924494,0.0206124861142598,0.0204753205180168,0.0122832367196679,0.00518867932260036,0.0150905427290127,0.00539811095222831,0.00541125540621579,0.0145737189450301,0.0211202937061898,0,0,0.00315768690779805,0,0.00121580541599542,0.00179694523103535,0.0109439122024924,0.0890868599526584,0.0947577003098559,13.110253326071,0.0294543707568664,0.0936911470198538,0.0201567745534703,0.698882661061361,0.0120274919900112,0.787160492269322,0.0109321059426293,0.154713106108829,0.073244782310212,0.531039923720527,0.282372612913605,1.83797162468545,0.128313255670946,0.603500287979841,0.0340012130327523,1.38024045526981,0.00935925100930035,0.409794734441675,0.155874601216055,0.846448537427932,0.00292932987213135,0.29908593185246,0.00643974222475663,1.04306030133739,0.00504625722533092,0.06255189597141,0.00661417332594283,0.389752362621948,0,0.027461291407235,0.0109733793942723,0.113726225914434,0.373880599974655,0.105855858419091
7.87749786293716,0.0351473927730694,0,0.807679153978825,3.17323282349389,0.258526797930244,18.2906996849924,0.856191338389181,0.492063477169722,0.123556581209414,2.13584466034081,0.0855643041431904,3.50278862155392,0.256077789730625,0.619584248692263,0.0522875846363604,0.289156624116004,0.00867678970098495,11.7454880484729,0.822454868175555,0.0368978491751477,0.0129560172790661,5.98047039165976,1.65912728093099,0.358374378061853,0.147575126029551,0.364667279529385,0.22503009007778,1.88647338174633,0.132482826593332,6.67281321133487,0.512902349932119,7.78484361455776,0.286168512830045,0.151079130358994,0.00738007400650531,0.290528754703701,0.00636021961690858,0.0883977860212326,0.0146644113119692,0.128942807670683,0.000685400969814509,0.00364464684389532,0.00145419288310222,0.0274967574514449,0,0.0224982420913875,0.00621393712935969,0.00211416487582028,0,0.0145677592954598,0,0.00348837208002806,0,0.0176366837695241,0.0249999999068677,0.898088067770004,0.0103719602047931,0.126281456381548,0.000454752153018489,0.131310944067081,0.000536193023435771,0.0840197704383172,0.00476190471090376,0.0435741842957214,0.000986679806374013,0.20516604767181,0.00921658985316753,0.607324242591858,0.0768321513896808,1.63746399467345,0.528868356952444,1.91173050203361,0.178039885009639,0.368169388792012,0.041680903697852,0.561324704904109,0.0925769102759659,0.0194376958534122,0.00207972270436585,0.148955091572134,0.00661092731752433,0.128598337527364,0.0015944725018926,0.090153844532324,0.000666111591272056,0.0103500765981153,0.00391827576095238,0.0256359700870235,0.00146493315696716,0.0720848038326949,0.100213221972808
0.0793650763807818,4.89866277115652,0.807679153978825,0,0.0426638938952237,3.50888950569788,0.333871672279201,19.9502719462616,0.0305745918303728,1.307572682912,0.0272073931409977,1.52831988883554,0.162247721746098,2.47336015017936,0.0469783339649439,0.59954234486213,0.0123775145038962,0.210294130083639,0.873992351116613,7.01126820713398,0.110274179081898,0.0751879706513137,1.89168203511508,10.1245545677375,0.0598901126650162,0.914468457223848,0.0438151196576655,0.302475773612969,0.0988526046276093,0.859444923698902,2.60124163219007,3.3649723122362,0.398251375328982,1.24963501165621,0.0510144904255867,0.00474355183541775,0.0699008834781125,0.0612827844452113,0.0647350538056344,0.0182833930011839,0.0537076592445374,0.0157099703792483,0.00250941031845286,0.00708277989178896,0.00141276192152873,0.00235960353165865,0.0193174500600435,0.0175581875373609,0.000478927191579714,0.000469373393571004,0.000713139597792178,0,0.00208768271841109,0.00051533110672608,0.0284090908826329,0.0441176477470435,0.0361070065991953,0.333221931650769,0.0064047820342239,0.00668058451265097,0.00479328946676105,0.108685106039047,0.00594943016767502,0.0666376313602086,0.00298656045924872,0.0301394521666225,0.0261527878465131,0.060714285064023,0.176627150067361,0.446504238119815,0.319005702156574,2.27852709084982,0.096976017463021,1.49304319440853,0.0391566273174249,0.441699307470117,0.335777501109987,0.915374864533078,0.00244424073025584,0.0585901737213135,0.00490797555539757,0.185727191332262,0.00535410060547292,0.0563176909927279,0.00464306445792317,0.0809754590154625,0.00163176498608664,0.0282471626996994,0.0219659524736926,0.0242610624409281,0.525760420190636,0.381784145487472
0.0123022848274559,0,3.17323282349389,0.0426638938952237,0,0.308205478009768,0.345902016852051,0.021230502607068,5.58781862142496,0.0271370424889028,0.0145310440566391,0,0.139221562072635,0.000858737679664046,3.84223665017635,0.0372233387315646,0.00534759368747473,0,0.0145797602599487,0.00160064024385065,0.143009601626545,0.0381760359741747,1.08190228021704,0.156682027503848,1.51192371197976,0.449307080358267,2.36296837683767,1.10644680610858,1.03813955700025,0.0172579101053998,3.74972318741493,0.143583951983601,0.0884632903034799,0,0.00374531839042902,0,0.0537190090399235,0.00544588174670935,0.0579710123129189,0.00385604111943394,0.437988813966513,0.00215517240576446,0.000833333353511989,0,0.00214477209374309,0,0.00351339485496283,0.000794912572018802,0.00111482723150402,0,0.00123954133596271,0,0,0,0.00314218387939036,0.00226415094221011,0.00754513579886407,0,0.00173761951737106,0,0.00304761901497841,0,0.0036319614155218,0,0.00366748182568699,0,0.00233236141502857,0.0012430080678314,0.00228440901264548,0.00143472023773938,2.68378384876996,0.0366350073600188,0.365887210471556,0.0229153395630419,0.0597014939412475,0,0.0356007618829608,0.00257566012442112,0.00448933802545071,0,0.0279106854577549,0.000634316529612988,0.522293006186374,0.00338409491814673,0.0235033266653772,0.000996264046989381,0.0880308863706887,0.00631711911410093,0.0110353777417913,0.000576202815864235,0.00714285741560161,0.00242718448862433
0.00347725313622504,0.0257562149781734,0.258526797930244,3.50888950569788,0.308205478009768,0,0.116883116250392,1.29292931035161,0.327122140908614,16.3560554523719,0.0038684718310833,0.0506192760076374,0.0546327078482136,0.147083684569225,0.0705882394686341,8.19061726774089,0.00521852588281035,0.0449567728210241,0.0270156189799309,0.0575709790573455,2.40246414905414,7.7183670126833,0.51484502007952,1.51485153241083,1.26949804555625,20.5738642495126,1.81688130483963,20.876732555218,0.074074073927477,2.52755532524316,3.88931089639664,9.04208205116447,0.0565022405935451,0.0367346938583069,0.0144796380773187,0.0116731517482549,0.017461383366026,0.856573730707169,0.0255720049608499,2.26114252593834,0.0128755364567041,2.8207255078014,0.00902749277884141,0.0193281181273051,0.0031545739620924,0.012678287923336,0.019014693563804,0.0791226032888517,0,0.00104384135920554,0.000612745119724423,0,0.00134498986881226,0.00260416674427688,0.00464576063677669,0.569408262963407,0.00373532541561872,0.0142896407051012,0,0.000817995925899595,0.00300525920465589,0.00225098477676511,0,0.00356030254624784,0.00119545729830861,0.00285578303737566,0.00576867605559528,0.0596006132545881,0.00894854590296745,0.0531097131315619,1.66644689254463,7.91396419436205,0.0469483551569283,2.88308450998738,0.0369230755604804,1.2238193443045,0.150310556171462,0.602515713660978,0.00215517240576446,0.00858369097113609,0.00392927322536707,0.0576802515424788,0.00907029490917921,1.17900547105819,0.00219925219425932,0.131786779558752,0.00300300307571888,3.12469149916433,0.00256574735976756,0.116875709500164,1.50285058654845,0.315911723300815
7.88559796666959,0.0095709040760994,18.2906996849924,0.333871672279201,0.345902016852051,0.116883116250392,0,0.33838848702726,1.66476363214315,0.0662013080727775,5.6585584472632,0.0150407353648916,13.0423832872475,0.0653323262231424,1.85915486421436,0.023007063951809,0.29755769087933,0.00471596993156709,0.963578043098096,0.177460663398961,0.0184426219202578,0.00460358062991872,1.37781479104888,0.633918584266212,0.084260355506558,0.0539419089036528,0.0734750471601728,0.05022087902762,2.68086774967378,0.0308727485826239,1.49926672549918,0.170185814931756,0.962403097189963,0.0832713758572936,0.031226767168846,0.00454775139223784,0.13396695884876,0.000901713268831372,0.0901268132729456,0.0132655317429453,0.0813050247379579,0,0.00409912422765046,0,0.00248344370629638,0,0.0274599550757557,0.0043771656928584,0.00336063862778246,0,0.00839522102614865,0,0.00362236821092665,0,0.0188645026646554,0.024568275664933,0.545372877619229,0.00334906385978684,0.0432719690725207,0.000372093025362119,0.237124469509581,0.000849798147100955,0.138125136552844,0.000772648258134723,0.0512709096074104,0.000397535273805261,0.044395811506547,0.00258690374903381,0.09749894059496,0.0307268980541267,1.4832471528207,0.157622162078042,2.16150189307518,0.0445130025036633,0.424071718705818,0.0107581961201504,0.620264332741499,0.0380530972033739,0.0300673918100074,0.00103573279920965,0.286027406371431,0.00163398697623052,0.229228795855306,0.00126582279335707,0.215059516718611,0.000572901742998511,0.0183012673223857,0.000439560448285192,0.0307539673231076,0.0012426219182089,0.0346729721641168,0.0664732289733365
0.0511571278329939,4.20910789244226,0.856191338389181,19.9502719462616,0.021230502607068,1.29292931035161,0.33838848702726,0,0.0113885240862146,5.11235965590458,0.0239931447431445,4.05830312348553,0.135255748755299,11.1417105073633,0.0135737827804405,2.57681838411372,0.00731182791059837,0.262572138686664,1.23368579149246,3.83336294835317,0.0596431224839762,0.0400292897247709,1.88417987711728,2.89153581220307,0.0126926563680172,0.255469618423376,0.0115171652869321,0.103386806789786,0.0652337869687472,1.49732824915554,3.2935483364854,3.65752594621154,0.383018523454666,1.16364289433113,0.0345807669800706,0.00868516304763034,0.035605730721727,0.0549426771176513,0.0391049310564995,0.0135881099849939,0.0321066917967983,0.00685938238166273,0.00324090739013627,0.00378071825252846,0.0023909144802019,0.000798403169028461,0.00994292000541463,0.0088183420302812,0.00080840743612498,0.000397377298213542,0.00094029150204733,0,0.000434404879342765,0,0.0171929830976296,0.0344589934684336,0.0268026208505034,0.470396694669034,0.00953079177998006,0.00898957223398611,0.00484512886032462,0.155292197014205,0.00332917179912329,0.102535419136984,0.00375782878836617,0.0371789969794918,0.0288578383333515,0.0756434409704525,0.106422018347075,0.300351795420283,0.297798877581954,2.6045808661147,0.064670139370719,1.15809526992962,0.023949169088155,0.269860685337335,0.321980112086749,0.458890999434516,0.00148331274976954,0.107680904795416,0.00494524918030947,0.365625493315747,0.00450727311545052,0.0446519171237014,0.00339248441741802,0.147858832206111,0.000449539220426232,0.0316656121867709,0.0118684843182564,0.0449811311846133,0.253380074515007,0.330316760635469
0.0196195003227331,0,0.492063477169722,0.0305745918303728,5.58781862142496,0.327122140908614,1.66476363214315,0.0113885240862146,0,0.0252808991353959,0.154371580458246,0,3.13424876128556,0.00175515573937446,23.8197644427419,0.0402476799208671,0.0705394208198413,0.00121359224431217,0.0035056967753917,0.00244997965637594,0.11273956624791,0.0380739094689488,0.347884483984672,0.142062471015379,0.514900661772117,0.346707040444016,1.21739134169184,0.735202468931675,3.43428567750379,0.0206286844331771,2.37471536092926,0.143106463481672,0.0345310319680721,0.0025391451199539,0,0,0.0413694733288139,0.00281888642348349,0.0171551113016903,0.00398406386375427,0.0260355027858168,0.00227790442295372,0.00255319144343957,0,0.0011019284138456,0,0.0116748993168585,0,0,0,0.00440667290240526,0,0.00714285706635565,0,0.0168269232963212,0.00307692307978868,0.0229445497971028,0,0.00355239794589579,0,0.0062135923653841,0,0.00998751539736986,0,0.00504413619637489,0,0.00355029583442956,0,0.00470311567187309,0,3.09370641363785,0.0505617982707918,1.17663817061111,0.0223537156125531,0.229729735292494,0.00901916529983282,0.161523312097415,0.00532268779352307,0.0261593337636441,0,0.0903173302067444,0.000644537562038749,0.722719127777964,0.00464306445792317,0.0461883395328186,0.000504413619637489,0.0851405640132725,0.00260926294140518,0.0191355982096866,0.000584624358452857,0.00759493676014245,0.0439276497345418
0.000583771150559187,0.0108630051836371,0.123556581209414,1.307572682912,0.0271370424889028,16.3560554523719,0.0662013080727775,5.11235965590458,0.0252808991353959,0,0.00524246413260698,0.0272925768513232,0.0335320419981144,0.639043122529984,0.0178660056553781,10.6840005074628,0,0.0198830406880006,0.0221842996543273,0.0477897247765213,0.229715480469167,0.441884821280837,0.326973698218353,0.784493518585805,0.114960629492998,2.17353582009673,0.116533143445849,1.56612181314267,0.0175763182924129,0.79027646931354,1.01540153601673,3.43290297326166,0.0199546488001943,0.0115463915280998,0.00925925909541547,0.00997008988633752,0.00683060090523213,0.162052670493722,0.00821355264633894,0.0841836717445403,0.00661521521396935,0.268085097894073,0.000829187396448106,0.00931098707951605,0.00106553011573851,0.00428265519440174,0.00349497608840466,0.0229430385516025,0,0,0,0,0,0,0.000781860842835158,0.0683696469059214,0.00107440236024559,0.00885445531457663,0.000864304252900183,0,0,0.00342465739231557,0.0024038462433964,0.00360036012716591,0,0.00289017346221954,0.00406740256585181,0.0154798763105646,0.00567214970942587,0.0156472260132432,0.274798936443403,2.09017493179999,0.0163710778579116,1.04485150147229,0.0147368414327502,0.297154887579381,0.0820189260412008,0.144408943131566,0,0,0,0.0290679292520508,0.00230017257854342,0.416806741151959,0,0.0367519232677296,0,0.640752359526232,0.000646621396299452,0.0252655763179064,0.12206572946161,0.145933008985594
7.60126916208537,0.00775193783920258,2.13584466034081,0.0272073931409977,0.0145310440566391,0.0038684718310833,5.6585584472632,0.0239931447431445,0.154371580458246,0.00524246413260698,0,0.0074786328477785,15.8370041748276,0.0176396465976723,2.8311434960342,0.000980392214842141,7.81912165274844,0.0011428571306169,0.303691276581958,0.0980007826001383,0.0505561183672398,0.00402010045945644,0.0779220764525235,0.048380485153757,0.00152671756222844,0.00281096273101866,0.00849256874062121,0,4.66030894417781,0.0112254442647099,0.339074265793897,0.0384404178475961,0.152338530519046,0.0324543612077832,0.0142857143655419,0.00383509113453329,0.162234037416056,0.00394477334339172,0.129247171804309,0.0136815917212516,0.310454076854512,0,0.0114192496985197,0,0.00208659353666008,0,0.0446543593425304,0.00700934557244182,0.00650054169818759,0,0.0256175670074299,0,0.0252995995106176,0,0.0484988437383436,0.0199851954239421,3.32128622144228,0.00328407227061689,0.0781648233532906,0,0.445274574216455,0.00111607147846371,0.646713624359109,0.000884173321537673,0.114928914234042,0,0.0183802414685488,0.00489296624436975,0.0687742654699832,0.0428769028512761,1.11879897280596,0.0865006581880152,3.05046489834785,0.0147874304093421,0.709090941119939,0.00404448946937919,0.619076911942102,0.0398753881454468,0.267232251819223,0.00211193249560893,1.47890627203742,0.0018720748485066,2.56323772016913,0.00219178083352745,0.42262165970169,0,0.108389015775174,0.00122324156109244,0.0689435068052262,0,0.0403587464243174,0.11872145626694
0.0334040314774029,6.00163956295,0.0855643041431904,1.52831988883554,0,0.0506192760076374,0.0150407353648916,4.05830312348553,0,0.0272925768513232,0.0074786328477785,0,0.0105610564351082,10.7309267021483,0.0025412961258553,0.741687990375794,0.0151024805381894,7.45622567919781,0.744981416151859,2.15470777940936,0.0540540530346334,0.0230591848958284,0.038393386057578,0.0772313304478303,0.00123762374278158,0.00462695211172104,0,0.00591016549151391,0.0358851670171134,10.4009821795626,0.400184848054778,0.585801605775487,0.210113677894697,1.03572715510381,0.0238429170567542,0.0148257974069566,0.0364640867337584,0.0875752605497837,0.0597675733733922,0.00940438848920166,0.0399042299250141,0.0139968898147345,0.00290065258741379,0.0152365677058697,0.00449842569651082,0.0099367662332952,0.0136622391873971,0.0173973559867591,0.00185873603913933,0.000894054537639022,0.00111576006747782,0.000759301416110247,0.00110619468614459,0.00107700587250292,0.0158402206143364,0.0445478709298186,0.023101499362383,1.31212127138861,0.0120300753042102,0.0187997110188007,0.00938652385957539,0.292659681639634,0.00696517445612699,0.259345786180347,0.00300902710296214,0.0619322890997864,0.0385427680448629,0.106263982597739,0.175438601872884,0.66666663903743,0.198041343828663,1.56222709896974,0.0375275937840343,3.23276302288286,0.0200617285445333,0.606949795503169,0.189539102255367,0.753532173112035,0.00320256198756397,0.379888268886134,0.00558269349858165,0.760467093496118,0,0.16893477528356,0.00164338538888842,0.171049625554588,0,0.0206079334020615,0.0116312876343727,0.0543222771957517,0.684474103618413,0.289340095594525
2.13408311206149,0.00443262397311628,3.50278862155392,0.162247721746098,0.139221562072635,0.0546327078482136,13.0423832872475,0.135255748755299,3.13424876128556,0.0335320419981144,15.8370041748276,0.0105610564351082,0,0.0288216998451389,12.2732648950769,0.0100062536075711,1.77457500318997,0.00206327374326065,0.238283451180905,0.0614720948506147,0.036329761845991,0.00278680905466899,0.509674362838268,0.306366414995864,0.0275526738259941,0.0224719098769128,0.0264488528482616,0.0172955968882889,5.39285734877922,0.0182038836646825,0.750663117039949,0.101376300677657,0.166323825716972,0.0303615789744072,0.0201931523624808,0.00181735574733466,0.15326821943745,0.000746547244489193,0.0902594975195825,0.012292118743062,0.142517813947052,0,0.011080332333222,0,0.00195121957222,0.000652315735351294,0.0476053893216886,0.00644122366793454,0.00599201041040942,0,0.0265945452265441,0,0.0210526317823678,0,0.0484558031894267,0.035751296847593,0.66978256450966,0.00166251044720411,0.0489749450935051,0.00165837473468855,0.216427650593687,0.00135593221057206,0.327044022968039,0.00116959062870592,0.0674631055444479,0,0.0163793102838099,0.0049683831166476,0.0283687933115289,0.0176651305519044,1.88921933976235,0.11624441226013,3.05780788185075,0.0251708022551611,0.619180640787818,0.00652072648517787,0.740927070437465,0.0354686947539449,0.116135176853277,0.00190023751929402,0.864981141407043,0.000458400172647089,1.80524352029897,0.00268186395987868,0.401748267322546,0.00191387560334988,0.110179637325928,0.00214822764974087,0.0671172221191227,0.00128177739679813,0.0360975610092282,0.0757128837285563
0.0252277505351231,0.871192148886621,0.256077789730625,2.47336015017936,0.000858737679664046,0.147083684569225,0.0653323262231424,11.1417105073633,0.00175515573937446,0.639043122529984,0.0176396465976723,10.7309267021483,0.0288216998451389,0,0.00418118457309902,1.439579729049,0.0067710536532104,0.555945439846255,0.882150694087613,1.65062384633347,0.0399113078601658,0.0198895018547773,0.378947371034883,0.645974172570277,0.00376470596529543,0.0411081326892599,0.00179533218033612,0.0172648795996793,0.0238647661171854,6.63934970553964,1.41638611030066,1.55538693652488,0.210457522538491,0.517682927311398,0.0217054254608229,0.00645855744369328,0.0301854257122613,0.0393835613504052,0.0362694299547002,0.00742880743928254,0.0329171412158757,0.00557103077881038,0.00122436485253274,0.0059940058272332,0.00073206442175433,0.00146896799560636,0.00763358781114221,0.00886786845512688,0.000751597166527063,0,0.000977039569988847,0,0,0,0.0111339000868611,0.0164913283661008,0.0117955442983657,0.362049681280041,0.00315556972054765,0.00427480909274891,0.00630011485191062,0.113540468737483,0.00238189764786512,0.113747158320621,0.00319616449996829,0.0177413849160075,0.0181521990161855,0.0401468804338947,0.0855614999309182,0.207872624741867,0.155943753314205,2.02477566897869,0.0422231794218533,1.55373257165775,0.0421052628662437,0.262749443412758,0.200000000186265,0.321487603418063,0.00113765639252961,0.097616349812597,0.00237037031911314,0.220895532751456,0.00154202000703663,0.0295454536098987,0.0022317276452668,0.0688242518808693,0,0.0130612244829535,0.0116514696856029,0.0165975104318932,0.276508497074246,0.311058530700393
0.336788879125379,0.00208170688711107,0.619584248692263,0.0469783339649439,3.84223665017635,0.0705882394686341,1.85915486421436,0.0135737827804405,23.8197644427419,0.0178660056553781,2.8311434960342,0.0025412961258553,12.2732648950769,0.00418118457309902,0,0.0102807431248948,1.24791355303023,0.00178651185706258,0.0264531847788021,0.00789473718032241,0.671177240088582,0.0323450127616525,0.214625939202961,0.0976775929448195,0.250138962292112,0.0669456049799919,1.10410088673234,0.124800001387484,13.0152356391773,0.0015226494288072,2.12952699197922,0.0727272746153176,0.049743965966627,0.00947867275681347,0.012430080678314,0.00130548304878175,0.959357756655663,0.00597014953382313,0.189949746709317,0.00476871733553708,3.56824506470002,0.00408441131003201,0.0340020400471985,0,0.00831255223602057,0,0.0894251251593232,0.00196270854212344,0.0111349033541046,0,0.0674097699229605,0,0.0753390253521502,0,0.155490771867335,0.00940144120249897,0.197083723527612,0.000965483952313662,0.0471333106397651,0.00067819602554664,0.0934933628886938,0,0.0766073854174465,0,0.0964630243834108,0,0.0120876347646117,0.00532056379597634,0.0095986039377749,0.0124031002633274,5.78327528061345,0.0764268019702286,3.44561393500771,0.0227272734045982,0.455713308881968,0.00676589959766716,0.362346262671053,0.0152817573398352,0.245810048654675,0.00139275763649493,1.44506398058729,0,12.175484640291,0.00432152126450092,1.00574143056292,0.000438981573097408,1.77450976136606,0.00659133697627112,0.549972371896729,0.000498504494316876,0.0115858074277639,0.0717948732199147
0.00558375648688525,0.0757575739407912,0.0522875846363604,0.59954234486213,0.0372233387315646,8.19061726774089,0.023007063951809,2.57681838411372,0.0402476799208671,10.6840005074628,0.000980392214842141,0.741687990375794,0.0100062536075711,1.439579729049,0.0102807431248948,0,0.00989119638688862,0.324640295177232,0.0664800574304536,0.167272724385839,0.676691704429686,2.00136154191568,0.138435563771054,0.431857187650166,0.11547085782513,1.47390618547797,0.18018017639406,2.34516133891884,0.0440956651000306,13.721286803484,0.698113226564601,1.89716781186871,0.0331004054169171,0.0741748871514574,0.0238393974723294,0.0435069204540923,0.0141557131428272,1.04561400471721,0.0131645570509136,0.589817465748638,0.0126671354519203,1.39889959793072,0.037593983579427,0.0871525169350207,0.0158929320168681,0.0293870692257769,0.0485194420907646,0.269559511798434,0.000862068962305784,0.0041580043034628,0.00106581405270845,0,0,0.00691358023323119,0.00390625011641532,0.423173787072301,0.0075525133870542,0.0557170540560037,0.0028288543689996,0.014996592188254,0.00444303406402469,0.015004413202405,0.00275482091819867,0.0146198831498623,0.00277520815143362,0.01621621591039,0.0348837216733955,0.191773513739463,0.0351339485496283,0.120833339635283,0.883349963929504,4.60600021877326,0.0303030316717923,5.6080115865916,0.0136612018104643,1.28913187328726,0.13339685392566,1.31697934231488,0.00423429789952934,0.0351864873664454,0.00461437035119161,0.406088597432245,0.00266311591258273,5.2335799112916,0.00277998417732306,0.446597655827645,0.00219659530557692,3.86344250827096,0.00443581910803914,0.199149364838377,0.773060029372573,0.168888888554648
4.17285368742887,0.0287769790738821,0.289156624116004,0.0123775145038962,0.00534759368747473,0.00521852588281035,0.29755769087933,0.00731182791059837,0.0705394208198413,0,7.81912165274844,0.0151024805381894,1.77457500318997,0.0067710536532104,1.24791355303023,0.00989119638688862,0,0.0692840642295778,0.0972104811808094,0.0631662039086223,0.0205973233096302,0.00409416574984789,0.024167209980078,0.0132176782935858,0.0015479875728488,0.00284697511233389,0.00143369170837104,0,6.4844322600984,0.116981133818626,0.0804347789380699,0.0155296728480607,0.721149550110567,0.274621990509331,0.506352088646963,0.421463415026665,0.442799454322085,0.0838323327479884,0.0741739745717496,0.0113207545364276,0.191603870829567,0.00207900209352374,0.157764997333288,0.0221198159269989,0.0758293848484755,0.0275132278911769,0.167892683879472,0.0329411759739742,0.125820570392534,0,0.361852193600498,0.00086580088827759,0.145552557427436,0.00130463147070259,0.140310076996684,0.0484351717750542,6.38825099798851,0.089658965531271,0.940924650523812,0.039312039501965,2.50846186856506,0.0642615527613088,3.33451965486165,0.0249554361216724,1.90179644105956,0.0343183991499245,0.72632794000674,0.509840088489,0.32717088283971,0.341736702714115,0.498018509941176,0.0543766568880528,2.25672042800579,0.0847351998090744,0.368312746053562,0.0164778586477041,0.976975762168877,0.417139240773395,5.83567581698298,0.0344456396996975,11.0039339993382,0.0677753377240151,4.16467904369347,0.0154952968005091,1.13116195076145,0.0296369462739676,0.201655374374241,0.00247371685691178,0.170144468429498,0.0131241087801754,0.0434782588854432,0.0745920762419701
0.0295890412526205,2.52515556500293,0.00867678970098495,0.210294130083639,0,0.0449567728210241,0.00471596993156709,0.262572138686664,0.00121359224431217,0.0198830406880006,0.0011428571306169,7.45622567919781,0.00206327374326065,0.555945439846255,0.00178651185706258,0.324640295177232,0.0692840642295778,0,0.0872274115681648,0.516270581632853,0.0545609556138515,0.0152671756222844,0.0122549023944885,0.00914982869289815,0,0.00622277555521578,0,0.00509554147720337,0.098910310654901,18.169681787258,0.0411361400038004,0.0668329152977094,0.199258950422518,0.474896199651994,0.142638033488765,0.10268948378507,0.0236966833472252,0.167741941986606,0.00593471806496382,0.0145089292200282,0.0141467731446028,0.0120274915825576,0.0136570560280234,0.0354131539352238,0.0133269875077531,0.0325047798687592,0.0159172306302935,0.0268895347835496,0.00295566511340439,0.00283687940100208,0.00577533908654004,0,0,0.00345821329392493,0.00143781455699354,0.0658350644516759,0.0709399580955505,3.88327240780927,0.0591016549151391,0.10060514009092,0.0300594189320691,0.892712573055178,0.0137711864663288,5.6745705648791,0.0288461552700028,0.273913049313705,0.172940537682734,0.544296480948105,0.265727212652564,1.4245398711646,0.107226109597832,1.30058477912098,0.016568047227338,5.55838432372548,0.0102214647922665,0.647911347914487,0.156992808217183,1.50586918217596,0.012422360596247,7.77895688288845,0.0153061230084859,5.23458258772735,0.00101884873583913,0.399203581386246,0.00589970481814817,0.352858151018154,0,0.0329851568676531,0.00482363579794765,0.076611815020442,0.30669144645799,0.0698113217949867
2.79411765470286,0.295302017359063,11.7454880484729,0.873992351116613,0.0145797602599487,0.0270156189799309,0.963578043098096,1.23368579149246,0.0035056967753917,0.0221842996543273,0.303691276581958,0.744981416151859,0.238283451180905,0.882150694087613,0.0264531847788021,0.0664800574304536,0.0972104811808094,0.0872274115681648,0,10.7687736838125,0.0630879941163585,0.0209597342181951,5.35864564822987,1.24961619003443,0.0197368426015601,0.0133868807461113,0.00448229489848018,0.00907441019080579,0.358278151659761,0.448579143325333,6.48505230632145,3.16786656156182,16.100555084995,9.45537575735943,1.49845208320767,0.199892539065331,0.146425499115139,0.0282171875587665,0.0655454958323389,0.0140148394275457,0.0702549580018967,0.015572858043015,0.00428134546382353,0.00266134389676154,0.0234003663063049,0.000733675726223737,0.0171591995749623,0.0106320146005601,0.0037537538446486,0,0.00683426897739992,0,0,0,0.0199063223553821,0.0153409086051397,0.472822520270711,0.0670840774546377,0.107187894172966,0.00305064051644877,0.0629470701096579,0.0168582379119471,0.0356859632302076,0.0129870127420872,0.0303272147430107,0.00408997968770564,0.424651171837468,0.079256359487772,8.66768384585157,2.62632510851836,1.95234039041679,1.71842998091597,0.405335624876898,1.04301515052794,0.0896017695777118,0.391809647670016,0.503479311300907,0.929426352959126,0.00908574648201466,0.0158640227746218,0.0384843110805377,0.0263484966126271,0.0146322679938748,0.0166477482998744,0.0193308551097289,0.0126919143658597,0.00277136260410771,0.014675906742923,0.0227790424833074,0.00414650994935073,0.581286542466842,0.40259739139583
0.370253885630518,3.03480063797906,0.822454868175555,7.01126820713398,0.00160064024385065,0.0575709790573455,0.177460663398961,3.83336294835317,0.00244997965637594,0.0477897247765213,0.0980007826001383,2.15470777940936,0.0614720948506147,1.65062384633347,0.00789473718032241,0.167272724385839,0.0631662039086223,0.516270581632853,10.7687736838125,0,0.0932117574848235,0.0434343453962356,0.479212782811373,1.40478967514355,0.0034858388826251,0.00996677717193961,0.000834028352983296,0.0143399406806566,0.138688422564883,1.12199811358005,1.76011258538347,1.8146828757599,3.5535604058532,5.22376787755638,0.216627077199519,0.0394477322697639,0.155082365265116,0.0662410216755234,0.0965406303294003,0.029309680685401,0.0817805398255587,0.0295165395364165,0.00407331960741431,0.0119760477682576,0.00964851817116141,0.00622191501315683,0.0452625215984881,0.0258936105528846,0,0.000685871054884046,0.00609756098128855,0,0.00402090867282823,0.00157728709746152,0.0457716984674335,0.0640086807543412,0.234625100390986,0.444923486793414,0.0563042839057744,0.0156748907756992,0.0404150717658922,0.0842635921435431,0.0304946074611507,0.0683708026190288,0.0127197907422669,0.0225733628030866,0.195209307246841,0.121269092895091,3.75035870145075,5.04566037573386,0.913786247838289,2.79091992694885,0.175030106678605,3.0076686416287,0.0749367093667388,1.12664646003395,0.665134113980457,2.27181462896988,0.00103734445292503,0.0983436871320009,0.0214386462466791,0.180429596803151,0.00940665672533214,0.0761565842549317,0.0133405441883951,0.0716547897900455,0.000857632956467569,0.0343511451501399,0.0403108294995036,0.0217391310434323,1.31166757247411,0.761955968802795
0.0179993074852973,0.0309686706168577,0.0368978491751477,0.110274179081898,0.143009601626545,2.40246414905414,0.0184426219202578,0.0596431224839762,0.11273956624791,0.229715480469167,0.0505561183672398,0.0540540530346334,0.036329761845991,0.0399113078601658,0.671177240088582,0.676691704429686,0.0205973233096302,0.0545609556138515,0.0630879941163585,0.0932117574848235,0,5.01913857134059,0.0727127423742786,0.0590762635692954,2.15825376426801,2.55319149233401,1.33014349173754,3.39678611699492,1.8153845827328,0.509929544758052,2.71662758896127,1.96141475811601,0.0227817751001567,0.0826271187979728,0.022099447902292,0.00429184548556805,0.317152091301978,0.317796610761434,0.229437229223549,0.192046560463496,3.27027034945786,0.540942923631519,0.00426666671410203,0.0260707646375522,0.00447761197574437,0.0165289256256074,0.0319634689949453,0.0662983423098922,0,0.00295420968905091,0.00148038484621793,0,0.00432432442903519,0.00821355264633894,0.0346363167045638,0.0856470607104711,0.0075329567771405,0.0149496265221387,0.00562746194191277,0.0116834834916517,0.00285714282654226,0.00823045265860856,0.00532386882696301,0.00474777445197105,0.0108010803814977,0.00519818067550659,0.015146299614571,0.0505013009533286,0.0326264277100563,0.0621403916738927,5.4282723069191,4.66174901649356,0.843918172642589,0.879541102331132,0.213075069710612,1.95631069783121,0.253816794720478,1.26848248997703,0.0491803265176713,0.016216216608882,0.0857286941027269,0.0403348557883874,1.52246251702309,0.266025644494221,0.086323712952435,0.0366762168705463,0.444155835779384,0.336483940016478,0.0837245687725954,0.0237610310432501,3.20634925039485,1.01003343658522
0.00207253888947889,0.0150916280108504,0.0129560172790661,0.0751879706513137,0.0381760359741747,7.7183670126833,0.00460358062991872,0.0400292897247709,0.0380739094689488,0.441884821280837,0.00402010045945644,0.0230591848958284,0.00278680905466899,0.0198895018547773,0.0323450127616525,2.00136154191568,0.00409416574984789,0.0152671756222844,0.0209597342181951,0.0434343453962356,5.01913857134059,0,0.0223196495790035,0.041755888145417,0.454668452963233,2.2699530844111,0.358669849345461,11.6662576184608,0.0797057029558346,0.724952119402587,1.58041961537674,1.6575999581255,0.00955794472247362,0.0316789874341339,0.0072859744541347,0.0296610170044005,0.0278670939151198,1.62315782066435,0.0301075275056064,4.42430084059015,0.0159574463032186,6.36185847362503,0.00850611366331577,0.0210265932837501,0.00742942036595196,0.0074794318061322,0.00910125114023685,0.0500751135405153,0,0,0,0,0,0.00204081623815,0.00493339903187007,0.497419060557149,0.00125313282478601,0.00908206310123205,0,0.00423504505306482,0.00284900277620181,0.0114660115214065,0,0.00591366027947515,0.00537153077311814,0.00388349499553442,0.00687049119733274,0.0340866986662149,0.00811688310932368,0.0457142852246761,3.66909487498924,7.93717285618186,0.100534761324525,1.27566538914107,0.0954653974622488,1.55502386623994,0.22580644977279,0.773694412782788,0,0.0106382975354791,0.00301659142132849,0.0296127552282996,0.0149006622377783,0.6539074878674,0.00300676538608968,0.0451945059467107,0,1.80263162427582,0.0039032005588524,0.0596205973997712,7.30841098353267,0.800000000745058
0.0887550219194964,0.01561216119444,5.98047039165976,1.89168203511508,1.08190228021704,0.51484502007952,1.37781479104888,1.88417987711728,0.347884483984672,0.326973698218353,0.0779220764525235,0.038393386057578,0.509674362838268,0.378947371034883,0.214625939202961,0.138435563771054,0.024167209980078,0.0122549023944885,5.35864564822987,0.479212782811373,0.0727127423742786,0.0223196495790035,0,17.3205153227318,1.91430592315737,0.365679279668257,0.44619065761799,0.148965521715581,0.201291706995107,0.251369122881442,9.24377246905351,3.6029984569177,3.38973119441653,0.661975389230065,0.601366721559316,0.0836918270215392,0.0583167686127126,0.0171334433835,0.0192371479352005,0.00320307502988726,0.0219423001399264,0.00160384923219681,0.00201714574359357,0.000540248525794595,0.00699504534713924,0.000584453518968076,0.00832682754844427,0.00440960295964032,0.000595238117966801,0,0.00333820143714547,0,0.000663129962049425,0.000652528542559594,0.00583657587412745,0.00426944968057796,0.0712526082061231,0.013544891262427,0.0274043430108577,0,0.0147936049615964,0.000604960659984499,0.00870105647481978,0.00158898305380717,0.00811992539092898,0.0016528926207684,0.0712570042232983,0.0121237457206007,0.177871570049319,0.129729732871056,0.391332902479917,0.975000041769817,0.14437086333055,0.276697493274696,0.0479233218356967,0.0519376731244847,0.242752472287975,0.115421614609659,0.0024420025292784,0.00325071113184094,0.015709375962615,0.00974782765842974,0.0346188884577714,0.011979634873569,0.00559578655520454,0.00322522851638496,0.00139811250846833,0.00762146688066423,0.00516462244559079,0.00119118526345119,0.0415627611801028,0.128033476648852
0.0318045631865971,0.018452803225955,1.65912728093099,10.1245545677375,0.156682027503848,1.51485153241083,0.633918584266212,2.89153581220307,0.142062471015379,0.784493518585805,0.048380485153757,0.0772313304478303,0.306366414995864,0.645974172570277,0.0976775929448195,0.431857187650166,0.0132176782935858,0.00914982869289815,1.24961619003443,1.40478967514355,0.0590762635692954,0.041755888145417,17.3205153227318,0,0.847457640338689,0.719512202660553,0.132983379531652,0.127490038052201,0.14243902877206,0.463633331935853,4.84657627344131,3.18411293602549,0.711353455495555,0.161773523432203,0.204716508742422,0.022964509902522,0.0336558697745204,0.0142021723440848,0.0168491993099451,0.00644901255145669,0.0197802206967026,0.0075553156202659,0.00120300753042102,0.000653381226584315,0.00143369170837104,0.00143833155743778,0.00749531574547291,0.00871839554747567,0,0,0.000963391154073179,0,0,0,0.00460962252691388,0.010629371041432,0.0224331327481195,0.0128120165027212,0.00495816534385085,0.00120011996477842,0.00281690154224634,0.0015009380877018,0.00543267372995615,0.00318979262374341,0.00234283483587205,0.00066912011243403,0.0229621131438762,0.0106203234754503,0.0508221224881709,0.0405347145278938,0.192931399680674,1.55314710427774,0.094157206825912,0.524839750432875,0.0375738047296181,0.104189046658576,0.206565248197876,0.126715089136269,0.00220264308154583,0.00329670344945043,0.00815613206941634,0.00931829359615222,0.0158371043507941,0.0192735366290435,0.00478380866115913,0.00809716584626585,0,0.0151515149627812,0.00549176236381754,0.00454959052149206,0.0645892355823889,0.202401370857842
0,0,0.358374378061853,0.0598901126650162,1.51192371197976,1.26949804555625,0.084260355506558,0.0126926563680172,0.514900661772117,0.114960629492998,0.00152671756222844,0.00123762374278158,0.0275526738259941,0.00376470596529543,0.250138962292112,0.11547085782513,0.0015479875728488,0,0.0197368426015601,0.0034858388826251,2.15825376426801,0.454668452963233,1.91430592315737,0.847457640338689,0,3.34018850745633,7.78392410161905,5.65309732407331,0.0698869503103197,0.0871413380373269,3.88639192900155,0.60830669850111,0.0412267494248226,0.00271616113604978,0.0231481483206153,0.00762388785369694,0.00320512824691832,0.0189723316580057,0,0.00739644980058074,0.00289435591548681,0.0193370173219591,0,0.00207039341330528,0.00120409391820431,0,0,0.000865051930304617,0,0,0,0,0,0,0,0.00163532292935997,0.000570287986192852,0.000588581489864737,0,0,0.00165220978669822,0,0.00138121552299708,0,0,0,0.00123992562294006,0.00132714002393186,0,0.00168067228514701,0.278996858512983,0.206299211829901,0.0207999994745478,0.0658376020146534,0.00544959120452404,0.027285129763186,0.0102264430606738,0.0192735366290435,0,0,0.00347222224809229,0.00067819602554664,0.0170715695712715,0.0191204587463289,0.000928936351556331,0.00262398330960423,0,0.013052936643362,0.000695168564561754,0.00367309455759823,0.00943396193906665,0.01290322560817
