0,0.0217305406113155,7.29463460788247,0.0224967724643648,0.0185406691743992,0.00421559752430767,7.03496513201389,0.0198895026405808,0.0214723925455473,0.00239808158949018,3.87322289310396,0.00441379332914948,3.65461478868383,0.0105212817434222,0.179769385838881,0.00102459010668099,1.81939395167865,0.00672457250766456,2.49524274311261,0.0835983643773943,0.0213827518746257,0.00212014128919691,0.118992163421353,0.0279394641984254,0.00702650903258473,0.00122624158393592,0.00678802811307833,0.0025094102602452,3.84279715083539,0.0119979128357954,0.188360975589603,0.0327777785714716,2.56566673045745,0.0779281397117302,0.0288065843051299,0.0111343078315258,0.328684048261493,0.00303398061078042,0.282950432505459,0.0432116771116853,0.384503984008916,0.00142704241443425,0.00527198670897633,0.00302190869115293,0.00107758620288223,0.00109229923691601,0.0566898879478686,0.0253998116240837,0.00656275637447834,0.00162030779756606,0.036575562087819,0,0.00550122273853049,0,0.0756655757431872,0.136414624284953,18.1877637052676,0.00707503233570606,0.584795325994492,0,1.96996588489856,0.00166944914963096,0.976995171513408,0.00450112548423931,0.232044188305736,0.00511508958879858,0.288970448542386,0.0300395251251757,4.85426033381373,0.0189544483437203,0.861086074728519,0.111378687433898,4.06306849326938,0.01519579149317,0.929378532804549,0.0106723586213775,1.01456878700992,0.0632761649903841,0.0458781346678734,0.00357653800165281,0.520009352621855,0.00283171530463733,0.332302497234195,0.00111576006747782,0.352085350285051,0.000675447459798306,0.0325255095376633,0.00172215839847922,0.0764279990107752,0.00385430728783831,0.149926141719334,0.136397336144
0.0217305406113155,0,0.0240394095890224,8.36380914715119,0,0.0424184870789759,0.0043427424679976,5.01862960925791,0,0.0226843091659248,0.00124455511104316,6.24198648473248,0.0032626427419018,1.85174138040747,0.0010946907568723,0.0817744560772553,0.0108349266229197,3.13472260488197,0.406400812789798,4.39009440504014,0.0468986367341131,0.0292353830882348,0.0640210498240776,0.115654490044108,0.0026945099234581,0.0116129036759958,0.000649561523459852,0.0152015868807212,0.0366830285638571,1.30501086195,0.145508103480097,0.24549157556612,0.23705651430646,1.93792438285891,0.0261437909211963,0.0169616518542171,0.0612244885414839,0.111678363464307,0.0546725986059755,0.0288078461890109,0.0192307692486793,0.00605831108987331,0.00498628767672926,0.00997637212276459,0.00450704246759415,0.0394285710062832,0.0244938775431365,0.0132029339438304,0.00114449218381196,0.0276757986284792,0.00457000400638208,0.0132619231007993,0.000643086794298142,0,0.0325242725375574,0.0940628628013656,0.020829388522543,19.6905357612995,0.0162354130297899,0.199802660790738,0.00944956322200596,1.7919580815942,0.000595415302086622,1.50325783644803,0.00610314309597015,0.307363919913769,0.25962113685091,1.24499799538171,0.765707571525127,3.57799936097581,0.181015452370048,1.39556962967617,0.0338010197156109,1.69447852030862,0.0352059928700328,0.658361663110554,0.255045865487773,0.828571412945166,0.00152207002975047,0.149582378973719,0.00194599851965904,0.476787960506044,0.00117820326704532,0.0595968451816589,0.00498007982969284,0.180555559927598,0.000672494934406132,0.0355207705870271,0.0232848240993917,0.0588820372940972,0.496465052943677,0.173501580720767
7.29463460788247,0.0240394095890224,0,0.433406916446984,2.75722365058027,0.270545881940052,16.6014275327907,0.493068664509337,0.494347687694244,0.0722603768226691,1.04337564995512,0.0258383728796616,3.33273621124681,0.158283673925325,1.24732305714861,0.0306356919463724,0.215514644631185,0.00837520899949595,14.2106031095318,0.219705543713644,0.0198652010876685,0.00844178698025644,7.66765221269452,1.70984212507028,0.564885498024523,0.167938928643707,0.300553159264382,0.0855982517823577,2.02076113922521,0.0587470754398964,5.29187698510941,0.452255743439309,9.53467326471582,0.256803906289861,0.162512804730795,0.0290959464618936,0.15705224359408,0.00423088559182361,0.128876838600263,0.0104712046450004,0.0670270286500454,0.000710227293893695,0.00334448163630441,0.00301204808056355,0.0107382552232593,0.00163265311857685,0.0158045973221306,0.00797186387353577,0.001634877466131,0.000538213120307773,0.0380837854754645,0.00048828125,0.000608828035183251,0,0.0237485445686616,0.0411633116891608,1.31048386974726,0.00965824647573754,0.414865199301858,0,0.272686026233714,0.00277238694252446,0.140916811069474,0.00548354943748564,0.0631517943693325,0.00152944168075919,0.314836224395549,0.0346934753470123,1.6207763007842,0.0194884296506643,1.75373585661873,0.274062965181656,1.70764112554025,0.0477438134839758,0.40702988760313,0.017705382197164,0.586937576823402,0.0701030943891965,0.0128433817299083,0.00284798862412572,0.101726553635672,0.00161387934349477,0.116526615805924,0.00333518616389483,0.0819487046101131,0.00235888798488304,0.0203239116817713,0.00285959395114332,0.0212637912190985,0.00076893501682207,0.0661521486472338,0.0752489831065759
0.0224967724643648,8.36380914715119,0.433406916446984,0,0.028789161122404,3.23409080668353,0.178953994531184,17.6584020856535,0.00751662318361923,0.524469567637425,0.020699301501736,0.893828428990673,0.064918316755211,1.63022140876274,0.0114570365403779,0.219839143188437,0.00514432706404477,0.110403402708471,0.786877604259644,8.36035657004686,0.0432612307486124,0.0475404406897724,2.66761482256697,17.6279479821096,0.0450450461357832,0.272753540892154,0.0133720929734409,0.0543253640644252,0.0448960313224234,0.523679673671722,2.03727365937084,3.30613336758688,0.302448397851549,1.46934221440461,0.0365971120772883,0.0143182558240369,0.0611953105544671,0.0354792576981708,0.0707157102879137,0.0182119205128402,0.0202634237939492,0.00999333802610636,0,0.00527577943284996,0.00102275633253157,0.0113960112212226,0.0238422738621011,0.00674005859764293,0,0.0056381345493719,0.00115942029515281,0.00186828582081944,0,0,0.0316893555573188,0.0545532653923146,0.0155973056098446,0.561220803181641,0.00790146423969418,0.0249150616582483,0.00522420555353165,0.206169269746169,0.0037634409382008,0.156741303362651,0.00109950522892177,0.076417617732659,0.0617559535312466,0.171895803883672,0.293602328223642,0.483573492267169,0.229898068937473,2.426583356224,0.0543322850717232,0.740127024473622,0.0679643660550937,0.344850484107155,0.385568721685559,0.643395692110062,0.00066912011243403,0.0340567620587535,0.00313059028121643,0.103830446692882,0.00106496270745993,0.0253699785098433,0.00250587309710681,0.0450906705809757,0,0.0135758891701698,0.027847611811012,0.017817372456193,0.351565174350981,0.326544699200895
0.0185406691743992,0,2.75722365058027,0.028789161122404,0,0.437196376151405,0.238931832136586,0.0170594833907671,6.45942051394377,0.0714285732246935,0.0347593589685857,0.00114613177720457,0.340458615683019,0.00434404879342765,5.34710721392184,0.0523715435992926,0.0690140820806846,0,0.0225326730287634,0.00713719264604151,0.231101505691186,0.0631578918546438,0.846289144770708,0.200414079590701,9.15427656541578,0.971056409645826,8.7244671973167,1.15596334123984,1.74454246822279,0.0255885359365493,4.69528911891393,0.381395347416401,0.285577378468588,0.00748129701241851,0.0212355208350345,0.00201207236386836,0.0493653048761189,0.00423728814348578,0.0182072833413258,0.00258899666368961,0.281179142184556,0.0021668472327292,0.00697775837033987,0.00191296031698585,0.00218340614810586,0,0.0061322822002694,0,0.00562746194191277,0,0.00839793303748593,0,0.00718390801921487,0,0.0124895918997936,0.00232828874140978,0.0286275599501096,0.00229160697199404,0.00989208655664697,0,0.0198807159904391,0.00233372231014073,0.007312614005059,0.00094384141266346,0.011545863118954,0.000985221704468131,0.0218380345031619,0.00440251565305516,0.0201421808451414,0.00143781455699354,4.95388860313687,0.052704578731209,0.861777179408818,0.0168612191919237,0.081932777306065,0.0171858221292496,0.0670103072188795,0.0173102522967383,0.0241758252959698,0,0.0902632651850581,0.000652741524390876,0.568872976815328,0.00234604114666581,0.0627032037300523,0.000494804524350911,0.167197454720736,0.0187032425310463,0.0394566627219319,0.00241764890961349,0.00241545890457928,0.00244498788379133
0.00421559752430767,0.0424184870789759,0.270545881940052,3.23409080668353,0.437196376151405,0,0.106453131476883,1.51985558611341,0.100221078842878,14.291695356369,0.00814663921482861,0.0592334481189027,0.0423529405379668,0.182536196894944,0.0637741747777909,7.59920060238801,0.00429491756949574,0.069627848919481,0.0528233147924766,0.0928371341433376,2.42081951792352,6.02157474029809,0.661702106706798,3.11371234920807,1.91693804424722,15.5040470790118,2.70254110172391,15.9750972725451,0.0572769968421198,2.32004147022963,2.62756961467676,9.23747817263938,0.057170542422682,0.0587494752835482,0.0236920053139329,0.0267765203025192,0.0186379922088236,0.765254837460816,0.0298932386795059,2.14323253405746,0.00931315496563911,1.53777781501412,0.0202643176889978,0.0802707953262143,0.0143725810339674,0.047754407627508,0.0371681414544582,0.0945083034457639,0,0.0222222227603197,0.00260331924073398,0.00183486239984632,0,0.00139664800371975,0.00252206803997979,0.794831637758762,0.00338983058463782,0.0409457886125892,0.00181735574733466,0.00172935577575117,0.0032102728728205,0.0153755167266354,0,0.0229007634334266,0.00260416674427688,0.0378674652893096,0.0305436784401536,0.0855242356192321,0.00960960984230042,0.0526315793395042,1.5174825763097,6.31571503181476,0.0458781346678734,2.30151409376413,0.11840688646771,1.45374443382025,0.177894040942192,0.933062857948244,0.00225479132495821,0.0156774921342731,0.00084388186223805,0.0868135497439653,0.00846432917751372,0.975029713008553,0.000933924806304276,0.0801194299128838,0.00324411992914975,2.20872856699862,0.0052134245634079,0.239805224584416,2.08198753837496,0.316981127019972
7.03496513201389,0.0043427424679976,16.6014275327907,0.178953994531184,0.238931832136586,0.106453131476883,0,0.177410474629141,0.984468366368674,0.0361417513049673,2.1515926598222,0.00791208806913346,11.310896169889,0.0540434686699882,0.893482391140424,0.0103541104181204,0.253254439303419,0.00267022690968588,0.877786637283862,0.0476816222944763,0.0182256764965132,0.00159786944277585,1.35339941515122,0.563984686508775,0.0547337285242975,0.0377358490077313,0.0360057616489939,0.010211524553597,2.8632513001794,0.0180710227577947,0.987951799063012,0.155138124682708,0.845053123746766,0.062943774741143,0.0203072117292322,0.00526454357896,0.086668245610781,0.000947642722167075,0.129459016141482,0.00643678166670725,0.0526173053658567,0,0.00156924279872328,0,0.00258788012433797,0.00130804444779642,0.01768867863575,0.00540853780694306,0.000872981210704893,0.00172860850580037,0.0206744617025834,0.000399361015297472,0.000953061738982797,0,0.0265027845161967,0.0364176876610145,1.36840450795717,0.00381194392684847,0.149532705545425,0.000389029359212145,0.59699248697143,0.000885151559486985,0.235267663927516,0.00243704306194559,0.0834097149199806,0.000827300944365561,0.0583415294531733,0.0096908939012792,0.283107060589828,0.00571973319165409,1.21136687492253,0.102189778990578,2.04167654004414,0.0156429719063453,0.51636942953337,0.00749464659020305,0.674317177617922,0.0260041793808341,0.0145356659777462,0.000537489948328584,0.161215855361661,0.00170386774698272,0.11066488083452,0,0.160596252448158,0.000876296195201576,0.0187146028038114,0,0.0234017290058546,0.000327118090353906,0.0297274966724217,0.0645873589091934
0.0198895026405808,5.01862960925791,0.493068664509337,17.6584020856535,0.0170594833907671,1.51985558611341,0.177410474629141,0,0.0105239075201098,2.0872498593817,0.0173835526511539,5.61993256851565,0.0700934596534353,8.83053056371864,0.00568297127028927,0.946759721788112,0.00408070729463361,0.267094019363867,1.19078696990618,4.31126441666856,0.0449323481880128,0.0253742706263438,2.22728839702904,4.90677029054496,0.0179160769330338,0.24239652819233,0.0124080882815178,0.0553617116820533,0.0486003118567169,1.91102127428167,2.39760067826137,3.58098058131873,0.385584878269583,1.79988884690101,0.0437049898318946,0.025094102602452,0.0390111134620383,0.0630814595206175,0.0543109292630106,0.0207231034291908,0.0113607021048665,0.00715380674228072,0.00340651022270322,0.00511609588284045,0.003732117038453,0.0155038761440665,0.018202502746135,0.0115606935578398,0.000838926178403199,0.00664727855473757,0.00197141454555094,0.00577589526074007,0.000912616902496666,0,0.0200259597622789,0.0524425285402685,0.018004272133112,0.875347079854691,0.00613614590838552,0.0251548716041725,0.00653832190437242,0.34303931138129,0.00302245249622501,0.33737770334119,0.00175824179314077,0.0924118673428893,0.0906488552573137,0.187651924963575,0.133789270505076,0.315837508649565,0.230873093154514,2.50078946867143,0.0421864366508089,0.708581522863824,0.0598529061535373,0.22080572147388,0.310807832807768,0.474070785421645,0.000512689060997218,0.0593805955722928,0.00334323916467838,0.255986794945784,0.000856898026540875,0.0319420774758328,0.00246676712413318,0.123702547716675,0,0.0226332964375615,0.015452901046956,0.0314285701315384,0.224142441758886,0.284589141607285
0.0214723925455473,0,0.494347687694244,0.00751662318361923,6.45942051394377,0.100221078842878,0.984468366368674,0.0105239075201098,0,0.0145772600080818,0.128895182395354,0,3.27601452427916,0,24.0572347770212,0.0123711344785988,0.0958083868026733,0,0.00187353626824915,0.000820344546809793,0.0237529701553285,0.0184757504612207,0.182674885494635,0.0909480940317735,0.89117394760251,0.124807400512509,2.29913860931993,0.129084968823008,2.28902850300074,0.00534759368747473,0.764595112879761,0.0916870456421748,0.0559161258861423,0.00258397939614952,0.0105042022187263,0,0.0344827595399693,0.00300300307571888,0.0104166668606922,0.00136892544105649,0.0125313282478601,0,0.00181077409069985,0,0.00228832941502333,0,0.00818553875433281,0.000874125864356756,0.00236266991123557,0,0.014608234167099,0,0.0137614683480933,0,0.0120793791720644,0.00240673881489784,0.0270192582393065,0.00117405341006815,0.00654205627506599,0,0.0106951874913648,0,0.0256904307752848,0,0.020338983158581,0,0.00560224091168493,0.00129198969807476,0.00124688283540308,0,2.04821045300923,0.0235640648752451,0.497751137707382,0.00685871054884046,0.078341013751924,0.00944510009139776,0.0395095362327993,0.00423131184652448,0.0314769989345223,0,0.125595499994233,0.000671140966005623,0.549905844731256,0,0.0715300796437077,0,0.162116035935469,0.00131578953005373,0.0385638285661116,0,0.0026881720405072,0.00544959120452404
0.00239808158949018,0.0226843091659248,0.0722603768226691,0.524469567637425,0.0714285732246935,14.291695356369,0.0361417513049673,2.0872498593817,0.0145772600080818,0,0.0013440860202536,0.0529648836236447,0.00467836274765432,0.407149085658602,0.0165975112468004,11.1269847694784,0.00566572230309248,0.0440214147092775,0.0244233377161436,0.0445505166426301,0.26797384978272,0.641188992653042,0.201058198290411,0.630660552880727,0.176991155603901,3.78457065671682,0.289726531133056,1.62307692458853,0.0139860139461234,1.11408020788804,0.599161197897047,3.36682232329622,0.023088023532182,0.0408673892961815,0.00583657587412745,0.0121703851036727,0.00425531901419163,0.528409106656909,0.00845070392824709,0.441119077848271,0.00228832941502333,0.474316957173869,0.0148796502617188,0.0566490649944171,0.00657894741743803,0.0484780134866014,0.0281318686902523,0.0693739410489798,0,0.016528926207684,0.0012953367549926,0.00182232342194766,0,0,0.00417710951296613,0.238224986940622,0.00168776378268376,0.0269882292486727,0.00180505414027721,0.00343642616644502,0,0.01875732652843,0,0.020843202015385,0.0051579624414444,0.0197823927737772,0.0249315905966796,0.0643127365037799,0.00833333365153521,0.0303687639534473,0.271280280780047,2.12552301725373,0.0113475173711777,1.10951758024748,0.0338983051478863,0.524377030320466,0.0777202052995563,0.552878174814396,0,0.0330396462231874,0,0.0628272257745266,0.00119832239579409,0.747200964717194,0.000465332705061883,0.0664353035390377,0.00160256412345916,0.820802000234835,0.00129701686091721,0.110269618220627,0.324390244204551,0.116049387957901
3.87322289310396,0.00124455511104316,1.04337564995512,0.020699301501736,0.0347593589685857,0.00814663921482861,2.1515926598222,0.0173835526511539,0.128895182395354,0.0013440860202536,0,0.00337647716514766,13.3619964050595,0.00771208223886788,1.47560970112681,0.000972762645687908,6.35812681354582,0,0.156374947167933,0.0180109632201493,0.022964509902522,0.00203665997833014,0.0918260843027383,0.0375970582244918,0.00623538577929139,0.0042432815534994,0.0373295042663813,0.00149253732524812,3.63752866943832,0.00503524672240019,0.115857228403911,0.0262557066744193,0.0773949958384037,0.0164068909361959,0.00936329597607255,0.00389863550662994,0.137931038625538,0,0.176712333457544,0.0164870009757578,0.118161926977336,0,0.00774193543475121,0.000942063110414892,0.00751072959974408,0.00220507173798978,0.0215982727240771,0.00748752057552338,0.0099502484081313,0,0.0543478256440721,0,0.0140449439641088,0,0.0320460150833242,0.0329628220642917,3.65006943501066,0.00340618786867708,0.0540780124720186,0.000844594615045935,0.588142908061855,0,1.26838019350544,0.000929800095036626,0.130735388025641,0.000969932123553008,0.0258335830294527,0.00684931484283879,0.0337209301069379,0,0.809427576023154,0.0447761201066896,1.95034488616511,0.0101651838049293,0.550812987610698,0.00623052986338735,0.496212120749988,0.0352020853897557,0.193205954739824,0,1.40865976642817,0.000645994849037379,2.3323581435252,0,0.313047488423763,0.000490917998831719,0.111801244318485,0,0.0512163899838924,0.000598623184487224,0.0674418602138758,0.0682352914009243
0.00441379332914948,6.24198648473248,0.0258383728796616,0.893828428990673,0.00114613177720457,0.0592334481189027,0.00791208806913346,5.61993256851565,0,0.0529648836236447,0.00337647716514766,0,0.00140154163818806,12.3639176413417,0,0.730585683020763,0.00705467350780964,7.01116769062355,0.515999986964744,1.15661787689896,0.0414250214817002,0.0162469537463039,0.110755443340167,0.226261126226746,0.00130548304878175,0.0204449790762737,0,0.0176211453508586,0.0213640100555494,9.99373619444668,0.235955065931194,0.573713158722967,0.0996621645754203,0.89616673020646,0.0227790424833074,0.0266666662646458,0.0376692153513432,0.0742486763047054,0.0479812764097005,0.0175246447324753,0.0137575240805745,0.00498338858596981,0.00543900555931032,0.0151770659722388,0.00189304305240512,0.0222976242075674,0.0132605304243043,0.0150772708002478,0,0.0171102660242468,0.00177672493737191,0.00483091792557389,0,0,0.0126723813591525,0.0503848856315017,0.00208116555586457,1.41940622642869,0.00479041901417077,0.0229270162526518,0.00429184560198337,0.278696733759716,0.00208116555586457,0.400000009685755,0.0054347823606804,0.080484637117479,0.0581330345012248,0.124819417018443,0.0975114293396473,0.252392335212789,0.0657439422793686,1.71445155108813,0.0247204225743189,2.85244116093963,0.038929439149797,0.521452161483467,0.182214951375499,0.459899069974199,0.00503778329584748,0.491228078724816,0.00074794318061322,0.319282523123547,0.00102145050186664,0.0755287008360028,0.00130804444779642,0.0592181347310543,0,0.0275862070266157,0.0124518235679716,0.0183844015700743,0.357078454457223,0.19472247431986
3.65461478868383,0.0032626427419018,3.33273621124681,0.064918316755211,0.340458615683019,0.0423529405379668,11.310896169889,0.0700934596534353,3.27601452427916,0.00467836274765432,13.3619964050595,0.00140154163818806,0,0.0252125486731529,11.8285710850032,0.00638365803752095,2.16132853541058,0,0.153245198016521,0.0176259987056255,0.0275184269994497,0.002914035867434,0.510627543204464,0.267877425067127,0.061016948428005,0.0272982735186815,0.0971659901551902,0.0173769135726616,4.93807485850994,0.0111002285848372,0.512562808580697,0.099681866238825,0.128285358950961,0.0199146525119431,0.00839160836767405,0.0028530671261251,0.130589629698079,0.000792079197708517,0.141899879090488,0.00527505640638992,0.0773480660282075,0,0.0199882416054606,0.000624999986030161,0.00952057121321559,0.00207540637347847,0.0283018872141838,0.00517092808149755,0.0166320162825286,0,0.0694411413860507,0.00060386472614482,0.0207916833460331,0,0.049558529688511,0.0298426477820612,1.28381848358549,0.00304347832570784,0.0534053384326398,0.00058055151021108,0.502759381430224,0.00212539848871529,0.803636343334801,0.00123915739823133,0.104947529034689,0,0.0304130739823449,0.00746094668284059,0.0278870215988718,0.0047999998787418,1.53083525918191,0.0642885133856907,2.1511673546629,0.0135797811672091,0.639495400711894,0.0049019610742107,0.607290510553867,0.0283416321617551,0.114908368326724,0,1.03769279399421,0.000479271518997848,2.11916724219918,0.000710732070729136,0.460572468553437,0.000388274114811793,0.230866813973989,0.000737191294319928,0.109973812795943,0.000905387045349926,0.0258131127338856,0.0747275585308671
0.0105212817434222,1.85174138040747,0.158283673925325,1.63022140876274,0.00434404879342765,0.182536196894944,0.0540434686699882,8.83053056371864,0,0.407149085658602,0.00771208223886788,12.3639176413417,0.0252125486731529,0,0.00144196103792638,0.783368268690538,0.0026572187198326,1.44360899738967,0.69087340682745,1.13392861472676,0.0419501139549538,0.0134228188544512,0.756859555665869,1.19704885402462,0.00765916705131531,0.0486486498266459,0.00272851291811094,0.0186393293552101,0.0160481440834701,9.95415509166196,1.27554673794657,1.50039095740067,0.191452989820391,0.581997520290315,0.0309498391579837,0.0163755461107939,0.0257092190440744,0.0399290162022226,0.043248014524579,0.0184641208034009,0.0151162790134549,0.00113571831025183,0.00255509419366717,0.0102424036595039,0.00449438206851482,0.0106870229355991,0.0102531239390373,0.00996884703636169,0,0.00751597166527063,0.00152516516391188,0.0013153568143025,0,0,0.01172839559149,0.0345534413936548,0.00727107468992472,0.684222684212727,0.00522534269839525,0.0075614363886416,0.00417536514578387,0.157523507194128,0.00242033076938242,0.32059521053452,0.00250312895514071,0.0418410042766482,0.0517533263482619,0.0935788943897933,0.0625494850100949,0.16330192994792,0.114360538602341,1.90000003937166,0.0283687934279442,1.62016808288172,0.0402234625071287,0.232899953611195,0.205020926659927,0.332478635304142,0,0.17331812530756,0.00123800686560571,0.177857517148368,0,0.0487613070290536,0.0011664074845612,0.0500000000465661,0,0.0122850123443641,0.0106870229355991,0.0120569085993338,0.229291709372774,0.282608691835776
0.179769385838881,0.0010946907568723,1.24732305714861,0.0114570365403779,5.34710721392184,0.0637741747777909,0.893482391140424,0.00568297127028927,24.0572347770212,0.0165975112468004,1.47560970112681,0,11.8285710850032,0.00144196103792638,0,0.00881410267902538,1.47568708332255,0,0.0170940166572109,0.00334001349983737,0.852646659594029,0.00562587892636657,0.284766224678606,0.0762036693049595,0.730121886008419,0.0906148832291365,2.38843430276029,0.0932584279216826,8.76038085855544,0.00577081623487175,1.10563050722703,0.0894160576863214,0.105509966961108,0.00694927060976624,0.0079575595445931,0.0027285129763186,0.771428582025692,0.00105932203587145,0.131578941363841,0.00495785847306252,2.23338252492249,0.00143369170837104,0.0419529820792377,0.00156067113857716,0.0199652779265307,0.001774622942321,0.0529945538146421,0.00421940919477493,0.0222321032197215,0,0.0980941753368825,0.000747663551010191,0.0450643775984645,0,0.19137091585435,0.00852738617686555,0.225030988804065,0.00100933632347733,0.0370919879060239,0.000712250708602369,0.146635421959218,0,0.230004730867222,0,0.100443133385852,0,0.0302467494620942,0.00547645147889853,0.00925925909541547,0,3.95740243408363,0.0303030295763165,2.20211643236689,0.0148957298370078,0.28651685686782,0.00997861754149199,0.262845860328525,0.0121580553241074,0.209840803872794,0,1.46945900283754,0,11.6007443371927,0.0018373909406364,0.781498516415013,0.00177226401865482,2.29050927632488,0.00192678230814636,0.443883297266439,0,0.0169230769388378,0.0279069766402245
0.00102459010668099,0.0817744560772553,0.0306356919463724,0.219839143188437,0.0523715435992926,7.59920060238801,0.0103541104181204,0.946759721788112,0.0123711344785988,11.1269847694784,0.000972762645687908,0.730585683020763,0.00638365803752095,0.783368268690538,0.00881410267902538,0,0.0151515158358961,0.767452203144785,0.040302268229425,0.0759247248061001,0.409152079373598,1.65165565663483,0.106376722455025,0.397310928208753,0.241855320171453,2.05561286630109,0.310255088610575,2.81370446272194,0.0184297823579982,14.1424023992149,0.417523469077423,2.04385969147552,0.039289761800319,0.0647336505353451,0.0313283206196502,0.0707850715843961,0.0151668355101719,1.23582999058999,0.0120724341832101,1.06413301080465,0.00138696259818971,0.73634527483955,0.0665965632651933,0.215767634101212,0.0443143809097819,0.163108449138235,0.0949701035278849,0.244884039624594,0.00171159603632987,0.0679815356852487,0.00984682724811137,0.0282301856204867,0.00307377032004297,0.000992555869743228,0.00675219460390508,0.736372361134272,0.00145525101106614,0.0903480648994446,0.00790229882113636,0.00759668537648395,0.00780487828887999,0.0642040441161953,0,0.0828667441383004,0.00660688988864422,0.0849420833401382,0.0819289579521865,0.238502678461373,0.018683273869101,0.0666324992198497,0.539493318996392,3.75224764784798,0.010111223673448,4.8934347180184,0.0370370359160006,1.09456736594439,0.126893943175673,1.36566442996264,0.00816326541826129,0.181571819353849,0.00338638667017221,0.604304635198787,0.000894054537639022,2.96688733622432,0.0028771064535249,0.361581914126873,0.00220264308154583,2.05822553491453,0.00273822573944926,0.279141892679036,0.805475480505265,0.116110304370522
1.81939395167865,0.0108349266229197,0.215514644631185,0.00514432706404477,0.0690140820806846,0.00429491756949574,0.253254439303419,0.00408070729463361,0.0958083868026733,0.00566572230309248,6.35812681354582,0.00705467350780964,2.16132853541058,0.0026572187198326,1.47568708332255,0.0151515158358961,0,0.0303951353998855,0.0579310350003652,0.0234059718786739,0.034013605909422,0.00441501103341579,0.0142908177804202,0.0092787851463072,0.00497100257780403,0.00597907323390245,0.0349278651410714,0.00791139260400087,6.27501204644796,0.0774869117885828,0.0416411501355469,0.0202863969607279,0.327949089696631,0.0965283637633547,0.536290306597948,0.745263123884797,0.524017475545406,0.120991258067079,0.169075140729547,0.0293137915432453,0.288782827323303,0.00227531278505921,0.245442419545725,0.142647777218372,0.258389262948185,0.172612199094146,0.176864673849195,0.0936426130356267,0.23312174458988,0.0191118601942435,0.846657957416028,0.0111162574030459,0.118694361299276,0.00141743442509323,0.165394402574748,0.0797473324346356,5.18556397943757,0.0237888011615723,0.636697252746671,0.00785340322181582,2.27033595903777,0.020359281799756,6.33688181871548,0.0202409637859091,2.26798686943948,0.0191339375451207,0.550876103341579,0.39030611445196,0.0498783451039344,0.0341499638743699,0.475514554418623,0.0658082992304116,2.40174676291645,0.0507343146018684,0.715859001502395,0.0428410351742059,1.05437663965859,0.534979422809556,3.8775981280487,0.0298165124841034,8.30821644165553,0.0450331133324653,4.88793618208729,0.0108368452638388,1.87893011176493,0.0305152586661279,0.447194733424112,0.00769230793230236,0.258530182763934,0.0183767220005393,0.114795916015282,0.0981912170536816
0.00672457250766456,3.13472260488197,0.00837520899949595,0.110403402708471,0,0.069627848919481,0.00267022690968588,0.267094019363867,0,0.0440214147092775,0,7.01116769062355,0,1.44360899738967,0,0.767452203144785,0.0303951353998855,0,0.0736497557954863,0.261376056820154,0.0451781074516475,0.023829786805436,0.0228161664563231,0.0454545440152287,0.00271002715453506,0.0224019919987768,0.00126103404909372,0.0260926294140518,0.0361648446996696,16.4561723794905,0.0536277573555708,0.148071985691786,0.22664360573981,0.371721787727438,0.149088024161756,0.182116489391774,0.0389531329274178,0.214503344148397,0.037507560919039,0.0327683623181656,0.0144534781575203,0.0313588853459805,0.0246227169991471,0.0587219342123717,0.0281964032328688,0.180368716246448,0.0303030299255624,0.0415864458773285,0.0029970029136166,0.083984375,0.0204757594037801,0.0238879731041379,0.00123685842845589,0,0.01903311786009,0.0935046384111047,0.0153115105931647,4.15123779693386,0.027766436105594,0.0585708708968014,0.0226277363253757,0.584837560309097,0.00750267913099378,10.1723546338035,0.0201793732121587,0.321064311428927,0.323111859266646,0.662555082701147,0.106638784054667,0.467821774771437,0.157330153975636,1.88122369349003,0.0170419956557453,5.94001144170761,0.0305862352252007,0.821799333789386,0.183455259306356,0.998262907611206,0.00528634374495596,17.6774759899126,0.00687547767302021,3.50136825989466,0.0010515246540308,0.331606231629848,0.00485544017283246,0.345441758778179,0,0.109349365811795,0.00964727159589529,0.077532542636618,0.541310527478345,0.134228189708665
2.49524274311261,0.406400812789798,14.2106031095318,0.786877604259644,0.0225326730287634,0.0528233147924766,0.877786637283862,1.19078696990618,0.00187353626824915,0.0244233377161436,0.156374947167933,0.515999986964744,0.153245198016521,0.69087340682745,0.0170940166572109,0.040302268229425,0.0579310350003652,0.0736497557954863,0,12.8849557042122,0.0737656138371676,0.0211143703199923,8.03446346882265,1.8372239433229,0.0149551348295063,0.0121665883343667,0.00567107764072716,0.0145419288310222,0.288858324056491,0.269472140062135,3.86924344988074,1.99272733402904,12.5890214499668,9.03258455335163,0.633165800361894,0.261863920488395,0.134376440313645,0.0267157984781079,0.112688961904496,0.0217391308979131,0.0476481383666396,0.00715137063525617,0.0078740157186985,0.00281096273101866,0.0146888282615691,0.0244383125100285,0.0329163915012032,0.0134314040187746,0,0.00387897598557174,0.00934822135604918,0.00135226501151919,0.000931532355025411,0,0.0468799513764679,0.0408163252286613,0.299212595098652,0.204427694960032,0.126888217404485,0.012940795859322,0.0678899066406302,0.0380720927496441,0.032554256147705,0.0563674333970994,0.0250648233341053,0.015798922162503,0.877097780059557,0.664294807298575,11.0642648654175,1.39888166810852,1.46014495473355,1.79699586506467,0.458352515590377,0.613844152539968,0.149970710277557,0.447212347877212,0.620719546452165,1.26982716936618,0.00720720738172531,0.0215439847670496,0.0177890716586262,0.0350877186865546,0.0123355264076963,0.00894308922579512,0.0134360800147988,0.0125078173005022,0.00298359012231231,0.0101738024968654,0.0301533661549911,0.00393700785934925,0.597599468193948,0.399237115401775
0.0835983643773943,4.39009440504014,0.219705543713644,8.36035657004686,0.00713719264604151,0.0928371341433376,0.0476816222944763,4.31126441666856,0.000820344546809793,0.0445505166426301,0.0180109632201493,1.15661787689896,0.0176259987056255,1.13392861472676,0.00334001349983737,0.0759247248061001,0.0234059718786739,0.261376056820154,12.8849557042122,0,0.118951609358191,0.0597609579563141,0.892591655196156,1.67866405885434,0.00692940689623356,0.0270491803530604,0.00165357580408454,0.0355029583442956,0.079725943505764,0.53585658967495,1.0223035030067,1.04247657395899,3.07472177228192,6.18533483409556,0.138490925892256,0.0614035092294216,0.16316640144214,0.0460792238591239,0.187449723889586,0.0437956199166365,0.0453608264215291,0.00908632040955126,0.00298418395686895,0.00571610016049817,0.00622837379341945,0.0302816890762188,0.0598623184487224,0.0256559755653143,0.00141093472484499,0.0194376958534122,0.00866634567501023,0.00797301443526521,0,0,0.0924855470657349,0.0869326022220775,0.0649210138362832,0.939107507932931,0.0371724545257166,0.0418385398224927,0.0263084229663946,0.230158729944378,0.0118562430143356,0.163046897388995,0.0129919758765027,0.0841968890745193,0.72514353308361,0.957055192440748,5.8332121616113,6.5014293481363,0.831541211111471,3.04959992296062,0.134087240789086,1.6992307708133,0.116417915909551,1.18552042858209,0.837547910807189,2.33281253476162,0.00508130062371492,0.0699088181136176,0.00347725313622504,0.111111112870276,0.0051188301295042,0.0202678255736828,0.00633855318301357,0.0498039208177943,0.00172860850580037,0.0293012772453949,0.0640963853220455,0.0178612325107679,1.24602339637931,0.69936035759747
0.0213827518746257,0.0468986367341131,0.0198652010876685,0.0432612307486124,0.231101505691186,2.42081951792352,0.0182256764965132,0.0449323481880128,0.0237529701553285,0.26797384978272,0.022964509902522,0.0414250214817002,0.0275184269994497,0.0419501139549538,0.852646659594029,0.409152079373598,0.034013605909422,0.0451781074516475,0.0737656138371676,0.118951609358191,0,4.40291266236454,0.0676789587596431,0.0724560478702188,2.06171106314287,2.672985881567,1.85419205459766,4.3324674507603,2.09040249697864,0.230225989129394,3.58384556276724,2.79695425741374,0.0219496448989958,0.066381155513227,0.0200803205370903,0.0307017546147108,0.484090893762186,0.261959008639678,0.148314608260989,0.403177754255012,9.20348833780736,0.322077916003764,0.012535612215288,0.0283322613686323,0.00927357003092766,0.0385852083563805,0.0378223486477509,0.0381679373094812,0.00161420495714992,0.00778210116550326,0.00312744337134063,0.00480480492115021,0,0,0.0622317595407367,0.109857777133584,0.0185123963747174,0.0331865893676877,0.0047449585981667,0.0100111230276525,0.0101163377985358,0.0204081628471613,0.0145058929920197,0.0164452871540561,0.0097943190485239,0.0201072392519563,0.0210221098386683,0.0454201363027096,0.0191304351901636,0.0492379821371287,7.14754124404863,3.4756637038663,0.752272703452036,0.798804804682732,0.966183561831713,1.52162850368768,0.491124266758561,0.77178427297622,0.0860215052962303,0.0211640205234289,0.111051212879829,0.0190023751929402,2.47761199856177,0.162810625042766,0.0716560546425171,0.0165525107295252,0.406685229856521,0.281425891444087,0.0579483164474368,0.0303139655152336,3.93103446811438,1.03571429150179
0.00212014128919691,0.0292353830882348,0.00844178698025644,0.0475404406897724,0.0631578918546438,6.02157474029809,0.00159786944277585,0.0253742706263438,0.0184757504612207,0.641188992653042,0.00203665997833014,0.0162469537463039,0.002914035867434,0.0134228188544512,0.00562587892636657,1.65165565663483,0.00441501103341579,0.023829786805436,0.0211143703199923,0.0597609579563141,4.40291266236454,0,0.0231859173509292,0.0378748029470444,0.947082782862708,2.06912442203611,1.2750885123387,11.4433244920801,0.0292861489579082,0.352777786320075,1.36199488397688,2.26865671668202,0.0279720271937549,0.0369978853268549,0.0153256701305509,0.0125000006519258,0.024336283095181,0.991130811860785,0.0262582059949636,5.94180418888573,0.0163043481297791,5.76528142997995,0.0101180436322466,0.0266328477300704,0.00910470401868224,0.0425867516314611,0.021481063682586,0.0409041971433908,0.00158353126607835,0.0106951874913648,0,0.00355239794589579,0,0,0.00529661017935723,0.533204057137482,0.00131190556567162,0.0201545184245333,0.00467836251482368,0.00219538970850408,0,0.0183333337772638,0,0.00996884703636169,0.0038277511484921,0.0171503964811563,0.0222781175398268,0.0435108779929578,0.0119250422576442,0.0410490296781063,2.3812566138804,4.89870687830262,0.024336283095181,0.78599221771583,0.219178073108196,2.10551563557237,0.167630060808733,0.884615406859666,0,0.00995024852454662,0.00319318799301982,0.0235294114099815,0.00343938102014363,0.565910990233533,0,0.0266439912957139,0,1.32477065268904,0.00310318078845739,0.133094807504676,14.9745225161314,0.473684214055538
0.118992163421353,0.0640210498240776,7.66765221269452,2.66761482256697,0.846289144770708,0.661702106706798,1.35339941515122,2.22728839702904,0.182674885494635,0.201058198290411,0.0918260843027383,0.110755443340167,0.510627543204464,0.756859555665869,0.284766224678606,0.106376722455025,0.0142908177804202,0.0228161664563231,8.03446346882265,0.892591655196156,0.0676789587596431,0.0231859173509292,0,13.5666844025254,1.41673000511946,0.3810213804245,0.275912397773936,0.111648679012433,0.269535667030141,0.292229211423546,10.1583770674188,3.09712806699099,5.64800900011323,1.78758254100103,0.540786751953419,0.193847444024868,0.04790847300319,0.0257602853234857,0.0356252217898145,0.0116279074572958,0.00353825744241476,0.000868809758685529,0.00381263607414439,0.00230547552928329,0.00747430720366538,0.00506168929859996,0.00928454351378605,0.00959744048304856,0,0.00124921929091215,0.0160893858410418,0.000558347266633064,0.000721761083696038,0,0.011108172708191,0.0151668355101719,0.104815866914578,0.0480492829810828,0.0449625324108638,0.000538357999175787,0.0174627625383437,0.0135790493222885,0.0119205299997702,0.0211549455416389,0.0136147043667734,0.00352009374182671,0.337040211306885,0.143891201820225,0.238017611263786,0.104693143512122,0.63700565090403,1.27118040720234,0.149445833696518,0.207463192928117,0.0626340647577308,0.0441558453021571,0.276356188114733,0.251995842671022,0.00611620815470815,0.00697167776525021,0.0111346771591343,0.0162052667001262,0.0215968588599935,0.00648508430458605,0.00879507497302257,0.00479616291704588,0.00227703986456618,0.0046932619297877,0.00939387147082016,0.00255972688319162,0.0869959238916636,0.183887114864774
0.0279394641984254,0.115654490044108,1.70984212507028,17.6279479821096,0.200414079590701,3.11371234920807,0.563984686508775,4.90677029054496,0.0909480940317735,0.630660552880727,0.0375970582244918,0.226261126226746,0.267877425067127,1.19704885402462,0.0762036693049595,0.397310928208753,0.0092787851463072,0.0454545440152287,1.8372239433229,1.67866405885434,0.0724560478702188,0.0378748029470444,13.5666844025254,0,0.76839239266701,0.883840541704558,0.0596885831910186,0.116865868214518,0.11597937787883,0.631325306661893,4.84474890469573,4.89180086494889,1.02238312002737,0.5534703481826,0.155007540713996,0.0524421615991741,0.0312368094455451,0.0346430085483007,0.0369903312530369,0.0136217950494029,0.0109110749326646,0.0106723583303392,0.00246609118767083,0.00657462223898619,0.00143729790579528,0.00512257585069165,0.0129870134987868,0.0126391809317283,0,0.00288392207585275,0.00494193227495998,0,0,0,0.0155084991129115,0.0255102044320665,0.0208241022191942,0.0657361549674533,0.0100787403061986,0.00425920280395076,0.0115406804252416,0.0217636022716761,0.00308641977608204,0.0364820840768516,0.00398406380554661,0.00939282146282494,0.0885122393956408,0.0595497471804265,0.102311479859054,0.0905209194170311,0.307820290327072,2.31926445267163,0.0802026188466698,0.44845566584263,0.0861797160468996,0.105207225191407,0.318018367746845,0.264166321372613,0.00429876428097486,0.00964113534428179,0.00358851661439985,0.0254047331982292,0.00989345519337803,0.0225903606042266,0.00342400613590144,0.0116162629565224,0,0.0164383567753248,0.0118723721243441,0.00563380296807736,0.14614951913245,0.336913525126874
