0,0.0101150179398246,2.92535437387414,0.00815781706478447,0.00175526581006125,0.000249345466727391,3.60758287429053,0.0032649862987455,0.00610997993499041,0,2.13904921585345,0.00362729537300766,1.00545841446728,0.00177654948493,0.0928739536320791,0.000215007530641742,0.990172928432003,0.00345901062246412,1.21837707568193,0.0286286849586759,0.00468658469617367,0.000585651549044997,0.0177816135401372,0.00479233218356967,0,0,0.000769230740843341,0.000525831477716565,1.16300843699719,0.00736842092010193,0.0372008624253795,0.00904872381943278,0.799753032624722,0.0802669028489618,0.0434721651254222,0.00897770083975047,0.286073100054637,0.00478710027527995,0.130579942837358,0.00216320157051086,0.114626862108707,0.000594441953580827,0.00174978122231551,0.000209008256206289,0.00178015127312392,0,0.0097833680047188,0.00191515850019641,0.00183717987965792,0,0.0110789584723534,0.000399321143049747,0.00376128387870267,0,0.0217057239060523,0.00447260518558323,8.2981243719114,0.00735575845465064,0.2058970539656,0.00117038915050216,0.676975004025735,0.0020658785069827,0.464908144989749,0.00286006124224514,0.0427769158413867,0.00297713978216052,0.140697119466495,0.024695422325749,1.97135653147416,0.0430217685643584,0.26035946115735,0.0278330007568002,1.55065098404884,0.00731796550098807,0.38702098862268,0.00562296563293785,0.216472302476177,0.0326789411483333,0.00895656034117565,0.00238024396821856,0.166926070000045,0.00338123412802815,0.210685244877823,0.000458400172647089,0.167174457252258,0.000992415138171054,0.0257251616567373,0.000236266976571642,0.0189216339640552,0.000158453491167165,0.0138227615389042,0.0288034306722693
0.0101150179398246,0,0.00696074432926252,1.97945057193283,0,0.005992704333039,0.00425152583920863,1.47571645706194,0,0.00257864885497838,0.00230887642828748,2.77220722637139,0.00152905203867704,0.144273010169854,0.000888790120370686,0.00602880447695497,0.00207954249344766,1.06916423351504,0.128514060052112,1.57686989958165,0.012648465053644,0.00801850418793038,0.0172597866185242,0.0355702613014728,0,0.00080074739526026,0,0.00220324983820319,0.0211480362340808,0.400655376113718,0.0649197347229347,0.0969184291461715,0.113517548830714,0.928702022996731,0.0117889768444002,0.0131077575206291,0.0378051996231079,0.173317523906007,0.0514079062268138,0.0280842529609799,0.0261211636825465,0.0134711778664496,0.00221283444261644,0.00715524730912875,0.00115700568130706,0.00563976040575653,0.00868486365652643,0.00613982952199876,0.000239120039623231,0.00738095230190083,0.000510638288687915,0.011993383144727,0,0,0.0160921822534874,0.0587272562552243,0.0229257636383409,6.39445959706791,0.00579710147576407,0.108397252639406,0.00251791600021534,0.301147225254681,0.0019639132078737,0.203493914799765,0.000498504494316876,0.327593810041435,0.0360036006895825,0.300940426066518,0.226887742755935,2.26872065709904,0.140080861165188,0.449954583193175,0.0432642505329568,0.340972750127548,0.00927930726902559,0.277873068465851,0.103714976401534,0.544806544203311,0.000629524700343609,0.0329308451910038,0.00221439353481401,0.0710491931531578,0.0016938898479566,0.00835222534078639,0.00189791899174452,0.0289202137500979,0,0.00270935968728736,0.00206914386944845,0.00553881237283349,0.210833607707173,0.108055645425338
2.92535437387414,0.00696074432926252,0,0.414432999183191,1.01214076203178,0.108907236601226,10.1960860815598,0.269695005379617,0.739436593721621,0.0153714771440718,0.51814979678602,0.0177169770176988,2.05318661632191,0.0418459135107696,0.545223460328998,0.00680995965376496,0.0823601723823231,0.00136845710221678,4.05299448856385,0.0996690280881012,0.00924321170896292,0.0103956103557721,2.48215043279924,1.28896364000684,0.0190550763218198,0.0635240731062368,0.00810537021607161,0.025704272207804,1.2021835410269,0.0181325547600864,2.78604279272258,0.484855433067423,4.19380484211433,0.107514335104497,0.0356994600151666,0.00399885745719075,0.0866112459916621,0.00273836200358346,0.0530367827159353,0.00142568611772731,0.0388463783310726,0.00058608059771359,0.00192622552276589,0.000827728945296258,0.000660502002574503,0,0.00375753988919314,0.00113862793659791,0.000454287335742265,0.000226218748139217,0.00475760818517301,0.000197765257325955,0.000247770076384768,0,0.00837457185843959,0.00295530096627772,0.425932916550664,0.00289039313793182,0.0904860904847737,0.000579766157898121,0.0620414244185667,0.00113520261947997,0.03959012508858,0.00101153149444144,0.0101594799925806,0.00252604996785522,0.0837150552251842,0.0135576604516245,0.786264731083065,0.0192259035538882,0.59496792324353,0.207269162638113,0.868030921730679,0.0185654004890239,0.180107137479354,0.00729501043679193,0.19356387516018,0.037603952398058,0.0032376748858951,0.00205338801606558,0.0318041626451304,0.00150930743257049,0.072823337992304,0.00113352980406489,0.0277741212194087,0.00084489191067405,0.00985094020143151,0.000467235135147348,0.00598006619838998,0.0001572574255988,0.0102921148645692,0.036539334221743
0.00815781706478447,1.97945057193283,0.414432999183191,0,0.0338753394316882,1.13268171268282,0.225202434812672,8.2556498896738,0.0538003665133147,0.297516984166577,0.00509921279444825,0.459492873735144,0.0559500403760467,0.39120959394495,0.0265988656319678,0.130622671276797,0.00156968270312063,0.0284727311227471,0.599122178333346,6.21533609955804,0.0189413603220601,0.0272373540792614,0.654793418783811,8.85297343945422,0.00615676061715931,0.360174358938821,0.001612903244677,0.0563214326975867,0.0539407213800587,0.148747591942083,1.21748996380484,2.24294732807903,0.204378186579561,1.09872644540155,0.0167270010570064,0.00513742619659752,0.0260092721146066,0.0385574958636425,0.0289952055027243,0.00912944242008962,0.0192612136597745,0.00788539851782843,0.0010745948238764,0.00153124704957008,0.000608025962719694,0.00143796221527737,0.00513902923557907,0.00317936955252662,0,0.00103896105429158,0,0.00165183082572185,0,0,0.00743889471050352,0.0161901487153955,0.00512491981498897,0.275931379641406,0.00257234723540023,0.0229947008192539,0.000865725887706503,0.0602522654808126,0.000640204874798656,0.0442361775203608,0,0.057948466623202,0.0150230545696104,0.0796745457773795,0.0917985004634829,0.348446492571384,0.171614940321888,1.11402329645352,0.0538848505093483,0.197598856932018,0.01742296203156,0.113118615467101,0.134986833727453,0.308115850464674,0,0.0136806110385805,0.00143369170837104,0.0234461047512013,0.00231822971545625,0.00999375362880528,0.0010013768915087,0.0114766134356614,0.00117660900286864,0.00599250930827111,0.00343106666696258,0.00133313580590766,0.0955215821741149,0.11853652424179
0.00175526581006125,0,1.01214076203178,0.0338753394316882,0,0.111995280021802,0.0702912636334077,0.00430469764978625,4.46220579103101,0.00633458135416731,0.00683176796883345,0,0.0876880730211269,0.000363372091669589,1.72869860759238,0.00556268711807206,0.00938141345977783,0,0.00221075909212232,0.000683643796946853,0.0172727273893543,0.0227066309889778,0.363375029526651,0.0991091342875734,0.362151136156172,0.144548282027245,0.940731400623918,0.0839207787066698,0.568104308797047,0.00862068971036933,2.37574600381777,0.136773548845667,0.016110020224005,0.001078554749256,0.00159808224998415,0.000877963146194816,0.00599700142629445,0.000604229629971087,0.0023128071334213,0.000541565124876797,0.0115830113645643,0,0.000706838676705956,0,0.000917431199923158,0,0,0,0.000490075966808945,0,0.00241060653934255,0.000371126370737329,0.00298685772577301,0,0.00242047032224946,0.000327654008287936,0.00257581079495139,0,0.0033475914679002,0,0.00264769163914025,0,0.00207039341330528,0,0.00481154769659042,0,0.0015117158764042,0,0.000487804878503084,0,1.08628841734026,0.0222222219454125,0.189700313145295,0.00504060467937961,0.0357306464575231,0.000938967161346227,0.0288568267133087,0.00167926104040816,0,0.000955109833739698,0.0145081382652279,0,0.0939226516056806,0.0024402147391811,0.00783190087531693,0.000210992715437897,0.0254095614654943,0.00156372174387798,0.00492072146153077,0,0,0.00315955770201981
0.000249345466727391,0.005992704333039,0.108907236601226,1.13268171268282,0.111995280021802,0,0.0295795068377629,0.485695658950135,0.189428656594828,4.56452546239598,0.000562113535124809,0.00896437829942442,0.0112431735033169,0.0118940348911565,0.0558471562108025,2.69421480107121,0,0.0210268947994336,0.00219258171273395,0.00440976940444671,0.29220490064472,2.39519353798823,0.0257069407962263,0.824590437114239,0.217901446740143,7.05560661858181,0.0559527502628043,3.46296285814606,0.021868787589483,1.42363227496389,1.05148793564877,2.55239040777087,0.00623174291104078,0.00748930120607838,0.00156985875219107,0.00947051250841469,0.00710059166885912,0.299850976967718,0.00456620985642076,0.818084507423919,0.000944733095820993,0.805219028145075,0.00771388493012637,0.0100280783954076,0.00136208851472475,0.00421249700593762,0.0136179612309206,0.0276450508099515,0.000484730961034074,0.00192215282004327,0,0.00110415901872329,0,0.000573394470848143,0.000686224026139826,0.0442348355427384,0.00116468669148162,0.00519603202701546,0.000368867564247921,0.00141093472484499,0,0.00193704594857991,0.000511639809701592,0.00268868828425184,0,0.00207382821827196,0.00425905044539832,0.0113681427319534,0.00144752717460506,0.0130151840276085,0.254884810768999,2.2083693172317,0.0149339461931959,1.02876105811447,0.0161579896230251,0.307126439525746,0.0323376276646741,0.209508008148987,0,0.0261804584879428,0.00140424782875925,0.0339450796600431,0.0059597713407129,0.488052137894556,0.000951022375375032,0.00755984854185954,0.00131752307061106,0.515713533386588,0.000271702214377001,0.00597089203074574,0.370331969694234,0.0658436194062233
3.60758287429053,0.00425152583920863,10.1960860815598,0.225202434812672,0.0702912636334077,0.0295795068377629,0,0.146275090446579,0.768762306543067,0.00479616319353227,1.46201619136264,0.00538309701369144,6.54351661575492,0.0178227363503538,0.71311054979742,0.00275245145894587,0.0627231507678516,0.000545603354112245,0.50000002134766,0.0251503548061009,0.00327797199133784,0.00305877209757455,0.556186668050941,0.576985435909592,0.00384226499591023,0.0139736275596078,0.00513630959903821,0.00765280428458937,1.47909859957872,0.00592016214795876,0.830984643966076,0.209612574661151,0.80385321052745,0.0354774272418581,0.00824960364843719,0.000866738904733211,0.0604646622377913,0.000584681358304806,0.0505234845768427,0.00112728984095156,0.0210549638723023,0.000441842479631305,0.000951550231548026,0,0.00106082038837485,0,0.00324122840538621,0.00125323096290231,0.00126892050320748,0,0.00471599967568181,0,0.000776699045673013,0,0.00690954766469076,0.00153186279931106,0.352159058209509,0.0015609756228514,0.0415281057357788,0.000159020433784463,0.109426702620112,0.000362417311407626,0.0660133144701831,0.000165098230354488,0.00822968321153894,0.000682070094626397,0.0283411696145777,0.00442233262583613,0.0770901222713292,0.0063153738155961,0.577399364672601,0.0917855789884925,0.906728236586787,0.00893281401658896,0.169020250614267,0.00286280548607465,0.200265248538926,0.0131116390839452,0.00288152490975335,0.000884368782863021,0.0372897501802072,0.000282605615211651,0.0841412140289322,0.000723981880582869,0.0493628741241992,0.000365163417882286,0.0120687924209051,0.000185373995918781,0.00770955964981113,0.000133815061417408,0.00747028877958655,0.0210145750752417
0.0032649862987455,1.47571645706194,0.269695005379617,8.2556498896738,0.00430469764978625,0.485695658950135,0.146275090446579,0,0.00908574694767594,0.863379909817013,0.00368629611330107,1.98595212059445,0.0431984613533132,3.69817774547846,0.00746516263461672,0.24925074231578,0.00186063814908266,0.0918914191715885,0.464671764202649,1.91326107512577,0.00880687788594514,0.011320754798362,0.496117506438168,1.70407042263832,0.00136239780113101,0.0199089873785852,0.000190294958883896,0.0112435788905714,0.034894099298981,0.416380033188034,1.12796046916628,2.44360100131598,0.167524942880846,1.06952953418659,0.0150391220231541,0.0045757070183754,0.0163028201786801,0.0544703230843879,0.0237102899700403,0.00725228921510279,0.0172157275228528,0.00360207658377476,0.000769408288761042,0.00179167689930182,0.00017096938972827,0.00103752376162447,0.00330007061711513,0.00243290513753891,0,0.00139677000697702,0,0.0031429243972525,0.000187160767382011,0,0.00609663140494376,0.0183008479216369,0.00554191070841625,0.291225160472095,0.00188753439579159,0.017897091282066,0.00134519094717689,0.0836907998309471,0.000357079086825252,0.0947199976071715,0,0.0787453588563949,0.0153181458445033,0.0755148730968358,0.0479104729311075,0.15361216373276,0.134303297381848,1.16917646618094,0.0289559157681651,0.176184805401135,0.0130238424462732,0.0754119149496546,0.118991040348192,0.252589122799691,0,0.0237489398568869,0.00107775212381966,0.0554332890751539,0.00229681972996332,0.00472193087625783,0.000786163538577966,0.021050127397757,0.000193629588466138,0.00196868012426421,0.00272963021416217,0.00195669199456461,0.0746122959535569,0.111508069021511
0.00610997993499041,0,0.739436593721621,0.0538003665133147,4.46220579103101,0.189428656594828,0.768762306543067,0.00908574694767594,0,0.0149120183777995,0.0465664585353807,0,1.71027887819218,0.000742942036595196,10.8951720094774,0.00790513842366636,0.01640838640742,0.00050955411279574,0.00301431794650853,0.00104693768662401,0.0201923077111132,0.0470701234880835,0.0775193836307153,0.175398627121467,0.134137687738985,0.287378629669547,0.199213637039065,0.200769505405333,1.05775951797841,0.00547138034016825,1.76161220669746,0.265495856641792,0.0120724341832101,0.000367444416042417,0.000839278218336403,0.00185356813017279,0.0136858470505103,0.000626959255896509,0.00958370789885521,0.00167926104040816,0.0112704911734909,0.00100959115661681,0.0010832280095201,0,0.000471698120236397,0,0.00113873602822423,0.000351185241015628,0.00100984598975629,0,0.00925547804217786,0,0.00309789349557832,0,0.00423728814348578,0,0.00617503869580105,0,0.00342400613590144,0,0.00979233474936336,0,0.00427350448444486,0,0.00662800320424139,0.00042946104076691,0.00306983885820955,0.00189189193770289,0,0.00130633567459881,0.724264731514268,0.0321212123380974,0.397949953330681,0.00579542189370841,0.0765874918433838,0.00597014953382313,0.0935706063173711,0.00521285855211318,0.00205023074522614,0.00101317127700895,0.0412147510796785,0.00028240610845387,0.199896430247463,0.00150829571066424,0.0229951691871975,0.000427396094892174,0.059212816413492,0.00322841014713049,0.00555864360649139,0,0.00113442994188517,0.00337268121074885
0,0.00257864885497838,0.0153714771440718,0.297516984166577,0.00633458135416731,4.56452546239598,0.00479616319353227,0.863379909817013,0.0149120183777995,0,0,0.00416763129760511,0.00222010785364546,0.0124356018204708,0.00412967172451317,3.8874765872024,0.00113122176844627,0.00815347730531357,0,0.00267737614922225,0.0318279567873105,0.162440906278789,0.00988421379588544,0.245964092435315,0.0169768201885745,0.597901042201556,0.00424628448672593,0.146907211979851,0.00195694723515771,0.413848319964018,0.171998140576761,0.932232221850427,0.00230105471564457,0.00140646973159164,0,0.00166458589956164,0.000578034669160843,0.0861717609222978,0.00111607147846371,0.0534311179071665,0,0.149146454175934,0.00311203327146359,0.00434267651871778,0.000445930869318545,0.00183781294617802,0.00544069640454836,0.0134680129121989,0,0,0,0,0,0,0.000338466750690714,0.0122009948827326,0.000230786987231113,0.000935891410335898,0,0,0,0.000950118759647012,0,0,0,0.00081599346594885,0.000992186483927071,0.00497056890162639,0.000473372783744708,0.00120955554302782,0.0359076661407016,0.592947821191046,0.00168444699374959,0.2332251080079,0.00173310225363821,0.0576496691792272,0.011799409519881,0.0535424543777481,0,0.00811176229035482,0,0.0114644468994811,0,0.498697609989904,0,0.00603915039391723,0,0.306915711611509,0,0.00197068601846695,0.0278884470462799,0.0217391313053668
2.13904921585345,0.00230887642828748,0.51814979678602,0.00509921279444825,0.00683176796883345,0.000562113535124809,1.46201619136264,0.00368629611330107,0.0465664585353807,0,0,0.00229410419706255,5.31547425419558,0.00141118362080306,0.838418979430571,0.000413308531278744,4.6062640035525,0.00237529689911753,0.122653311671456,0.00897606354556046,0.00253699795575812,0.000844951428007334,0.0143218204029836,0.0144066265784204,0,0.000592592579778284,0.00179802213096991,0,1.44699032208882,0.00317649403586984,0.0330730369314551,0.00866009120363742,0.115318745083641,0.0192039100511465,0.0127436285256408,0.0106426521087997,0.0737142849247903,0.00115107907913625,0.0397350993007421,0.000518403307069093,0.0500670541077852,0,0.00549450563266873,0,0.00353591167367995,0,0.00288080656901002,0.00133779260795563,0.00659444177290425,0,0.0175576513865963,0.000360100821126252,0.00797039596363902,0,0.0107581103220582,0.0015951506793499,1.69285545004823,0.00139729853253812,0.0757849137880839,0,0.332474216585979,0.000941176491323858,0.526681569521315,0.000750891689676791,0.0517153097316623,0.00242816680110991,0.0293718375905883,0.00884840608341619,0.0698710421856958,0.0131461014971137,0.286841371736955,0.0111576006747782,0.777345895767212,0.00374732329510152,0.211243605706841,0.00174291944131255,0.150703102583066,0.0187265910790302,0.0912343453383073,0.00177069497294724,0.665635224431753,0.00135740468977019,1.46804919105489,0,0.163422663055826,0.000414765643654391,0.0950570334680378,0,0.0211201716447249,0.000245128088863567,0.0107421875,0.0290697673335671
0.00362729537300766,2.77220722637139,0.0177169770176988,0.459492873735144,0,0.00896437829942442,0.00538309701369144,1.98595212059445,0,0.00416763129760511,0.00229410419706255,0,0.00455386377871037,3.76787407134543,0,0.140217396168737,0.00140944329905324,2.63504386867862,0.242269694572315,0.809914895100519,0.0164149707416072,0.00984251964837313,0.0371651924797334,0.11164581310004,0.00158562365686521,0.000986193306744099,0,0.00522875809110701,0.0164637286216021,5.0647080806084,0.182323735876707,0.47002892231103,0.066374661604641,0.815415825345553,0.0137354435282759,0.0108834828715771,0.0296579763526097,0.123195379972458,0.0380952372215688,0.0132187703275122,0.0356408504303545,0.0156090942909941,0.00153727902215905,0.00414722668938339,0.0011525163135957,0.00275916431564838,0.00705693662166595,0.0057048492890317,0,0.00201491027837619,0,0.00320769846439362,0,0,0.0117647063161712,0.0276258978992701,0.00468733353773132,0.539648285601288,0.0038566606817767,0.0185442744987085,0.00145158948726021,0.136280672159046,0.00169851374812424,0.138814907841152,0,0.113462562992936,0.0116120217862772,0.0757829328649677,0.0497371613164432,0.22840119083412,0.0992907790350728,0.851383010856807,0.0345552178332582,0.594973978644703,0.0145262457663193,0.226478494412731,0.122696628881386,0.439013344876003,0.000685635954141617,0.145578233292326,0.000615574012044817,0.0837475112057291,0.00124275064445101,0.0190129456168506,0.00141392718069255,0.0242130754486425,0,0.00726030307123438,0.00171526588383131,0.00203619910462294,0.207401983847376,0.192349728662521
1.00545841446728,0.00152905203867704,2.05318661632191,0.0559500403760467,0.0876880730211269,0.0112431735033169,6.54351661575492,0.0431984613533132,1.71027887819218,0.00222010785364546,5.31547425419558,0.00455386377871037,0,0.011754827995901,7.16593824210577,0.000799254019511864,0.648302386049181,0,0.207480930665042,0.0142791336693335,0.0047685275785625,0.0015888778725639,0.149540344951674,0.176134295412339,0.00415872456505895,0.00397153745871037,0.0133222318254411,0.00447350318427198,2.72755182551919,0.00337443221360445,0.342637420777464,0.0644688657484949,0.302663124864921,0.0181038587470539,0.00974512769607827,0.00743494406924583,0.087872892327141,0.00130229524802417,0.0534011428244412,0.000919399346457794,0.0419979612634052,0.000405350641813129,0.0091851153265452,0.00102907128166407,0.00444876961410046,0,0.00924349296838045,0.000925069383811206,0.00549609487643465,0,0.0376699037151411,0,0.0135900334571488,0,0.0269235231098719,0.000671366215101443,0.600844047381543,0.0010660981060937,0.0538367849803763,0.000236462525208481,0.183866611914709,0.00144550445838831,0.243691207375377,0.000750469072954729,0.0453300869849045,0.00210249680094421,0.0311948745511472,0.00618178304284811,0.0441367394523695,0.00764754752162844,0.798134173935978,0.0393411157128867,1.17001593438908,0.00281074340455234,0.212121209478937,0.00402982055675238,0.231784985342529,0.0174836085643619,0.0175367048941553,0.00202963259653188,0.336122566630365,0.000398604868678376,1.41804838739336,0,0.199503880896373,0.000324886292219162,0.143200553051429,0,0.0348802843072917,0.00018472337978892,0.00551314675249159,0.0240912931622006
0.00177654948493,0.144273010169854,0.0418459135107696,0.39120959394495,0.000363372091669589,0.0118940348911565,0.0178227363503538,3.69817774547846,0.000742942036595196,0.0124356018204708,0.00141118362080306,3.76787407134543,0.011754827995901,0,0.00116380560211837,0.0284041001286823,0.000718519848305732,0.0619254950433969,0.191455686930567,0.507306108920602,0.0105601468530949,0.00642496551154181,0.143092290440109,0.43610818873276,0,0.00260901969159022,0,0.00272638752358034,0.0142837140883785,4.47268057765905,0.442237991344882,1.11971376545262,0.0527187416737434,0.370255222078413,0.00429276668000966,0.00135317994863726,0.0218539423076436,0.0278082689037547,0.0224398926075082,0.00341938779456541,0.0179754020646214,0.00328870103112422,0.000767754303524271,0.00197266452596523,0,0.000313283206196502,0.00212060962803662,0.00125454767839983,0,0,0,0,0,0,0.00856423180084676,0.00605326858931221,0.0016827147337608,0.0782682659046259,0.000265498470980674,0.00411258172243834,0,0.0272392242914066,0.000332225899910554,0.0377152212895453,0.000339155492838472,0.0248088862281293,0.00416088770725764,0.0159156671143137,0.0163043476932216,0.0434619692387059,0.067870037863031,1.42539455619408,0.0250312880962156,0.31953902071109,0.0198202350293286,0.090060664457269,0.138541670021368,0.245418043428799,0,0.0178823533351533,0.000256147526670247,0.0262876681663329,0.000977517105638981,0.00383754400536418,0,0.00825096666812897,0,0.0023360587656498,0.0025337838451378,0.000197044340893626,0.0965585492667742,0.172626387211494
0.0928739536320791,0.000888790120370686,0.545223460328998,0.0265988656319678,1.72869860759238,0.0558471562108025,0.71311054979742,0.00746516263461672,10.8951720094774,0.00412967172451317,0.838418979430571,0,7.16593824210577,0.00116380560211837,0,0.00727994699263945,0.373980350035708,0.00110803320421837,0.012944984366186,0.00276969949482009,0.107563029974699,0.0184770443011075,0.0780593232775573,0.102101218071766,0.0752089123707265,0.118777296040207,0.257595781004056,0.0905955373600591,3.64878038235474,0.00768984295427799,1.22611975902691,0.100335697177798,0.0365325080929324,0.00490408216137439,0.00722953770309687,0.00822368427179754,0.127523907576688,0.00256410258589312,0.0488714011735283,0,0.439279477111995,0.00288101407932118,0.0190638778440189,0.00158453491167165,0.0073298430070281,0.000357270444510505,0.0115401685761753,0.00139178839162923,0.0117409648373723,0,0.0608803893410368,0.000591803516726941,0.0207715134311002,0,0.0360637413687073,0.000802782975370064,0.0926243537978735,0.00102113757748157,0.0409070699242875,0.000571837008465081,0.0704168321681209,0.000733272230718285,0.0405043953796849,0.00091855478240177,0.0716102507722098,0.00195217179134488,0.0206274166703224,0.0067491564550437,0.00621572230011225,0.00263620389159769,2.45183011307381,0.0275574111146852,1.08633245137753,0.00607164547545835,0.137911621422973,0.00342857139185071,0.154402893036604,0.00971070234663785,0.0255739602725953,0.000577367201913148,0.450014235102572,0.00163322448497638,4.22421523975208,0.00109729336691089,0.239189194981009,0.000921743921935558,0.564090815023519,0.00153639330528677,0.0771356194309192,0,0.00307408539811149,0.00856531085446477
0.000215007530641742,0.00602880447695497,0.00680995965376496,0.130622671276797,0.00556268711807206,2.69421480107121,0.00275245145894587,0.24925074231578,0.00790513842366636,3.8874765872024,0.000413308531278744,0.140217396168737,0.000799254019511864,0.0284041001286823,0.00727994699263945,0,0.00126662448747084,0.0867622386431322,0.00236896658316255,0.00696669885655865,0.106069199566264,0.698412708006799,0.00676083564758301,0.150134044932202,0.0342401501256973,0.293209867668338,0.00711427303031087,0.521718919510022,0.00602123266435228,5.34365917788818,0.19800543616293,0.817224533791887,0.00997506268322468,0.0119030337955337,0.00731261423788965,0.0283018877380528,0.000858184939716011,0.456427970144432,0.00208986413781531,0.269774850516114,0.00117716297972947,0.644878922612406,0.0191839659237303,0.0373384405102115,0.00597959911101498,0.0104429238126613,0.0485480268544052,0.0873827214818448,0.00036989088403061,0.00404188857646659,0.000454907305538654,0.00178704393329099,0,0.000419375137425959,0.00084388189134188,0.083445489872247,0.00101347926829476,0.00676992519584019,0.000298373866826296,0.00201409868896008,0.00108562898822129,0.00184808726771735,0,0.00308261398458853,0.000789421726949513,0.0111420609755442,0.00906735748867504,0.0413746337871999,0.00368595647159964,0.0199645081011113,0.119320590805728,1.43994938311516,0.00377913087140769,1.52583218296058,0.00455970363691449,0.29571759479586,0.0162271806038916,0.331496230559424,0,0.0532163736061193,0.000286615075310692,0.1170262665255,0.000753579486627132,2.72160765947774,0.00050864701915998,0.0492364639649168,0,0.907611875154544,0.000694283735356294,0.0111587984138168,0.150202556047589,0.0254263555398211
0.990172928432003,0.00207954249344766,0.0823601723823231,0.00156968270312063,0.00938141345977783,0,0.0627231507678516,0.00186063814908266,0.01640838640742,0.00113122176844627,4.6062640035525,0.00140944329905324,0.648302386049181,0.000718519848305732,0.373980350035708,0.00126662448747084,0,0.00535540422424674,0.0313239839742891,0.00676361203659326,0.00353513029403985,0,0.003133903053822,0.00110071545350365,0.000666444539092481,0,0.000618238002061844,0.000657462223898619,1.505150604964,0.0170212762313895,0.0112888051662594,0.00345252774422988,0.211915384687018,0.0462140049785376,0.0935307866893709,0.182827845215797,0.190700402716175,0.0266824790742248,0.040885859169066,0.00692225759848952,0.0449648704379797,0.00462107214843854,0.11744145071134,0.0571542764955666,0.156454899348319,0.0223724073730409,0.0491562736569904,0.0578428019070998,0.236003856552998,0.00861244008410722,0.450996039260644,0.00220102717867121,0.10260920971632,0,0.0680690938024782,0.0214042491861619,2.53579730918864,0.0075418334454298,0.433823537896387,0.000703234865795821,0.612512279185466,0.00578592089004815,0.846956958121154,0.00421052632736973,0.551524681039155,0.0210743801726494,0.21022372241714,0.0878280328761321,0.0571703107270878,0.040677965269424,0.203655346529558,0.0275624468922615,0.77485713455826,0.0115575125673786,0.228851296938956,0.00820793415186927,0.245977640501224,0.0500550052965991,1.86972823692486,0.00927213695831597,3.28993865419761,0.011011699680239,2.18739186832681,0.00192261475604028,0.451343402601196,0.00440159287245478,0.131630649149884,0.00102564098779112,0.0924244466004893,0.00074469402898103,0.00822199415415525,0.0112130474299192
0.00345901062246412,1.06916423351504,0.00136845710221678,0.0284727311227471,0,0.0210268947994336,0.000545603354112245,0.0918914191715885,0.00050955411279574,0.00815347730531357,0.00237529689911753,2.63504386867862,0,0.0619254950433969,0.00110803320421837,0.0867622386431322,0.00535540422424674,0,0.0130612240172923,0.0665852189995348,0.0151881255442277,0.026905830425676,0.00496472453232855,0.00920295785181224,0.00110041268635541,0.0087023286614567,0,0.0119695317698643,0.0123196058848407,10.4751302916557,0.0159639781631995,0.049477499560453,0.0559875603066757,0.101597442291677,0.0362499991897494,0.0423529415857047,0.00942460371879861,0.195158462040126,0.0173243503086269,0.0182232342194766,0.00722282391507179,0.0428877782542259,0.00566393957706168,0.0163178437505849,0.00435040539014153,0.0105583754484542,0.00920144619885832,0.0156633903679904,0,0.00789364328375086,0.00048995588440448,0.00427210002089851,0,0.00048309177509509,0.00277734911651351,0.0382296703173779,0.0112578481202945,0.670833347234293,0.00658544595353305,0.0155014234769624,0.00415430264547467,0.0757005446066614,0.00219250170630403,1.7088240783778,0.0013519603817258,0.0913408875931054,0.0361320203519426,0.158695389749482,0.0175109442207031,0.140242336317897,0.0852732182247564,0.785037660505623,0.0217706825060304,2.39831306179985,0.00555555569007993,0.300672101730015,0.0432457569404505,0.748946123232599,0.00144508667290211,8.99749201117083,0.00378012272994965,0.907709818129661,0.00256465055281296,0.07924921636004,0.00197009051044006,0.0770440225023776,0,0.0105866782832891,0.00149756652535871,0.00207110802875832,0.142635658383369,0.0531587076256983
1.21837707568193,0.128514060052112,4.05299448856385,0.599122178333346,0.00221075909212232,0.00219258171273395,0.50000002134766,0.464671764202649,0.00301431794650853,0,0.122653311671456,0.242269694572315,0.207480930665042,0.191455686930567,0.012944984366186,0.00236896658316255,0.0313239839742891,0.0130612240172923,0,5.84138168452773,0.00887850494473241,0.00326950018643402,2.21600086840044,0.771558636857662,0,0,0,0.000395335053326562,0.167586689814925,0.0437284237705171,1.42542664706707,0.376152836659458,8.30543900228804,3.44210375362309,0.0842243078805041,0.0192748965346254,0.0539242826052941,0.0141001854208298,0.0393572843458969,0.00381084359833039,0.0327552992384881,0.00621860794490203,0.000258431333350018,0.0011394388275221,0.00062111800070852,0.000634115422144532,0.00428437534719706,0.00177327424171381,0,0.000645473599433899,0.00104744947748259,0.000267773459199816,0,0,0.00890132258064114,0.00562072335742414,0.174371534056263,0.0337046548520448,0.0434491080231965,0.00622972100973129,0.0182198691181839,0.0152473647613078,0.0080753699876368,0.0138083400088362,0.00171791791217402,0.0125419277756009,0.123178281020955,0.113125002739253,3.18284777342342,0.234891681815498,0.676427525701001,0.34727271849988,0.267536702449434,0.0927269515232183,0.0600516051054001,0.083610450848937,0.129486273508519,0.295418372115819,0.00048181161400862,0.00910397683037445,0.0082772895693779,0.00883430302201305,0.0155064330319874,0.000323729356750846,0.00462151393003296,0.00242235479527153,0.00157759815920144,0.000338009122060612,0.00553427002159879,0.000198530877241865,0.102952304994687,0.0703694415278733
0.0286286849586759,1.57686989958165,0.0996690280881012,6.21533609955804,0.000683643796946853,0.00440976940444671,0.0251503548061009,1.91326107512577,0.00104693768662401,0.00267737614922225,0.00897606354556046,0.809914895100519,0.0142791336693335,0.507306108920602,0.00276969949482009,0.00696669885655865,0.00676361203659326,0.0665852189995348,5.84138168452773,0,0.0242398476402741,0.0165781079849694,0.315644828995573,1.45025976985926,0,0.0014003150863573,0,0.00182415184099227,0.0389957284205593,0.152949150069617,0.685295896255411,0.529022328206338,1.24219672149047,3.08752807602286,0.021574110374786,0.0104580634797458,0.0818773561331909,0.0598658192320727,0.0976182516315021,0.0151710780919529,0.0585792363272049,0.0247610781225376,0.00098015193361789,0.00349274597829208,0.000874253280926496,0.00178279605461285,0.011910796223674,0.00577061797957867,0,0.0021148037048988,0.000200601803953759,0.00278763315873221,0,0,0.0320984667341691,0.0241663758642972,0.0431003272533417,0.349075594727765,0.011675127199851,0.0218996062176302,0.0044465246173786,0.0637522744364105,0.00659651326714084,0.0503587736457121,0.000320307502988726,0.0675824207137339,0.0779618819069583,0.178589245697367,1.57261845632456,2.85347412424744,0.431459136016201,1.09032582433429,0.0922558884485625,0.39841948018875,0.0273154079914093,0.309086988097988,0.294743731501512,1.07175770727918,0.00131176217109896,0.0308897109352984,0.00269773148465902,0.0377125181257725,0.003392444079509,0.00575670375837944,0.00138749716279563,0.0140210317913443,0.000728067010641098,0.0022082018549554,0.00814746890682727,0.00228636752581224,0.379388956353068,0.298046342562884
0.00468658469617367,0.012648465053644,0.00924321170896292,0.0189413603220601,0.0172727273893543,0.29220490064472,0.00327797199133784,0.00880687788594514,0.0201923077111132,0.0318279567873105,0.00253699795575812,0.0164149707416072,0.0047685275785625,0.0105601468530949,0.107563029974699,0.106069199566264,0.00353513029403985,0.0151881255442277,0.00887850494473241,0.0242398476402741,0,1.8785578594543,0.00413152005057782,0.032075472176075,0.625698305666447,1.40543164702831,0.375494086183608,0.601856879540719,0.343497543071862,0.121374868787825,1.07990794454236,1.06188464735169,0.00608827988617122,0.0208380515687168,0.00590405892580748,0.00884955748915672,0.189300411147997,0.0656799262505956,0.0752920798840933,0.0471512787044048,1.30952380830422,0.224554027430713,0.00266016408568248,0.00263643567450345,0.00124532997142524,0.00454545445973054,0.00990332459332421,0.00942789774853736,0.00136379129253328,0,0.000949517358094454,0,0,0,0.0185504751570988,0.0141242933750618,0.00459894517553039,0.00467353942804039,0.000945850100833923,0.00044672773219645,0.00163432070985436,0.00204290100373328,0.000736377027351409,0.000996512244455516,0.00077130738645792,0.00496004411252216,0.00353460980113596,0.00847457637428306,0.0101626018295065,0.0206489682896063,2.18336310755694,1.03609152999707,0.185233732685447,0.241023530252278,0.0985507221193984,0.329938916489482,0.134364816185553,0.220206181285903,0.00866738893091679,0.0211416487582028,0.0239786861347966,0.00759828189620748,0.853211026755162,0.0759322037920356,0.0109418579813791,0.00504141169949435,0.070537167484872,0.0446262548211962,0.0103761348873377,0.000876424193847924,0.312925174366683,0.631158429896459
0.000585651549044997,0.00801850418793038,0.0103956103557721,0.0272373540792614,0.0227066309889778,2.39519353798823,0.00305877209757455,0.011320754798362,0.0470701234880835,0.162440906278789,0.000844951428007334,0.00984251964837313,0.0015888778725639,0.00642496551154181,0.0184770443011075,0.698412708006799,0,0.026905830425676,0.00326950018643402,0.0165781079849694,1.8785578594543,0,0.00688349653501064,0.0476190465851687,0.189732151338831,1.02228681789711,0.066140181501396,3.71085658459924,0.00937744171824306,0.367149749072269,0.849819281080272,1.41040055028861,0.00456389441387728,0.0113199006591458,0.00736919697374105,0.0159010601928458,0.012791229179129,0.647874315211084,0.0112408125423826,2.04161757137626,0.0151187900919467,2.93612568452954,0.00753379141679034,0.00790513877291232,0.00248911022208631,0.00519143417477608,0.015555031481199,0.0291282929247245,0,0.000673174043186009,0,0.000471364590339363,0,0,0.00258732220390812,0.042759176925756,0.00162271811859682,0.00879483297467232,0,0.0022326412727125,0,0.0040830213110894,0.000735835172235966,0.00348605588078499,0.000770712911617011,0.00771137443371117,0.00176678452407941,0.0169438344310038,0.00880162470275536,0.0225933210458606,1.42091154295485,3.91556718363427,0.0235704926890321,0.776907201390713,0.0366441656369716,1.08943085372448,0.0838079730747268,0.374948491808027,0.00432432442903519,0.0506329089403152,0.000443852652097121,0.0201453110785224,0.000705218641087413,0.35636857082136,0.000214500221773051,0.00792031674063765,0,0.432552943238989,0.00129659648519009,0.00496495311381295,6.77340580523014,0.329349279403687
0.0177816135401372,0.0172597866185242,2.48215043279924,0.654793418783811,0.363375029526651,0.0257069407962263,0.556186668050941,0.496117506438168,0.0775193836307153,0.00988421379588544,0.0143218204029836,0.0371651924797334,0.149540344951674,0.143092290440109,0.0780593232775573,0.00676083564758301,0.003133903053822,0.00496472453232855,2.21600086840044,0.315644828995573,0.00413152005057782,0.00688349653501064,0,5.74347009851772,0.285932497819886,0.0727379361633211,0.0182863878435455,0.00212507581454702,0.0921573180821724,0.0341940814541886,3.81841500964947,1.05249311309308,3.39671229125815,0.338203226012411,0.109293194836937,0.0173263117612805,0.0115207373164594,0.00375776828150265,0.00650820613373071,0.00109559029806405,0.00422460841946304,0.00105078812339343,0,0,0.00125486258184537,0.000510399404447526,0.000444543227786198,0.00212224113056436,0,0,0.000180570597876795,0.000666814841679297,0,0,0.00276801864674781,0.00205909600481391,0.0162962962640449,0.00764627635362558,0.00667705331579782,0.00129954519798048,0.00310816401906777,0.00311931374017149,0.0016057807370089,0.00478850767831318,0.000816326559288427,0.00500834714330267,0.0367194940336049,0.0278551533847349,0.0555195214692503,0.0368134278687648,0.186186186183477,0.31298903923016,0.0533636099426076,0.0259052931214683,0.0138121552299708,0.014288203092292,0.0499098852742463,0.0590364831732586,0.000352112663676962,0.00420831155497581,0.00172767520416528,0.003514938565786,0.00605980781256221,0.00077851300011389,0.00184672213799786,0.00137530568463262,0.00181818183045834,0.000268600590061396,0.000183066367753781,0.000172369211213663,0.0116533143445849,0.0421205520397052
0.00479233218356967,0.0355702613014728,1.28896364000684,8.85297343945422,0.0991091342875734,0.824590437114239,0.576985435909592,1.70407042263832,0.175398627121467,0.245964092435315,0.0144066265784204,0.11164581310004,0.176134295412339,0.43610818873276,0.102101218071766,0.150134044932202,0.00110071545350365,0.00920295785181224,0.771558636857662,1.45025976985926,0.032075472176075,0.0476190465851687,5.74347009851772,0,0.549216562998481,0.37257142458111,0.0122793549671769,0.0577804332715459,0.154875446110964,0.153645834478084,3.17835916695185,3.20059676183155,0.460028037196025,0.246481662994483,0.0854061183636077,0.00972672522766516,0.0171162791666575,0.0138317756936885,0.021822148701176,0.00313971738796681,0.0131322957167868,0.00627867665025406,0.00129887004732154,0.001432459539501,0,0,0.0021537218708545,0.00254614889854565,0,0,0.000420742610003799,0,0,0,0.00281186087522656,0.00221021618926898,0.00529250560794026,0.0160565804690123,0.00215720641426742,0.00234833659487776,0.00123716439702548,0.0048979590064846,0,0.00833101890748367,0.000691921799443662,0.00440076284576207,0.018039687856799,0.0171548122307286,0.0270358301640954,0.0229797017527744,0.209808258805424,1.48424911370967,0.0993244457058609,0.135804669640493,0.0293630121741444,0.0441247007111087,0.165839827735908,0.169962585729081,0.000486499629914761,0.0062893082795199,0.00312012468930334,0.00973815207544249,0.00963135145138949,0.0101010100916028,0.00159872099175118,0.00190988794201985,0.00238521164283156,0.00442402600310743,0.00149636600690428,0.000797289190813899,0.0525108310393989,0.160954562015831
0,0,0.0190550763218198,0.00615676061715931,0.362151136156172,0.217901446740143,0.00384226499591023,0.00136239780113101,0.134137687738985,0.0169768201885745,0,0.00158562365686521,0.00415872456505895,0,0.0752089123707265,0.0342401501256973,0.000666444539092481,0.00110041268635541,0,0,0.625698305666447,0.189732151338831,0.285932497819886,0.549216562998481,0,1.56928569747834,2.67125272506382,0.859478384256363,0.0257923503231723,0.0277902283705771,2.27044185565319,0.137911774858367,0,0,0,0,0,0.00551724154502153,0.00131190556567162,0.00304599438095465,0.00120336946565658,0.00709639233537018,0.00038102496182546,0.000441403652075678,0,0,0,0.000370027759345248,0,0,0.00028340655262582,0,0,0,0,0.00105374082340859,0,0.000249594420893118,0,0,0.000355050608050078,0,0.000579038809519261,0,0,0,0.000531349622178823,0,0,0,0.369199718988966,0.0591362101840787,0.037000329233706,0.0196140460320748,0.00676818983629346,0.00581395346671343,0.00313087046379223,0.00632311101071537,0,0,0.00076306750997901,0.00147232043673284,0.00447928346693516,0.00867678970098495,0,0,0.000774893444031477,0.0075868108542636,0,0,0.00135777320247144,0.00268636667169631
