0,0.0292491525760852,7.17983595130499,0.0403746780648362,0.0153592985589057,0.00273224053671584,6.75686713278992,0.0250783700030297,0.0532959311385639,0.00054288818500936,4.17162954079686,0.0165165162761696,2.14490417263005,0.00781419582199305,0.363289637141861,0.00471586885396391,2.23127744160593,0.0152516516391188,2.9166484446614,0.184067087277072,0.0226830839528702,0.00642880098894238,0.0470856269821525,0.0162209558184259,0.00466200476512313,0.0016968326526694,0.0254165497608483,0.00347121781669557,2.9090908896178,0.02682353000273,0.196901554474607,0.0235173818655312,1.43210434922366,0.310662948177196,0.0379707439569756,0.00700413878075778,0.693503588438034,0.00774122204165906,0.407751098158769,0.0137457038508728,0.605699164909311,0.0026203733868897,0.0145672664511949,0.00228571429033764,0.011707317084074,0.00249438773607835,0.0512263948330656,0.0085561495507136,0.0115000005462207,0.000498628767672926,0.0372330709942617,0.00131810194579884,0.00387168140150607,0,0.0627251518890262,0.0742242946580518,14.3216359450016,0.0234584457939491,0.792602403089404,0.00254939444130287,1.66053338674828,0.00404858309775591,1.06908148655202,0.0103208432847168,0.180094789015129,0.00234852050198242,0.299234522972256,0.0527656485792249,6.34254141431302,0.117048342421185,1.05153509555385,0.1427786948625,4.08800878422335,0.0333064731676131,0.785668171825819,0.0332031259895302,1.06155079649761,0.127866198308766,0.0472751157358289,0.00327654008287936,0.751481779298047,0.0069878633657936,0.572833110170905,0.00660066027194262,0.768781031365506,0.00282530224649236,0.107780980993994,0.0026062029064633,0.10207046972937,0.00104438644484617,0.111830885987729,0.150841744616628
0.0292491525760852,0,0.0205965915229172,6.24330993380863,0.00338504940737039,0.038212982006371,0.00771170109510422,3.99450619021081,0,0.0133965946733952,0.00278318941127509,5.57483957632212,0.0032962504774332,1.07146030216245,0.000488519784994423,0.085507244191831,0.0118946470320225,2.93034193105996,0.348545867454959,3.98072391396272,0.0268006697297096,0.0425249151885509,0.0398761121323332,0.0605245480255689,0.0036025217268616,0.0197962153470144,0.000581395346671343,0.0083432657411322,0.0211515859700739,1.92769340644008,0.12355806370033,0.113356078974903,0.170232341333758,0.295614041213412,0.0134961439180188,0.00723684241529554,0.02285061404109,0.0995449343463406,0.0280662352452055,0.0130363935604692,0.00548508763313293,0.0189701900817454,0.00262754538562149,0.00748713128268719,0.00200050021521747,0.00511770718730986,0.00399467386887409,0.0069960649125278,0.00153885612962767,0.00204603583551943,0.00223131274105981,0.000449337239842862,0,0,0.00866175862029195,0.0368530022387858,0.0267253034107853,12.5144029473304,0.0171132633113302,0.0369083794066682,0.00971283807302825,0.343287462019362,0.0047821465996094,1.35491275493405,0.00108195829670876,0.0192446471191943,0.0690632207260933,0.138276180339744,0.532337033248041,3.25960423797369,0.141528055886738,1.33747532963753,0.0503536046599038,0.979569264804013,0.0220220223418437,0.407270296127535,0.170317640993744,0.448696619074326,0,0.176889189868234,0.00475881455349736,0.291174826270435,0.00318809773307294,0.111516411066987,0.00474707037210464,0.159170651924796,0.000593647942878306,0.0374732329510152,0.00777058294625022,0.0198440819513053,0.433615820016712,0.118508189334534
7.17983595130499,0.0205965915229172,0,0.501528084307211,3.05420860275626,0.318046144791879,19.69194880547,0.429646438074997,1.1398328973446,0.0905904555693269,1.98117764946073,0.0288485452765599,5.53172702225856,0.117012089496711,0.853080558590591,0.051101733581163,0.358764015138149,0.0126294515212066,11.2206263039843,0.356204372481443,0.0231436835601926,0.0159438772243448,5.95011346042156,1.28101152920863,0.337286664522253,0.341477129608393,0.0802019109833054,0.0488225164008327,3.08742295924458,0.0734502905688714,6.08442989125615,0.531877063738648,7.68835239956388,0.311139569152147,0.217418164014816,0.0107391024939716,0.469258347409777,0.0104338277014904,0.203307121410035,0.00682773144217208,0.153795600752346,0.00389863550662994,0.015341998776421,0.00181818183045834,0.017939393845154,0,0.0246113988978323,0.00680851051583886,0.00447204970987514,0,0.0207122092251666,0,0.0038450974971056,0,0.0278246209491044,0.0314769966644235,1.21861539184465,0.0216919742524624,0.449310260941274,0.00126796279801056,0.160427812370472,0.00452602445147932,0.171722372295335,0.00937081652227789,0.0496991915861145,0.000933924806304276,0.35925861922442,0.0304292708169669,1.91864227131009,0.0612015741062351,1.94663769798353,0.436869379249401,3.03359726245981,0.0971184608060867,0.516170365037397,0.0271230217767879,1.01746957399882,0.0916398665285669,0.036470205988735,0.00259993504732847,0.167193097440759,0.0047592897026334,0.233419033000246,0.0116044398164377,0.135430318914587,0.00406504052807577,0.0394849803415127,0.0103573279920965,0.032905442698393,0.00242634315509349,0.0540906004607677,0.112854760547634
0.0403746780648362,6.24330993380863,0.501528084307211,0,0.0552058095345274,3.31998063236824,0.184224893746432,15.5555848540389,0.0671770782209933,0.869481742149219,0.0157970320433378,1.284375007177,0.0823680805042386,2.3645649877144,0.0256465055281296,0.40169313273509,0.0077745383605361,0.141240379074588,1.77843713652692,11.9977161742863,0.0901960824267007,0.0940194687573239,1.94296640242101,9.93301611288916,0.096016347175464,0.641791074885987,0.0159006211906672,0.0502410558401607,0.0780991735809948,0.804393759462982,1.57601428087219,3.67106459179195,0.536496333283139,1.00097179893055,0.0357046237913892,0.00993103499058634,0.046010767808184,0.064862228842685,0.0520732880104333,0.0192172484530602,0.00742432929109782,0.0220525862532668,0.00737577653490007,0.0205803662538528,0.00392670161090791,0.0120186959684361,0.0141426050104201,0.0205466183251701,0.000892060634214431,0.00311457164934836,0.001006204955047,0.0031771247740835,0.000487804878503084,0,0.0192196806892753,0.0402585397532675,0.0233954134164378,0.817420966923237,0.0127337845042348,0.0192641105968505,0.00676564540481195,0.155996395507827,0.00551850988995284,0.282129126426298,0.00373657164163888,0.0177140443702228,0.0651476270868443,0.127090297755785,0.437975814915262,0.991295702347998,0.267666994041065,4.10664070188068,0.0679611664963886,1.36344188963994,0.0820770481950603,0.517435341607779,0.434269519755617,0.770699097192846,0.00169971672585234,0.0582579210749827,0.00384024577215314,0.142519414017443,0.00597838571411557,0.127063082996756,0.00327600329183042,0.0863603202160448,0.00101163377985358,0.0652626711234916,0.0106844743713737,0.015090704197064,0.549019620753825,0.247828610474244
0.0153592985589057,0.00338504940737039,3.05420860275626,0.0552058095345274,0,0.546933676698245,0.340443333203439,0.0234059718786739,8.95675288455095,0.0961775563191622,0.0588235314935446,0.00310237845405936,0.267542345565744,0.00157170929014683,4.72386300517246,0.0660853595472872,0.0585987269878387,0,0.0271024316316471,0.00147710484452546,0.171875,0.0571973319165409,1.63307329284726,0.326399991754442,5.02189761027694,1.16689282702282,3.55916151031852,0.655197110725567,1.22667829447892,0.0182815361768007,4.78659811534453,0.26054054684937,0.110645432258025,0.00615621404722333,0.0139009561389685,0.00556070439051837,0.023376622935757,0.00900321512017399,0.00624219712335616,0.00464846007525921,0.0125523009337485,0.00403632689267397,0.00767459685448557,0.00432338943937793,0.00490677135530859,0,0.00392927322536707,0.0022962111979723,0.00309597537852824,0.0010261673014611,0.0076090139336884,0,0.00386100390460342,0,0.00828001531772316,0.00139421399217099,0.0207542387070134,0.000512032769620419,0.00725806440459564,0.000756143650505692,0.00504504516720772,0,0.00776483642403036,0,0.00806451612152159,0.000910746806766838,0.011394465516787,0.00990099017508328,0.00729166704695672,0.00135593221057206,2.97225725371391,0.0936708867084235,0.599745844490826,0.0264900662004948,0.0617760606110096,0.00594059424474835,0.0496747463475913,0.00972644332796335,0.0121951214969158,0.00202020211145282,0.0495867768768221,0.00118483416736126,0.330560179194435,0.0223761324305087,0.0460251059848815,0.000464144803117961,0.115056821610779,0.0135211274027824,0.00871080119395629,0.00162910670042038,0.0045924223959446,0.0154185015708208
0.00273224053671584,0.038212982006371,0.318046144791879,3.31998063236824,0.546933676698245,0,0.0792326935334131,2.02655928488821,0.528675003093667,9.45721313450485,0.0024301337543875,0.0492813158780336,0.0846233198535629,0.0711215332848951,0.106194688472897,8.63930669118417,0.0176767676603049,0.0498409358551726,0.0705509304534644,0.108008815732319,1.67822739039548,6.86359354108572,0.655483061855193,1.88464596297126,1.88439302146435,18.7956989072263,1.1815137101803,13.3882187381387,0.0892547660623677,1.83015445771161,2.86693956633098,5.79721028963104,0.116666669491678,0.0535782612860203,0.0343347643502057,0.045745653915219,0.0141570143168792,0.55449330364354,0.00990098994225264,2.27435160963796,0.00618556723929942,0.953233875567093,0.0297709924634546,0.105715510435402,0.0146198831498623,0.0560938322450966,0.0148495509056374,0.0951655893004499,0.00102459010668099,0.0101884873583913,0.00466336356475949,0.00559105421416461,0,0,0.00374391616787761,0.86090877011884,0.00756620429456234,0.0443877531797625,0.0184442661702633,0.0082737872726284,0.0114736463874578,0.0231092448811978,0.0066042928956449,0.0249066000105813,0.0148571426980197,0.0180995475966483,0.052972974255681,0.146171688800678,0.0227507753297687,0.103425116860308,1.01624997728504,4.58845666085836,0.0856423140503466,1.38746264344081,0.0799999991431832,0.55078125,0.270967752439901,0.465340563328937,0.00200400804169476,0.0338645428419113,0.0156950672389939,0.0401179939508438,0.00880572386085987,1.45002644753549,0.0100125158205628,0.0522785095672589,0.00421940919477493,2.79709331388585,0.00289184506982565,0.082228830549866,0.705084761604667,0.188720175996423
6.75686713278992,0.00771170109510422,19.69194880547,0.184224893746432,0.340443333203439,0.0792326935334131,0,0.161393174726982,1.98255689756479,0.0348547721514478,3.07619049024652,0.00623538577929139,14.7089151043911,0.0362180033698678,0.947289402392926,0.0122745020489674,0.30411073967116,0.00433925035758875,1.95444190749549,0.105316625442356,0.0146849832381122,0.00518012704560533,1.155708215083,0.422253414290026,0.0700525380671024,0.0843321911524981,0.0265127227175981,0.00957979558734223,3.30262211847003,0.0248793173814192,1.51459709834307,0.172741685644723,1.57270779387909,0.0962566829693969,0.0574844780203421,0.00467617501271889,0.209371047094464,0.00252472126157954,0.137916670006234,0.00406586710596457,0.0770341837778687,0.0019097636686638,0.0120606477139518,0.000362910534022376,0.00725744865485467,0.000777453824412078,0.0160195014905185,0.00447427274775691,0.00817756983451545,0.000388575863325968,0.0238851099275053,0,0.00673400657251477,0,0.0136635359376669,0.0178012198302895,1.1274304066319,0.00788288307376206,0.203945051733172,0.000684579834342003,0.50627826503478,0.00157232698984444,0.45270945422817,0.00357589829945937,0.0640454014064744,0.00148312945384532,0.12405577825848,0.0123642944672611,0.312231346673798,0.0235394813353196,1.17182273292565,0.147760565771023,2.40737637458369,0.0263428688049316,0.370335373561829,0.00950570334680378,0.673348325712141,0.0425356187624857,0.0210425634868443,0.00143266475060955,0.382935148256365,0.00243383017368615,0.239152167516295,0.00275862077251077,0.482577084039804,0.00133209003251977,0.0477637851145118,0.00281520202406682,0.0526949690538459,0.000581310829147696,0.0186778079951182,0.0686799815157428
0.0250783700030297,3.99450619021081,0.429646438074997,15.5555848540389,0.0234059718786739,2.02655928488821,0.161393174726982,0,0.027487179642776,2.55907091544941,0.0127897681668401,2.86166599788703,0.0638467667158693,8.87713357267785,0.0134423251147382,0.804179418599233,0.00849858380388469,0.23951183038298,2.10338385120849,3.98355280223768,0.0427661509020254,0.0547387461410835,2.02006990087102,3.25068115349859,0.0383804294688161,0.232356588239782,0.00865800838801078,0.0423746580781881,0.0487116117146797,1.76043163787108,1.57078307401389,3.95135971638956,0.502257742162328,0.906045861775056,0.0291841698344797,0.00853740755701438,0.0264657971274573,0.0941749524790794,0.0201045433641411,0.0243471433059312,0.00739371543750167,0.0238368089776486,0.00769488129299134,0.0207563769363333,0.00591497216373682,0.0150404206942767,0.0057461550750304,0.0173767752712592,0.000376647833036259,0.00375869189156219,0.00206215947400779,0.00238826335407794,0,0,0.00729805935407057,0.0362121452344581,0.0188447363034356,1.11349277186673,0.0092276141513139,0.0216054513293784,0.00878477306105196,0.156594454543665,0.00270531402202323,0.490029458276695,0.00117462803609669,0.0208333332557231,0.0646075367694721,0.101968847215176,0.171957674319856,0.396946564665996,0.205728115397505,4.06017780618276,0.0416498180129565,1.19332402653527,0.0521778585971333,0.247375620936509,0.321943509479752,0.422961915726773,0.00137741045909934,0.118294358777348,0.00729201186913997,0.218138716183603,0.00309178745374084,0.137168986257166,0.00539744849083945,0.125244114431553,0.000418410054408014,0.0781037485285196,0.00674882638850249,0.0218284896982368,0.246995045337826,0.164018696610583
0.0532959311385639,0,1.1398328973446,0.0671770782209933,8.95675288455095,0.528675003093667,1.98255689756479,0.027487179642776,0,0.14536015689373,0.303030293434858,0.00107933080289513,4.91394020570442,0.000811688310932368,19.7524367943406,0.068636798299849,0.213566150399856,0,0.025535419525113,0.0030452988576144,0.152704143896699,0.0681818153243512,0.475672221975401,0.314179402776062,0.826997680123895,0.957645359449089,0.982832642854191,0.503805179847404,4.15002246573567,0.0351210249355063,1.73856906034052,0.226116459816694,0.0529284164658748,0.0103256555157714,0.0224299072287977,0.00400801608338952,0.0671692950418219,0.00814111274667084,0.0341880356427282,0.00609756098128855,0.0251428568735719,0.00439560459926724,0.0253465343266726,0.00358422938734293,0.0091977515257895,0.00321543391328305,0.0324675324372947,0.00157977885100991,0.00861604698002338,0,0.0389688258292153,0,0.0176510516321287,0,0.0318322987295687,0.00789096130756661,0.0527131761191413,0.00366013066377491,0.0241767396801151,0.000780031201429665,0.0319227923173457,0.00221116631291807,0.0511033670045435,0,0.0459214518778026,0.000945626467000693,0.0244105407036841,0.0101401724969037,0.0119630239205435,0.00573888095095754,3.56279055064078,0.108072050730698,1.2967179948464,0.016455696313642,0.314136128872633,0.0107642624061555,0.237267076270655,0.0217391302576289,0.0132890366949141,0.00440044002607465,0.12088337726891,0.00242792116478086,0.997677096747793,0.0144766151206568,0.128537988464814,0.00378429517149925,0.290881681838073,0.0129870126256719,0.0451977388001978,0.00277623534202576,0.0101265823468566,0.0532043548300862
0.00054288818500936,0.0133965946733952,0.0905904555693269,0.869481742149219,0.0961775563191622,9.45721313450485,0.0348547721514478,2.55907091544941,0.14536015689373,0,0.00119760481175035,0.0243407702073455,0.0266120773740113,0.0836236914619803,0.0184246886055917,5.71763634297531,0.00373134319670498,0.0167539268732071,0.0274833134608343,0.0473415895248763,0.154425609158352,0.388224459835328,0.226950348354876,0.670606777770445,0.194602278526872,1.77380947011989,0.059327618801035,0.55966502323281,0.0180102920858189,0.740341435186565,0.527805875753984,2.21186441089958,0.0297029712237418,0.0219946908182465,0.0117746005998924,0.00895255128853023,0.00253485422581434,0.143126178765669,0.00243902439251542,0.121660038479604,0,0.171039843931794,0.0113464443711564,0.0382815819466487,0.00192678230814636,0.016120906919241,0.00542005407623947,0.0369671820662916,0,0.0120785096660256,0.00115774245932698,0.00395569630200043,0,0.00123915739823133,0,0.0674234580947086,0.00150413636583835,0.0172413788968697,0.00794281193520874,0.00372717098798603,0.00497689284384251,0.00829875562340021,0.00325909839011729,0.0115084258140996,0,0.00805729615967721,0.0198711068369448,0.0529953916557133,0.0132788565242663,0.0423000678420067,0.15763546526432,1.47836833912879,0.0173697269055992,0.55797525239177,0.0316573560703546,0.173664122703485,0.101792946457863,0.146167554426938,0.00195694714784622,0.0194552529137582,0.0103703703498468,0.0246045696549118,0.00217273226007819,0.665274146827869,0.00124533000052907,0.0207039334054571,0,0.573634831234813,0.00172314763767645,0.0231120677781291,0.0594059403520077,0.07610993552953
4.17162954079686,0.00278318941127509,1.98117764946073,0.0157970320433378,0.0588235314935446,0.0024301337543875,3.07619049024652,0.0127897681668401,0.303030293434858,0.00119760481175035,0,0.00302724516950548,15.3158789188601,0.0077130738645792,1.97707470948808,0.00269420753465965,7.11742884339765,0.00833333376795053,0.530308960005641,0.0312046442995779,0.0130597011884674,0.00364630809053779,0.0553335371660069,0.0266875987872481,0.00705218641087413,0.0105124833062291,0.0196463655447587,0.00415800407063216,2.5286079471116,0.0134168154909275,0.178068404202349,0.0168598517775536,0.216105178638827,0.0468454852234572,0.0383653042372316,0.003549245884642,0.202770772972144,0.00249532121233642,0.135757576674223,0.00226116459816694,0.129482075572014,0.00192492781206965,0.0195930666523054,0.000847098708618432,0.0191754556726664,0.00100250623654574,0.0177400698885322,0.00150319433305413,0.0161127895116806,0,0.0513708492508158,0,0.0187265913700685,0,0.0325323469005525,0.0164552628993988,3.56789213384036,0.00505816889926791,0.193829118798021,0.00148533238098025,0.687212178017944,0.00103199179284275,1.41329014347866,0.0057306588278152,0.11547085782513,0,0.0648098542587832,0.00919012073427439,0.159552839584649,0.0262639531865716,0.746634039096534,0.0503685494186357,1.88902584975585,0.00936220027506351,0.356088565196842,0.0094517960678786,0.396779769798741,0.0437093933578581,0.199612402357161,0.00770712923258543,1.46420661360025,0.00233644852414727,3.04051870317198,0.00311688298825175,0.499585759069305,0.00137709430418909,0.211538466857746,0,0.050400918815285,0.000536049308720976,0.0391730130650103,0.0878661065362394
0.0165165162761696,5.57483957632212,0.0288485452765599,1.284375007177,0.00310237845405936,0.0492813158780336,0.00623538577929139,2.86166599788703,0.00107933080289513,0.0243407702073455,0.00302724516950548,0,0.0037002774188295,6.69568230560981,0.000805477262474597,0.18900750821922,0.00833333376795053,5.29522965702927,0.679258500866126,1.48920857068151,0.0262008737772703,0.0371694078203291,0.0630098478868604,0.124210530950222,0.00581395346671343,0.0197368422523141,0.0021869873162359,0.00687679066322744,0.0181543109938502,7.26162333390675,0.206113543128595,0.207272728672251,0.158625732176006,0.368938637897372,0.0239840112626553,0.00839748093858361,0.0126984128728509,0.0640419945120811,0.0174180318135768,0.00772573659196496,0.00612557446584105,0.0164056670619175,0.00270635983906686,0.0120165226981044,0.00251256278716028,0.0121898129582405,0.00276338518597186,0.00877489050617442,0.000874125864356756,0.00347977387718856,0.00159277935745195,0.00140845065470785,0,0,0.00199534418061376,0.0260950602823868,0.0106951872003265,1.53242485056398,0.0204946991289034,0.0173622708534822,0.00895999977365136,0.166071429499425,0.00650255446089432,0.529690351278987,0.00191754556726664,0.0125687355175614,0.0688800812349655,0.106765326228924,0.18678414565511,0.465753427124582,0.0878099136753008,1.6715026613092,0.0509355512913316,2.00795615231618,0.0173160172998905,0.26764706405811,0.121509059332311,0.238596484297886,0.00299850082956254,0.313432838302106,0.0126162022352219,0.369833592267241,0.000928936351556331,0.15716210618848,0.00428849918534979,0.0910066536162049,0,0.0432941186008975,0.00158144440501928,0.0119018107652664,0.268632269930094,0.0635930057615042
2.14490417263005,0.0032962504774332,5.53172702225856,0.0823680805042386,0.267542345565744,0.0846233198535629,14.7089151043911,0.0638467667158693,4.91394020570442,0.0266120773740113,15.3158789188601,0.0037002774188295,0,0.013492475845851,10.8721670585219,0.012041283887811,1.64779441826977,0.00565859768539667,0.514929302968085,0.0458053280599415,0.0205743676051497,0.00339270569384098,0.468763832934201,0.274087697267532,0.0582306850701571,0.0905497680651024,0.0473457678453997,0.0140532546211034,4.1454344696831,0.0200171576580033,0.73991996247787,0.120291232015006,0.35236806620378,0.0348004088737071,0.0333333325688727,0.00670016743242741,0.179010175634176,0.00349162000929937,0.107866711798124,0.00330033013597131,0.0768211899558082,0.000869565235916525,0.0526181365130469,0.000552181096281856,0.0167314019054174,0,0.0710949688800611,0.00203977571800351,0.0381890969583765,0.000613873533438891,0.109606431011343,0,0.032134125707671,0,0.0605143723078072,0.0134035423398018,1.05627373972675,0.00460210943128914,0.140934287861455,0.00151745066978037,0.433398617897183,0.00750234466977417,0.771850897406694,0.00377969752298668,0.142528731492348,0.00228245370090008,0.0792792792781256,0.0227703986456618,0.0792815089225769,0.0122126436326653,1.54680485784775,0.0740740731125697,2.2129725839477,0.0154882148490287,0.389765446307138,0.00948684808099642,0.546666660811752,0.0331753546488471,0.0514609679812565,0,0.749937006854452,0.0051227321382612,1.8521850843681,0.0075329567771405,0.657250809017569,0.00213599146809429,0.316525585367344,0.00194552529137582,0.107721440494061,0.00080128206172958,0.0165137615986168,0.0685611173976213
0.00781419582199305,1.07146030216245,0.117012089496711,2.3645649877144,0.00157170929014683,0.0711215332848951,0.0362180033698678,8.87713357267785,0.000811688310932368,0.0836236914619803,0.0077130738645792,6.69568230560981,0.013492475845851,0,0.000646412430796772,0.150318473577499,0.00711181329097599,0.470878913241904,1.26167148340028,1.60588711663149,0.0120906801894307,0.0248756230575964,0.590494491043501,0.898006361327134,0.00943800975801423,0.0254620132036507,0.00081967213191092,0.0135823432356119,0.0159754221094772,5.19021894573234,0.563254027918447,1.26574173249537,0.245593077968806,0.457865173229948,0.0160984853282571,0.00588235328905284,0.00559776090085506,0.0381558034569025,0.00780335569288582,0.00745712139178067,0.00104329676833004,0.0133196713868529,0.00392486673081294,0.00977397710084915,0.00266755581833422,0.00962861080188304,0.00114090135321021,0.00559597101528198,0.000689893087837845,0.000687285210005939,0.00137048884062096,0,0,0,0.00221116631291807,0.0114882505731657,0.00651465775445104,0.595438654330792,0.00697471643798053,0.00443704938516021,0.00214132759720087,0.0512101023923606,0.00217076693661511,0.308104884868953,0.00148312945384532,0.0101362057030201,0.0318485050811432,0.0409556317026727,0.0659493252169341,0.185550083289854,0.0683156648883596,2.32506880583242,0.0126232737675309,1.086956555082,0.0310465703951195,0.156265850411728,0.122926095675211,0.172678429225925,0.00102827767841518,0.118913383223116,0.00165608612587675,0.125893478456419,0.00289435591548681,0.0704721605870873,0.001393485465087,0.0500948770204559,0.00253271427936852,0.0219298247247934,0.000908059009816498,0.00559862202499062,0.169213976478204,0.0631353642093018
0.363289637141861,0.000488519784994423,0.853080558590591,0.0256465055281296,4.72386300517246,0.106194688472897,0.947289402392926,0.0134423251147382,19.7524367943406,0.0184246886055917,1.97707470948808,0.000805477262474597,10.8721670585219,0.000646412430796772,0,0.0146627565845847,1.38367151096463,0.007434944040142,0.0431654658168554,0.00921093014767393,0.207247292390093,0.00750938686542213,0.342567932209931,0.11282387864776,0.260552362306044,0.211566968588158,0.988165693357587,0.0771604914916679,8.78860372869531,0.0168067233171314,1.04298917157575,0.0600250088609755,0.0695059653371572,0.015883099695202,0.0423529394902289,0.00491400482133031,0.258496887981892,0.00475285167340189,0.037192003801465,0.00176211458165199,0.823920231778175,0.0051948050968349,0.103961966698989,0.00139762402977794,0.0363355225417763,0.00160256412345916,0.125404011574574,0.000632511044386774,0.0538801762158982,0,0.15078164433362,0,0.0656205439008772,0,0.131628193950746,0.00409596262034029,0.317333336861338,0.00538720528129488,0.130736211896874,0.00250469637103379,0.157641400001012,0.00492004933767021,0.195578227285296,0.00747282622614875,0.153172870341223,0.00145719491411,0.0868949240539223,0.022093900013715,0.023491291271057,0.0207509889733046,4.80749406432733,0.0328792870277539,2.16109277529176,0.0126696833176538,0.305362770799547,0.00641436839941889,0.286607144458685,0.0364630809053779,0.106979780597612,0.00649772584438324,0.856431033753324,0.00407643290236592,10.4115644125268,0.0123660347890109,0.633890016790247,0.00370522841694765,2.19826261466369,0.00172117038164288,0.236413714941591,0.00047258980339393,0.00985915458295494,0.0260809876490384
0.00471586885396391,0.085507244191831,0.051101733581163,0.40169313273509,0.0660853595472872,8.63930669118417,0.0122745020489674,0.804179418599233,0.068636798299849,5.71763634297531,0.00269420753465965,0.18900750821922,0.012041283887811,0.150318473577499,0.0146627565845847,0,0.0397228639922105,0.182407788815908,0.110180408984888,0.201634876721073,0.374305134639144,2.15206810948439,0.168421044945717,0.424555753183085,0.279898219741881,1.56694054196123,0.12054001854267,2.21407032804564,0.0456905497703701,9.99137639213586,0.613806686946191,1.58691209624521,0.118752099922858,0.0989355066558346,0.0698740010848269,0.0645161268766969,0.0103044494753703,0.620465129497461,0.0109239870216697,0.908462864579633,0.0025789812207222,0.677175284363329,0.0612308662384748,0.240027512132656,0.0600075969705358,0.171518490766175,0.0261146500706673,0.233790531638078,0.00315831019543111,0.0306603763019666,0.00398803595453501,0.00777957891114056,0,0,0.00430504296673462,0.400115470925812,0.0250769909180235,0.118640301923733,0.0539837414980866,0.0407407425809652,0.0296735903248191,0.0732394340448081,0.0200166804715991,0.0829431416932493,0.0231660239514895,0.055177356232889,0.178930156573188,0.395631678518839,0.0524850902147591,0.228985501395073,0.451169182313606,2.65287358692149,0.0461041956441477,3.21808500448242,0.0380134891020134,0.507165092974901,0.191601053404156,0.633035717823077,0.0101329954341054,0.148895896505564,0.0276327904430218,0.235708877909929,0.014178482000716,4.88996780035086,0.0253023257246241,0.17088091513142,0.00499251123983413,2.52151900436729,0.00544689252274111,0.117812063195743,0.362892225850374,0.0771789730060846
2.23127744160593,0.0118946470320225,0.358764015138149,0.0077745383605361,0.0585987269878387,0.0176767676603049,0.30411073967116,0.00849858380388469,0.213566150399856,0.00373134319670498,7.11742884339765,0.00833333376795053,1.64779441826977,0.00711181329097599,1.38367151096463,0.0397228639922105,0,0.0699677056400105,0.138677352457307,0.0452858216594905,0.0257425750605762,0.0270531394053251,0.0238169843796641,0.01287208404392,0.00442477874457836,0.0164383566007018,0.030034129275009,0.0115858074277639,3.29473691037856,0.141674328944646,0.0602284553460777,0.0196078426670283,0.405564929591492,0.150096707046032,0.276165340445004,0.167136154719628,0.487549164332449,0.0817650882527232,0.129722916870378,0.0199179849587381,0.125265399226919,0.0204708287492394,0.0979938278906047,0.0200086997938342,0.0810276712290943,0.0331091582775116,0.0616357151884586,0.0200076956534758,0.064449064899236,0.00723514182027429,0.137525707483292,0.00646203570067883,0.0311688305810094,0,0.0537268240586855,0.0322241691173986,5.497078993998,0.0488180902902968,0.763179213332478,0.0152033451013267,0.936617195606232,0.0671641806839034,2.01117940514814,0.0562788724782877,0.341463406803086,0.031164069310762,0.54193898482481,0.232748535112478,0.141657914500684,0.194387412630022,0.631043259054422,0.0817369073629379,1.64487184619065,0.0935033358400688,0.283757336437702,0.0863453783094883,0.61061418056488,0.432863279129378,3.69484549760818,0.0860655689612031,6.03096676175483,0.0499702545348555,5.92286186129786,0.0880300567951053,0.582039444416296,0.0167636785190552,0.357245339197107,0.0329358309973031,0.0822157398797572,0.0119923681486398,0.100350059336051,0.0872483225539327
0.0152516516391188,2.93034193105996,0.0126294515212066,0.141240379074588,0,0.0498409358551726,0.00433925035758875,0.23951183038298,0,0.0167539268732071,0.00833333376795053,5.29522965702927,0.00565859768539667,0.470878913241904,0.007434944040142,0.182407788815908,0.0699677056400105,0,0.104397568036802,0.349799748044461,0.0228658528067172,0.0703066589776427,0.0183223597705364,0.0329985654680058,0.00603136315476149,0.0124858121853322,0.00226372387260199,0.0130718951113522,0.0588690927252173,14.1494349210989,0.0377019757870585,0.0598690360784531,0.321615567663684,0.206442667753436,0.161223078146577,0.0790051224175841,0.0164113787468523,0.288659793091938,0.0042328042909503,0.0209059232147411,0.00643086805939674,0.0437842071987689,0.0138217001222074,0.02229911548784,0.0146173693356104,0.0384787478833459,0.00635368848452345,0.0165460179559886,0.00718778092414141,0.0160929816775024,0.00917678861878812,0.0129589629359543,0.00108577637001872,0,0.00339558580890298,0.0532150799408555,0.0669969325535931,3.40963289490901,0.100433523766696,0.132287755375728,0.0541952336789109,0.516069785342552,0.0459110476076603,3.40887058561202,0.0276679852977395,0.213365541712847,0.453447383712046,0.586243978817947,0.132246379274875,0.915484963101335,0.164354318287224,0.857601702678949,0.1127819577232,2.10569530259818,0.0181268882006407,0.215716494712979,0.214249621145427,0.46249355468899,0.0157232698984444,12.7308292890666,0.0705084749497473,3.78220530005638,0.0191296031698585,0.648498849361204,0.0331491704564542,0.347182948258705,0.00471698120236397,0.091129420674406,0.0064308678265661,0.044321327470243,0.329594488837756,0.0585284276166931
2.9166484446614,0.348545867454959,11.2206263039843,1.77843713652692,0.0271024316316471,0.0705509304534644,1.95444190749549,2.10338385120849,0.025535419525113,0.0274833134608343,0.530308960005641,0.679258500866126,0.514929302968085,1.26167148340028,0.0431654658168554,0.110180408984888,0.138677352457307,0.104397568036802,0,15.4979349318892,0.0841457187198102,0.0587639340665191,5.62953978806036,2.01868605101481,0.0200435735750943,0.0650270929327235,0.00915141403675079,0.00862068962305784,0.647406019386835,0.524895585840568,5.70820250175893,2.69909916445613,14.2869217903353,8.31952367385384,0.41522158740554,0.0798403192311525,0.198782962397672,0.0370967736234888,0.174119506264105,0.011337868636474,0.109516213415191,0.0198329858249053,0.0101954117417336,0.00247066095471382,0.00877489050617442,0.00766016700072214,0.0138328531756997,0.0141322787385434,0.00139713590033352,0,0.00644864101195708,0,0.000806776923127472,0,0.0295924051315524,0.0300474436953664,0.652994259260595,0.250465744466055,0.305433194153011,0.0117647064034827,0.0724324341863394,0.0397868556901813,0.065249266801402,0.116867472301237,0.0135287489974871,0.00640820246189833,0.680546511488501,0.392750638537109,14.7065030201338,1.34500003256835,1.76583033049246,3.96487013739534,1.20928370422916,1.18638820433989,0.346761872060597,0.481653726892546,1.10626914998284,1.39066147827543,0.0125720277428627,0.0396866837982088,0.054084190283902,0.0520809115841985,0.0557184750214219,0.0763740176334977,0.0361086755874567,0.0294230041909032,0.0120017144363374,0.025925925874617,0.0178530556149781,0.00694444449618459,0.949888669070788,0.444080749759451
0.184067087277072,3.98072391396272,0.356204372481443,11.9977161742863,0.00147710484452546,0.108008815732319,0.105316625442356,3.98355280223768,0.0030452988576144,0.0473415895248763,0.0312046442995779,1.48920857068151,0.0458053280599415,1.60588711663149,0.00921093014767393,0.201634876721073,0.0452858216594905,0.349799748044461,15.4979349318892,0,0.0986964630428702,0.158306491328403,0.593208593199961,2.40286975493655,0.00962309539318085,0.0469591979053803,0.00384172104531899,0.0325526011874899,0.12755997874774,0.836956510436721,1.28655354457442,1.1519838226377,3.02450134721585,3.51759332744405,0.106373628485017,0.0236041768221185,0.159159163013101,0.0634565157815814,0.186353634460829,0.0239015823462978,0.0375000000349246,0.0434988174820319,0.00965147442184389,0.0192027924349532,0.0113851987989619,0.0156300882808864,0.0327064585871994,0.0181964141083881,0.00326583918649703,0.00325414905091748,0.00220215806621127,0.00332042074296623,0,0,0.0444326908327639,0.0505885279853828,0.19073892198503,1.27157059474848,0.0932297478429973,0.0472273807390593,0.0328289307653904,0.150630392716266,0.0321147946524434,0.280193231243175,0.00629370653769001,0.0168674702290446,0.676507300173398,0.599824473931221,6.28449392650509,7.68141607742291,0.575645745266229,4.98668645555153,0.227575990196783,2.30161570594646,0.208333329646848,1.11433928506449,1.03801064577419,2.29685800499283,0.0113851991482079,0.0917691579088569,0.0348652917891741,0.123111112479819,0.0198155115940608,0.143952020443976,0.0128726289840415,0.0695748181315139,0.00631911540403962,0.0648499502567574,0.033712783944793,0.015810276963748,1.66215534019284,0.717519682366401
0.0226830839528702,0.0268006697297096,0.0231436835601926,0.0901960824267007,0.171875,1.67822739039548,0.0146849832381122,0.0427661509020254,0.152704143896699,0.154425609158352,0.0130597011884674,0.0262008737772703,0.0205743676051497,0.0120906801894307,0.207247292390093,0.374305134639144,0.0257425750605762,0.0228658528067172,0.0841457187198102,0.0986964630428702,0,3.28834348171949,0.0801512269536033,0.10515464306809,3.18271619314328,3.49671776499599,0.807399324839935,1.67425152682699,1.35063432296738,0.216216212138534,2.94927546463441,2.54108526185155,0.03723987005651,0.0676802376983687,0.0169204734265804,0.0231213876977563,0.2693877434358,0.0924623105674982,0.163147788261995,0.103359175845981,2.07070706877857,0.264501151163131,0.0127077223733068,0.0273816324770451,0.00676589959766716,0.0187454934930429,0.0181360202841461,0.0311738923192024,0.00145137880463153,0.00287976954132318,0.00420021009631455,0.00103626947384328,0.00201207236386836,0,0.0314735344145447,0.0519705517217517,0.0206428780802526,0.0209205027204007,0.011458333930932,0.00479616312077269,0.01264108333271,0.0105263158911839,0.00643604202196002,0.00653950986452401,0.0102040814235806,0.00488997576758265,0.0396673065843061,0.0466249140445143,0.0352941183373332,0.0918032820336521,7.62573105096817,3.71568649425171,0.477317560464144,0.479564046487212,0.970588285010308,0.568888902664185,1.08930153213441,0.623041481943801,0.00471698120236397,0.00930232554674149,0.0390104653779417,0.0127840912900865,1.39179408724885,0.168564914376475,0.0251184831140563,0.0106695119757205,0.158018870279193,0.220576131250709,0.0249653267674148,0.0128081976436079,0.971061076968908,1.76436780951917
0.00642880098894238,0.0425249151885509,0.0159438772243448,0.0940194687573239,0.0571973319165409,6.86359354108572,0.00518012704560533,0.0547387461410835,0.0681818153243512,0.388224459835328,0.00364630809053779,0.0371694078203291,0.00339270569384098,0.0248756230575964,0.00750938686542213,2.15206810948439,0.0270531394053251,0.0703066589776427,0.0587639340665191,0.158306491328403,3.28834348171949,0,0.0479400753974915,0.0905852420255542,0.617964082863182,1.79765705019236,0.139830508735031,11.5465115848929,0.0432063688058406,0.6400483782636,0.91387901105918,1.53155889979098,0.0702323083532974,0.0687984493561089,0.0649350648745894,0.0735294120386243,0.0398009968921542,1.19019614881836,0.0356138711795211,7.5126476562582,0.0190023761242628,5.03070179186761,0.0135200390359387,0.0899887550622225,0.0332667987095192,0.0807365428190678,0.020895523368381,0.077959576388821,0.00142551679164171,0.014144271844998,0.00208188750548288,0.00716112542431802,0,0,0.00659754942171276,0.378748927731067,0.0152224818011746,0.0516167334280908,0.0339331633877009,0.0161137438844889,0.0133928572176956,0.0428044272121042,0.00946372258476913,0.0322580651845783,0.00999167351983488,0.0192655026912689,0.0850523663684726,0.16005519637838,0.0563176909927279,0.229787226766348,2.26070404238999,10.6622008241247,0.0750721846707165,1.55062170338351,0.271457085385919,2.22736831940711,0.517301054322161,0.794594613835216,0.00445434311404824,0.0263736275956035,0.0178655385388993,0.0337909189984202,0.00473186129238456,0.73472429800313,0.00895170803414658,0.0317965017165989,0.0137457051314414,1.31935481843539,0.00412512884940952,0.0508259190246463,19.6726194140501,0.713136752136052
0.0470856269821525,0.0398761121323332,5.95011346042156,1.94296640242101,1.63307329284726,0.655483061855193,1.155708215083,2.02006990087102,0.475672221975401,0.226950348354876,0.0553335371660069,0.0630098478868604,0.468763832934201,0.590494491043501,0.342567932209931,0.168421044945717,0.0238169843796641,0.0183223597705364,5.62953978806036,0.593208593199961,0.0801512269536033,0.0479400753974915,0,12.2703225838195,3.02841852308484,1.09273025667062,0.440645178372506,0.0981432343833148,0.364240110036917,0.378051996231079,14.8149403368589,5.64102556731086,4.8859493220225,0.573459708830342,0.239538239315152,0.0399999999208376,0.0607402715831995,0.0176322411280125,0.0124107976444066,0.00658288423437625,0.00620876997709274,0.00765696808230132,0.0108824224153068,0.00660904904361814,0.00382618186995387,0.00504484330303967,0.0033605377539061,0.0108644306019414,0.00168586685322225,0.00168067234335467,0.00436681235441938,0.000486499629914761,0,0,0.00327255731099285,0.0120267260936089,0.0656855700071901,0.0275013579521328,0.0326749573869165,0.0023441162193194,0.0118289353558794,0.00854457408422604,0.0151869154069573,0.0174302794039249,0.00536193017615005,0.00261985842371359,0.162803846877068,0.0629080099461135,0.159277045167983,0.128552974958438,0.320548787363805,1.88878478202969,0.184663541731425,0.298598405206576,0.0549491925630718,0.0463702025590464,0.2856280154665,0.198407832998782,0.00690978899365291,0.00612792046740651,0.0186784961260855,0.010006003867602,0.0297897186828777,0.0423098910832778,0.0121855962497648,0.0080944353248924,0.00792340678162873,0.0288574805599637,0.00355380069231614,0.0041478130442556,0.0505617977469228,0.102807431248948
0.0162209558184259,0.0605245480255689,1.28101152920863,9.93301611288916,0.326399991754442,1.88464596297126,0.422253414290026,3.25068115349859,0.314179402776062,0.670606777770445,0.0266875987872481,0.124210530950222,0.274087697267532,0.898006361327134,0.11282387864776,0.424555753183085,0.01287208404392,0.0329985654680058,2.01868605101481,2.40286975493655,0.10515464306809,0.0905852420255542,12.2703225838195,0,3.54418204264948,1.62677829153836,0.420876824297011,0.154911290796008,0.197507781907916,0.61920101189753,5.64635867619654,4.69703549146652,1.08721982251154,0.315789489832241,0.0832123864674941,0.0210526309674606,0.017100976605434,0.0477539470884949,0.0174741862574592,0.0212362532038242,0.00320512836333364,0.0262191926594824,0.00454287324100733,0.0210591508075595,0.00338524027029052,0.011875655152835,0.00577867671381682,0.0226693111471832,0,0.00139616057276726,0.0018462958978489,0.000587199057918042,0,0,0.00279876840068027,0.0211360631510615,0.011506060953252,0.0493571115948725,0.0047114253975451,0.00280820007901639,0.0043348683975637,0.0135424095205963,0.000735564564820379,0.0302023545373231,0.00301659130491316,0.00642673519905657,0.0512820503208786,0.0482758625003044,0.0578279285691679,0.0895023013581522,0.247801758232526,3.03285260364646,0.0995983956381679,0.535506410524249,0.0819672085344791,0.0944963695947081,0.314537785016,0.246778602711856,0.00315789459273219,0.0188877219334245,0.0106204582261853,0.0181733461213298,0.0161824204260483,0.0945220165885985,0.00596910118474625,0.015693779947469,0.00258175557246432,0.0661464122822508,0.00366972479969263,0.00956729723839089,0.0895355362445116,0.156798246782273
