0,0.0355321028910112,4.18298675952246,0.0431034472421743,0.00267952826106921,0.0021259633358568,3.99164611563901,0.0349113252013922,0.00924918364034966,0,5.28890054969816,0.0132482826593332,2.83971008885419,0.0148588405863848,0.124419682193547,0.00138408306520432,2.12473471654812,0.00448989792494103,2.50604959946941,0.203431374917272,0.0139549636514857,0.00381073344033211,0.0277829225524329,0.0114528098492883,0.000574547564610839,0.000551116012502462,0.0244308710098267,0.0017026107525453,4.17836388165597,0.0158084917347878,0.286682800389826,0.0125754522741772,1.31247248966247,0.418086237157695,0.0181543116923422,0.00436001253547147,0.44628983939765,0.0021668472327292,0.234850523527712,0.00521104724612087,0.0663659773417749,0.00255264830775559,0.00377437623683363,0,0.000959002645686269,0,0.037988344905898,0.00532350534922443,0.0019865904469043,0,0.00989224552176893,0,0.00108137330971658,0,0.0928392997884657,0.0180180180177558,15.5490998630121,0.0131449231412262,0.263937284995336,0.00166875263676047,0.986245987529401,0.000992802204564214,0.589613063726574,0.00261380954179913,0.0922603835351765,0.0022967386757955,0.122701491432963,0.032440057490021,4.03806207102025,0.101300858077593,0.820899536367506,0.087003224529326,2.98075909505133,0.0263504625763744,0.718305410817266,0.032391234242823,0.851428536290769,0.0725251465337351,0.0372750641545281,0.003844921477139,0.249380684108473,0.00470417964970693,0.239656909252517,0.00148478097980842,0.217043180891778,0.00182149355532601,0.0379281074274331,0,0.0686803318676539,0.0006835269741714,0.0499500485602766,0.0495212923851795
0.0355321028910112,0,0.0191104941768572,7.23759607353713,0.001118881162256,0.0238491404452361,0.00648393726442009,5.83295286266366,0.000568343268241733,0.00834028352983296,0.00387919077184051,7.68359277024865,0.00207943434361368,1.35309619351756,0,0.0679751075804234,0.0276931590633467,1.25856703240424,0.280632414040156,3.04114788986044,0.0333778385538608,0.0233957223827019,0.0190766877494752,0.0460728381585795,0.000601684732828289,0.00230414746329188,0,0.0100980105926283,0.0843178149661981,0.702411605743691,0.0714825094910339,0.100026183121372,0.42182150145527,1.15441498375731,0.0476492990856059,0.0163719712872989,0.016778523568064,0.0407355003990233,0.0433070883736946,0.0141265961574391,0.00339328136760741,0.00671817280817777,0.000867302704136819,0.00648148136679083,0.00199302448891103,0.0126230748719536,0.0142984809353948,0.00888512792880647,0,0.00256016384810209,0.00181686045834795,0.00266311591258273,0,0.000558035739231855,0.0228104158013593,0.0599421228980646,0.0972684901207685,18.597402309184,0.0297632474103011,0.167780894727912,0.0225611030473374,0.831095006491523,0.0159108988009393,1.13531797690666,0.00587449932936579,0.189182755188085,0.18791946885176,0.568268348841229,0.844947300327476,5.53182874491904,0.0759280120837502,1.18587044795277,0.0323570419568568,1.93842771858908,0.0192947432515211,0.758689854410477,0.256701869191602,1.09582986310124,0.00676818948704749,0.13832658121828,0.00682739494368434,0.444320296490332,0.00210139225237072,0.0303810518817045,0.00731314939912409,0.204011825844646,0.00355450250208378,0.0155579398851842,0.00851063846494071,0.030201930727344,0.309205900412053,0.0884401099174283
4.18298675952246,0.0191104941768572,0,0.545540643855929,1.98369717039168,0.110589457442984,15.2546333426726,0.610619466751814,0.409394188958686,0.0794771229848266,1.26296592847211,0.0438871473015752,3.14194966322975,0.183186953247059,0.378625254059443,0.0236041768221185,0.267257088969927,0.00245098053710535,7.98368892815779,0.566136512439698,0.0105459056212567,0.00372670800425112,3.38098730053753,1.08148764027283,0.474662173655815,0.0810810830444098,0.0778655079193413,0.0339360212674364,2.41276129821199,0.0857968429627363,5.14544142293744,0.50012354622595,6.28032100750715,0.217571481334744,0.00177725125104189,0.000609384500421584,0.241850670427084,0.00265745416982099,0.14799154130742,0.00255819904850796,0.0308661421877332,0.0006240249495022,0.00123966942192055,0.000879507453646511,0,0.00047744091716595,0.0136054418981075,0.00121089810272679,0,0,0.00314026509295218,0.000422475714003667,0.000530503981281072,0,0.0393846156075597,0.0165811285260133,0.480423634231556,0.00747117112041451,0.0544713689887431,0.000411099696066231,0.0701894317753613,0.000975609757006168,0.062515631725546,0.00171600177418441,0.00805436726659536,0.000451977393822744,0.0292020379565656,0.00592025055084378,0.940490662585944,0.0217155274003744,1.26374205452157,0.513834020239301,1.74770529777743,0.0801862427033484,0.637600519869011,0.0416149060474709,0.736546806059778,0.096128864097409,0.00251335208304226,0.000626566412393004,0.0386571712442674,0.00500178622314706,0.0560099157155491,0.00194552529137582,0.0283085624687374,0.000901036168215796,0.0127635964308865,0.00202224473468959,0.0223681883071549,0.00101300014648587,0.0442420314066112,0.0890322615159675
0.0431034472421743,7.23759607353713,0.545540643855929,0,0.0741454018861987,1.12544805961079,0.275899532483891,19.5439791716344,0.0356271351920441,0.75478925392963,0.0243553007603623,0.911960874072975,0.128804755047895,2.89655164000578,0.0253699795575812,0.313643042289186,0.0105011934647337,0.0595802287571132,1.70114937587641,12.5276421744784,0.0302097913809121,0.0453654421144165,1.47362998506287,13.2143276276765,0.0538047627196647,0.477906703948975,0.0352882688166574,0.130258494871669,0.0976307200908195,0.731546377530321,1.52372584934346,2.51932692772243,0.605241926183226,1.01487348705996,0.0171719882637262,0.0071566195692867,0.0356197361834347,0.0160427811497357,0.054655382031342,0.00938967161346227,0.00623936468036845,0.00843644578708336,0.00231169327162206,0.00857317837653682,0.000435445253970101,0.00704845832660794,0.0146389708679635,0.00640784009010531,0.000449539220426232,0.00133779260795563,0.000657570257317275,0.00157325470354408,0,0,0.0233448138460517,0.0402436774456874,0.0221783379674889,0.472649037779775,0.00478659756481647,0.031825152633246,0.00521803938318044,0.124915752676316,0.00321839083335362,0.106124078272842,0.000462534691905603,0.048157453420572,0.0403781442437321,0.124056452186778,0.47985674906522,0.961090500641149,0.230713426804869,3.075735676568,0.0744476442923769,1.27436567060067,0.0697350042173639,0.46485576487612,0.482209742767736,0.963333323015831,0.00113186193630099,0.0344340946758166,0.00303835934028029,0.146915444085607,0.0031919743923936,0.0318171627295669,0.00296655867714435,0.0610556364990771,0.000505689007695764,0.0204318552277982,0.0103609627694823,0.016257571609458,0.329343052580953,0.314691408828367
0.00267952826106921,0.001118881162256,1.98369717039168,0.0741454018861987,0,0.508166954386979,0.307469472434605,0.0372203521546908,9.11621944932267,0.111922140233219,0.030193236307241,0.00101729400921613,0.191876755212434,0.00076893501682207,2.78707915346604,0.0467415729071945,0.00723763578571379,0,0.00307574006728828,0.00143575016409159,0.381591567886062,0.0923965349793434,1.61082398757571,0.539731295837555,5.71553617157042,1.27320602326654,8.44504048582166,1.08486565051135,1.62182737793773,0.0198446943541057,3.99405953055248,0.281886373064481,0.0897858299431391,0.00302457460202277,0,0.00181653047911823,0.0406654336256906,0.00632111274171621,0.00374298181850463,0.00115740741603076,0.414486906956881,0.00390625,0.00601729983463883,0.000844951428007334,0.000970402732491493,0,0.00158541416749358,0.000720980518963188,0,0,0.00168966490309685,0,0.00377595971804112,0,0.00445434311404824,0.00207972270436585,0.00394964218139648,0,0.00241740531055257,0,0.00494001421611756,0,0.0110011000651866,0,0.00223214295692742,0,0.00161768670659512,0,0.00206611561588943,0,3.61447277606931,0.125154897221364,0.523284332244657,0.0272997030988336,0.0569800555240363,0.0115495668724179,0.0528735630214214,0.0155875303316861,0.00798403192311525,0.00197823927737772,0.0424286768538877,0.00117061752825975,0.414239466190338,0.00414293119683862,0.0339885341527406,0.00133988389279693,0.160224875668064,0.00450704246759415,0.0307068357942626,0.000534473569132388,0.00671892520040274,0.0152339495252818
0.0021259633358568,0.0238491404452361,0.110589457442984,1.12544805961079,0.508166954386979,0,0.056743421475403,0.935852000722662,0.18159048689995,10.3307459475473,0,0.036054081749171,0.0339452708722092,0.0493920978624374,0.0655002246494405,6.78900687722489,0.0130254591349512,0.030051814741455,0.0235562312882394,0.039048632606864,0.76536313793622,7.50280396803282,0.262048198201228,2.05842183355708,1.12125538056716,11.8645165889757,0.873276443453506,13.6733566011535,0.0868475986644626,1.75138360529672,1.66455388139002,4.27727996744215,0.0244001619284973,0.0381165918661281,0.0309951063245535,0.0371024737833068,0.00483675953000784,0.545567274093628,0.0110159120522439,1.56679937406443,0,0.942180083598942,0.0133828996913508,0.0792326935334131,0.0124282981851138,0.0431584124453366,0.0148786217905581,0.0819964343099855,0.00102669408079237,0.00806451588869095,0.000558347266633064,0.0015479875728488,0,0.00120336946565658,0.00220183480996639,0.325102880015038,0.00538951472844929,0.00549039151519537,0.00159172306302935,0.00368324137525633,0.00209424085915089,0.00820512790232897,0.00108166574500501,0.0103503186255693,0.00109709275420755,0.0131868134485558,0.020320856012404,0.0762593898689374,0.0111845445353538,0.0273793997475877,0.924112622160465,3.93799374240916,0.0312687915284187,1.70046623807866,0.0682656834833324,1.19813087780494,0.259740254841745,0.58151851198636,0,0.0211132431868464,0.00361663638614118,0.0875870040035807,0.00848806370049715,1.63098871707916,0.00284842314431444,0.0962519418098964,0.0041265474865213,1.85492803866509,0.00172265293076634,0.163265302311629,1.23809523694217,0.284210513345897
3.99164611563901,0.00648393726442009,15.2546333426726,0.275899532483891,0.307469472434605,0.056743421475403,0,0.322440094489139,1.2493196465075,0.0354273940902203,1.89233609606163,0.0150666410336271,9.78341855783947,0.0701995884301141,0.904788344196277,0.00993377482518554,0.126514688367024,0.00156555778812617,0.830006898497231,0.122061034664512,0.0117536437755916,0.00188235298264772,1.14092305640224,0.574621737498092,0.0462680041673593,0.0219873156165704,0.0225388057006057,0.00908108093426563,2.54923776327632,0.0311086995061487,2.27260554232635,0.244632649380947,0.871431097184541,0.0471311462461017,0.00181570590939373,0.00139146568835713,0.151427389704622,0.000834550359286368,0.0938928095856681,0.00323952222242951,0.0104637336335145,0.00141676506609656,0.00102214654907584,0,0.000758725334890187,0,0.00802232319256291,0.000334168755216524,0,0,0.00414078659377992,0,0.00125000003026798,0,0.0189669777173549,0.00524934381246567,0.370421379047912,0.00166968139819801,0.0196732822805643,0.00101781170815229,0.107857731520198,0.000389863562304527,0.071187112480402,0,0.012392564502079,0,0.0115606933832169,0.00295290112262592,0.167087621230166,0.00636402197415009,0.885749867418781,0.186943010456162,1.29754285584204,0.0294117650482804,0.545028143096715,0.00988235315890051,0.599070914235199,0.0364828853053041,0.00854497990803793,0.000473709136713296,0.0497897414024919,0.000603500287979841,0.08094768243609,0.000777907436713576,0.0449660272570327,0.000520223693456501,0.0198532585054636,0.000401123135816306,0.0147080894676037,0.000287645612843335,0.0146198831498623,0.041646487894468
0.0349113252013922,5.83295286266366,0.610619466751814,19.5439791716344,0.0372203521546908,0.935852000722662,0.322440094489139,0,0.0292292292288039,2.61304948409088,0.019272370118415,4.99240032341913,0.11742243959452,9.74958557853824,0.0245246141566895,0.967102971917484,0.00904265808640048,0.0904654676560313,1.48192374093924,4.06790035997983,0.021914131968515,0.0299910468165763,1.29473057438736,3.37587004032684,0.0191666671307757,0.236054971348494,0.00934769355808385,0.0854842046974227,0.0918349697021767,1.52218548604287,1.45824918337166,2.94504258930101,0.506402605678886,0.879815579392016,0.0147058828151785,0.0114790283842012,0.0340459222206846,0.0263420472037978,0.0425278226030059,0.0089199143985752,0.00271309074014425,0.00673703107167967,0.00427069634315558,0.0100069009349681,0.0010928961855825,0.00551774879568256,0.00772849461645819,0.00967273896094412,0.000374111492419615,0.000743218115530908,0.00114613177720457,0.00133734534028918,0,0.000395256909541786,0.0146986769686919,0.0319923992501572,0.0179144388530403,0.519378775352379,0.00372187449829653,0.0251922141469549,0.00255468627437949,0.128272255475167,0.00304936151951551,0.16243654768914,0.00153227348346263,0.0468887715833262,0.0425889592152089,0.118437988101505,0.186766071390593,0.405109476152575,0.216216219589114,3.27820749359671,0.0501877106435131,1.00469300756231,0.0513163761934265,0.251566691207699,0.417875801213086,0.617618207237683,0.00090273073874414,0.0576576590538025,0.00162258642376401,0.213847503298894,0.00302858231589198,0.0440298510948196,0.00216528329474386,0.089793852675939,0,0.0149884701822884,0.00813835160806775,0.0209175850613974,0.174919016717467,0.276908915664535
0.00924918364034966,0.000568343268241733,0.409394188958686,0.0356271351920441,9.11621944932267,0.18159048689995,1.2493196465075,0.0292292292288039,0,0.0692695187171921,0.201249995501712,0,4.4185713812476,0,18.0448179765372,0.0212079299963079,0.0786516837542877,0,0.00235756393522024,0.00219780224142596,0.0891590723767877,0.0284842322580516,0.390968146268278,0.222047856019344,1.3733839985216,0.493506475351751,3.09331471065525,0.522827689419501,4.10918544337619,0.0123784265015274,1.15987785765901,0.137016568332911,0.0278246209491044,0.00154499802738428,0.00175592629238963,0,0.0510529661551118,0.00262123206630349,0.0103425988927484,0.00119617220479995,0.00852878484874964,0.00619834684766829,0.0145985399722122,0,0.000997506198473275,0.00102459010668099,0.00891771411988884,0,0.00752283749170601,0,0.0183118749409914,0,0.00652315735351294,0,0.0113722519017756,0,0.0135168954147957,0.0005102040595375,0.00329760927706957,0,0.00935925100930035,0,0.0136208860203624,0,0.0103686635848135,0.000914076808840036,0.00164248561486602,0,0.00212765950709581,0,3.3044603462331,0.0680359455291182,0.686548209283501,0.0184162060031667,0.252758276648819,0.0122075281105936,0.156769603025168,0.00868486345279962,0.0169133190065622,0,0.110530248144642,0.00119012198410928,0.659621772821993,0.00533333339262754,0.0795360412448645,0.000452284031780437,0.302852969267406,0.00232693436555564,0.0400471158791333,0.000542593596037477,0.00477897236123681,0.00695249112322927
0,0.00834028352983296,0.0794771229848266,0.75478925392963,0.111922140233219,10.3307459475473,0.0354273940902203,2.61304948409088,0.0692695187171921,0,0,0.0251509045483544,0.0125086870975792,0.303469318314455,0.0216216221451759,7.75077864318155,0.00476190494373441,0.00624674675054848,0.0160122002125718,0.0206552705494687,0.101408453425393,0.320452400483191,0.147387490142137,0.663875150959939,0.205312273465097,3.02530826535076,0.141347428550944,1.70752086234279,0.0251466891495511,0.696581202500965,0.542605275288224,2.27012712287251,0.0130612244829535,0.0239969994872808,0.00821692694444209,0.0124666076153517,0.00364741624798626,0.0810473843012005,0,0.0491428566165268,0,0.055449330364354,0.00522193219512701,0.0276266213622876,0.00192030728794634,0.0108374387491494,0.00707269180566072,0.0171673824079335,0,0,0,0.000776699045673013,0,0.002419842639938,0.000736377027351409,0.032335740106646,0.000982077093794942,0.0035017509944737,0,0.000739098293706775,0.000700280128512532,0.00412158668041229,0,0.00319616449996829,0.00220507173798978,0.00176522508263588,0.00589654239593074,0.0223214295692742,0.00204290100373328,0.00262295082211494,0.169846150791273,2.03911989508197,0.00725513929501176,0.661980088334531,0.0409302334301174,0.277097075711936,0.106696940492839,0.155029584770091,0.00390625,0.0174249761039391,0.000725689402315766,0.0279150903224945,0.00319829431828111,0.291858678683639,0.000815328152384609,0.0297777781088371,0.00276816613040864,0.181413474259898,0,0.0185972367762588,0.0480874334461987,0.142401698743924
5.28890054969816,0.00387919077184051,1.26296592847211,0.0243553007603623,0.030193236307241,0,1.89233609606163,0.019272370118415,0.201249995501712,0,0,0.0100000004749745,10.5771627842914,0.0113851993228309,2.27060931688175,0.00088534748647362,7.21394799894188,0.00310398358851671,0.240607212355826,0.06099290587008,0.0129990712739527,0.00931966467760503,0.0457417976576835,0.026525198481977,0.0113879004493356,0.00257566012442112,0.0249017046298832,0.00276243104599416,5.23019180155825,0.0119047616608441,0.221032137982547,0.0168421044945717,0.223395614011679,0.0440462874248624,0.00325467856600881,0,0.19070609100163,0.00123762374278158,0.140500920824707,0.00567536917515099,0.0252918287878856,0,0.0111399928573519,0,0.00668257765937597,0.00195886380970478,0.0179898319765925,0.000712250708602369,0.0102511537261307,0,0.0267782416194677,0,0.00739371520467103,0,0.0366568914614618,0.00616649544099346,2.76034282788169,0.00149625929770991,0.0961844212142751,0.000735835172235966,0.419804742909037,0.00102406553924084,0.585313159273937,0,0.0591456759721041,0,0.0181672447361052,0.00444938801229,0.0832487330771983,0.010409889742732,0.504581567831337,0.0424757285509259,1.25570224085823,0.0151250733761117,0.546458125929348,0.00931966467760503,0.429537747404538,0.0223266740795225,0.206563702668063,0.00191387557424605,1.08815026469529,0.00173862656811252,2.32944915688131,0,0.218788118625525,0.000443262397311628,0.111187368398532,0.00110558315645903,0.0401606422383338,0,0.0194174749776721,0.0314795365557075
0.0132482826593332,7.68359277024865,0.0438871473015752,0.911960874072975,0.00101729400921613,0.036054081749171,0.0150666410336271,4.99240032341913,0,0.0251509045483544,0.0100000004749745,0,0.00562499987427145,12.5127337058075,0.00236034620320424,0.514597112312913,0.00899100874084979,4.72581368521787,0.469269958790392,1.12971244007349,0.0288392207585275,0.0303687639534473,0.0302780058700591,0.0739233667845838,0,0.00858829822391272,0.00108932459261268,0.00910125114023685,0.0288035444682464,6.64988730510231,0.157360402867198,0.178280543826986,0.167388167232275,0.444295754656196,0.066276803612709,0.0276816613040864,0.0203355355188251,0.0290758060291409,0.0277349757961929,0.00868725852342322,0.00747384154237807,0.00730994157493114,0.00266400258988142,0.0258207294973545,0.0041580043034628,0.0238095233216882,0.00906871317420155,0.0128287367988378,0,0.00174140185117722,0.000513478822540492,0.00276147737167776,0,0,0.00987491745036095,0.0377825940959156,0.0150170649576467,0.881944428838324,0.00778485467890278,0.0277410841081291,0.0062932661967352,0.163499776099343,0.00555041630286723,0.238584065984469,0.000936329597607255,0.0540958251804113,0.0572415473870933,0.15924219135195,0.173684214125387,0.500270693795756,0.0698510501533747,1.98263542412315,0.0344129563309252,3.54066052380949,0.0200429486576468,0.691250912845135,0.159309016773477,0.527832978637889,0.00297176814638078,0.516605156008154,0.00129954516887665,0.447221505397465,0.00181983620859683,0.89230771001894,0.00267788831843063,0.0829531287308782,0,0.0113260969519615,0.00737618515267968,0.0166421926114708,0.342764752916992,0.121931907488033
2.83971008885419,0.00207943434361368,3.14194966322975,0.128804755047895,0.191876755212434,0.0339452708722092,9.78341855783947,0.11742243959452,4.4185713812476,0.0125086870975792,10.5771627842914,0.00562499987427145,0,0.0302477198420092,14.4265737456735,0.00115640356671065,0.969571254798211,0.00319182901876047,0.278487627510913,0.0915422928519547,0.0184453229885548,0.00351957767270505,0.405925271334127,0.222453756316099,0.0337811906356364,0.0138031240203418,0.0374174620374106,0.00906344410032034,7.21178421506193,0.0129504507640377,1.15488627046579,0.117419359390624,0.341343511536252,0.0345449872547761,0.00411692046327516,0,0.205810294719413,0.000710227293893695,0.122664786293171,0.000675219460390508,0.0179533218033612,0,0.0251733883633278,0.00111080252099782,0.00485584232956171,0.00185070937732235,0.0399254713556729,0.00249500997597352,0.0126943830400705,0,0.0346917446877342,0,0.0155862555839121,0,0.0376782095991075,0.00776887591928244,1.13528853398748,0.0015355086652562,0.0538213120307773,0.000510464538820088,0.424287134141196,0.000634316529612988,0.404325046227314,0.000538357999175787,0.0541969619225711,0,0.0275136566488072,0.00417014176491648,0.0372239741263911,0.00657654390670359,1.16884031996597,0.115168540505692,1.64340539864497,0.0205549848033115,0.714473129191902,0.0114386274362914,0.735036963305902,0.0310130941215903,0.0483005357673392,0,0.47479837294668,0.00301010542898439,1.4883419314865,0.00126382301095873,0.334749907255173,0.000350140064256266,0.248400459531695,0.00132934527937323,0.0934699117206037,0.000401929253712296,0.0225669960491359,0.0315838359529153
0.0148588405863848,1.35309619351756,0.183186953247059,2.89655164000578,0.00076893501682207,0.0493920978624374,0.0701995884301141,9.74958557853824,0,0.303469318314455,0.0113851993228309,12.5127337058075,0.0302477198420092,0,0.000629524700343609,0.443195995758288,0.00303375045768917,0.575399606488645,1.10391058214009,1.95962825539755,0.00989119638688862,0.0148662045830861,0.296626058639959,0.865513431548607,0.000851063814479858,0.0128102479502559,0,0.00919348071329296,0.0341011068667285,10.7236881651916,0.610870282398537,1.02987700403901,0.236571762128733,0.465783664025366,0.023919042549096,0.0153846153989434,0.0192159874131903,0.0132760640699416,0.0317583263386041,0.00664942717412487,0.00405473913997412,0.000998502247966826,0.000549752614460886,0.00717274378985167,0.0019736842950806,0.00200870441040024,0.00513992027845234,0.00319744215812534,0,0.000682128244079649,0,0.000566251401323825,0,0,0.00925673870369792,0.0201863357797265,0.0063618291169405,0.36569122702349,0.00404507369967178,0.0196560197509825,0.000524521397892386,0.0897170428652316,0.00429031101521105,0.128323696553707,0,0.0229599756421521,0.0243174053903203,0.0770755323173944,0.0926243545836769,0.262691377080046,0.0898528257384896,1.9043579371646,0.0321715824538842,1.538288325537,0.0305118109099567,0.247770076384768,0.231702837918419,0.423876084038056,0,0.09045226033777,0.000538647989742458,0.191082801902667,0.00141193077433854,0.140893468051217,0.00136448920238763,0.0542422579601407,0.00166527891997248,0.00653594773029909,0.00406228832434863,0.0101673372555524,0.224358985433355,0.125395147595555
0.124419682193547,0,0.378625254059443,0.0253699795575812,2.78707915346604,0.0655002246494405,0.904788344196277,0.0245246141566895,18.0448179765372,0.0216216221451759,2.27060931688175,0.00236034620320424,14.4265737456735,0.000629524700343609,0,0.013566583278589,0.945389416068792,0.000808080832939595,0.00881334580481052,0.00356930389534682,0.405188396573067,0.0421052635647357,0.169210864522029,0.116944352164865,0.365690791979432,0.169928403338417,1.17601550742984,0.189949746709317,10.1013606829802,0.0103662750916556,0.711094016500283,0.0753480757120997,0.0366178413969465,0.00931387738091871,0.00338791636750102,0,0.424738510919269,0.00463392032543197,0.0523175763082691,0.00173611112404615,1.79617837071419,0.00124999997206032,0.0537867061793804,0.00135915738064796,0.0113765642163344,0.000773993786424398,0.0484027099446394,0.00179104472044855,0.0232651418773457,0,0.0785073913866654,0,0.0295612011104822,0,0.116819569084328,0.00404507369967178,0.163388806802686,0.000439367315266281,0.0523217767477036,0,0.0715542549733073,0,0.111946534947492,0,0.0633445961284451,0,0.0163360555598047,0.00193330110050738,0.00477707013487816,0.00288600294152275,3.90913258766523,0.0557077616686001,2.03804351622239,0.00619195052422583,0.317986490321346,0.00866873073391616,0.289291881781537,0.0142602492123842,0.0849176165647805,0,0.895468311617151,0.00100175302941352,7.8320987499319,0.00239329878240824,0.536263746907935,0.00039572615060024,2.12306160293519,0.00170140364207327,0.498013900883961,0.00138953217538074,0.00408441131003201,0.0267558521591127
0.00138408306520432,0.0679751075804234,0.0236041768221185,0.313643042289186,0.0467415729071945,6.78900687722489,0.00993377482518554,0.967102971917484,0.0212079299963079,7.75077864318155,0.00088534748647362,0.514597112312913,0.00115640356671065,0.443195995758288,0.013566583278589,0,0.0398053962271661,0.37809752143221,0.0393258418771438,0.0820300991763361,0.222357238526456,1.6845311379293,0.0858170639839955,0.420822956948541,0.166160089429468,1.1074457957875,0.135560861090198,1.83539920672774,0.0458375460002571,12.0342345838435,0.392680148070212,1.08788979920791,0.0442098303465173,0.0775862055597827,0.08453837223351,0.109154931153171,0.0116801440017298,0.798169350717217,0.0126926563680172,0.49077650741674,0,0.631837725406513,0.0643776831566356,0.298316486005206,0.0390390399843454,0.121792419289704,0.0710172746912576,0.261178565793671,0.00158730160910636,0.0226917055551894,0.00385170918889344,0.0126742711290717,0.00182481750380248,0.0125335718039423,0.00606612069532275,0.34575686592143,0.00601632986217737,0.030574360571336,0.00842787715373561,0.0139945234986953,0.00698283361271024,0.0158604281023145,0.00660883914679289,0.0155642023310065,0.0125260959612206,0.0505795595236123,0.0672541749372613,0.280912362795789,0.0275699095800519,0.0816714129177853,0.514052582904696,2.78304009436397,0.0214765104465187,4.54195799119771,0.0265700479503721,1.43483563303016,0.190354249440134,1.09114930825308,0.0199376940727234,0.0929368048673496,0.00719208852387965,0.409950267989188,0,4.04419879568741,0.00510297081200406,0.325526478642132,0.00197433377616107,1.37510514148744,0.00246609124587849,0.218181819655001,0.512032095575705,0.107752953888848
2.12473471654812,0.0276931590633467,0.267257088969927,0.0105011934647337,0.00723763578571379,0.0130254591349512,0.126514688367024,0.00904265808640048,0.0786516837542877,0.00476190494373441,7.21394799894188,0.00899100874084979,0.969571254798211,0.00303375045768917,0.945389416068792,0.0398053962271661,0,0.0630490930052474,0.0902540761162527,0.0481927704531699,0.0222428175620735,0.0167441864032298,0.0102255640085787,0.00454373331740499,0.00142146414145827,0.00514469435438514,0.017015706980601,0.0082758623175323,7.78666685521603,0.141886146739125,0.0603112840326503,0.0168243944644928,0.406655843777116,0.323013805784285,0.220958570949733,0.557607725611888,0.429174198303372,0.215080343652517,0.128126901690848,0.0260770978638902,0.0349514570552856,0.032075472176075,0.131354358920362,0.143154387362301,0.101096807513386,0.136986300349236,0.0648690907983109,0.0612099649151787,0.0829493086785078,0.0221216704230756,0.323390003759414,0.00617999210953712,0.0159999997122213,0.00239952001720667,0.054945056035649,0.0773707617190666,4.96794739225879,0.0284147561760619,1.02700558322249,0.0220588239608333,1.63763062446378,0.0347826092038304,3.303128243424,0.0222487086430192,1.19693655660376,0.0438596500316635,0.52496662188787,0.480822671961505,0.109533465933055,0.136452242732048,0.697986550163478,0.0896969703026116,1.36930458759889,0.0964555465616286,0.420569326844998,0.122790700290352,1.41666670097038,1.17136151925661,4.03660893556662,0.072588347364217,7.70830344920978,0.0845641498453915,4.22857148665935,0.0518556155730039,1.27032517411863,0.0571555146016181,0.289239209261723,0.0165654328884557,0.159977057366632,0.0275277928449214,0.0731969843618572,0.0335078537464142
0.00448989792494103,1.25856703240424,0.00245098053710535,0.0595802287571132,0,0.030051814741455,0.00156555778812617,0.0904654676560313,0,0.00624674675054848,0.00310398358851671,4.72581368521787,0.00319182901876047,0.575399606488645,0.000808080832939595,0.37809752143221,0.0630490930052474,0,0.0423905507195741,0.116225922829472,0.0196969690732658,0.0379939214326441,0.00448682019487023,0.00902151252375916,0,0.00334075733553618,0.00226116459816694,0.0106445885030553,0.0870882219169289,11.5591522484319,0.0121898129582405,0.0326644896995276,0.334935298771597,0.45242985826917,0.45244566060137,0.261248184833676,0.011578946840018,0.044109734822996,0.0106382975354791,0.0189526177709922,0,0.00768639496527612,0.0108991824090481,0.0703479551011696,0.015397776151076,0.0743982513085939,0.0121428570128046,0.0196656840853393,0.00273473106790334,0.0107623315416276,0.00365726219024509,0.015547702787444,0.00107181130442768,0.00419287197291851,0.00134634808637202,0.0480708393733948,0.047597043128917,0.826710553199518,0.0260964122135192,0.0911854070727713,0.0237865636590868,0.234972676145844,0.0286396185401827,8.32414776273072,0.0144997582538053,0.353827837854624,0.301053689327091,0.696014563087374,0.0533212816808373,0.501123600639403,0.0617021257057786,0.846113171428442,0.0240963865071535,2.76860334724188,0.00601503765210509,0.671732530929148,0.196331195533276,0.862724972190335,0.029710712027736,13.8711182707921,0.0139488538261503,6.5452082438278,0.00187705305870622,0.969202916603535,0.0100755670573562,0.245636179577559,0,0.0175438597798347,0.00268168398179114,0.0308534450596198,0.201709403423592,0.0434782605152577
2.50604959946941,0.280632414040156,7.98368892815779,1.70114937587641,0.00307574006728828,0.0235562312882394,0.830006898497231,1.48192374093924,0.00235756393522024,0.0160122002125718,0.240607212355826,0.469269958790392,0.278487627510913,1.10391058214009,0.00881334580481052,0.0393258418771438,0.0902540761162527,0.0423905507195741,0,9.3598942423705,0.0316518284380436,0.0218037667218596,4.27179012726992,1.09654022759059,0.005957446701359,0.00320256198756397,0.0105220561381429,0.00250731292180717,0.53963505954016,0.383378827944398,3.8406134894467,1.52759230701486,11.2286468138918,5.86644591065124,0.122355102270376,0.0115384615492076,0.124519598437473,0.00859039439819753,0.105344692245126,0.010343553381972,0.01723264134489,0.000998502247966826,0.00164925784338266,0.00298864324577153,0.000657894765026867,0.00133913627360016,0.0137064540758729,0.00426325621083379,0,0.000682128244079649,0.000441501091700047,0.000566251401323825,0,0,0.0348488986492157,0.027432712726295,0.263220679713413,0.102119073329959,0.0340941926115192,0.0223860224941745,0.0251770270988345,0.0213940640678629,0.0128709330456331,0.0283236987888813,0.00433056650217623,0.00558485893998295,0.17704777608742,0.225060554366792,8.00891919300193,0.993553582637105,0.957397350110114,2.30080993380398,0.540022991190199,0.917417439632118,0.216535432264209,0.465807743603364,0.646561252477113,1.3335851841839,0.00100959115661681,0.0201005022972822,0.0118502557743341,0.0268425840768032,0.00776561925886199,0.00687285210005939,0.00682244601193815,0.0128275610040873,0.00166527891997248,0.00363108207238838,0.0203114416217431,0.00211819526157342,0.535256436676718,0.290832443162799
0.203431374917272,3.04114788986044,0.566136512439698,12.5276421744784,0.00143575016409159,0.039048632606864,0.122061034664512,4.06790035997983,0.00219780224142596,0.0206552705494687,0.06099290587008,1.12971244007349,0.0915422928519547,1.95962825539755,0.00356930389534682,0.0820300991763361,0.0481927704531699,0.116225922829472,9.3598942423705,0,0.0407793393242173,0.0463005006895401,0.373680656775832,1.14937647955958,0.00315581844188273,0.00819977617356926,0.00150602404028177,0.00698215677402914,0.157596374046989,0.663986223051324,1.35175877949223,0.856765703298151,2.90144774591317,3.43607258796692,0.0576515474822372,0.00441501091700047,0.0968783642747439,0.0145666429307312,0.140946868923493,0.0152143848827109,0.0111214087810367,0.0155393057502806,0.00261574692558497,0.0067969411611557,0,0.00315258512273431,0.034716572612524,0.00761808041715994,0.000649139867164195,0.00128328520804644,0,0.000538068357855082,0.000726480211596936,0.000715563481207937,0.0549507505493239,0.0750802638940513,0.149952065636171,0.516342412331142,0.0356555145117454,0.0696465701330453,0.0225112563930452,0.0901719122193754,0.0214621052145958,0.0998628255911171,0.00270635983906686,0.044600939610973,0.224912778474391,0.378755813726457,4.43354855896905,5.0318708299892,0.412721344386227,3.58099342463538,0.160228902474046,2.05686201807112,0.0920162365073338,1.05038586858427,0.895316817332059,2.43714689719491,0.00369344418868423,0.0450574716669507,0.0123140076175332,0.100851340888767,0.0059642149717547,0.0180937002878636,0.00661375641357154,0.0460829483927228,0,0.00476352486293763,0.0216637781704776,0.00611496114288457,0.881866818352137,0.400384069536813
0.0139549636514857,0.0333778385538608,0.0105459056212567,0.0302097913809121,0.381591567886062,0.76536313793622,0.0117536437755916,0.021914131968515,0.0891590723767877,0.101408453425393,0.0129990712739527,0.0288392207585275,0.0184453229885548,0.00989119638688862,0.405188396573067,0.222357238526456,0.0222428175620735,0.0196969690732658,0.0316518284380436,0.0407793393242173,0,4.94782586116344,0.0287822872633114,0.0572556795086712,2.69444444193505,3.39999989233911,2.28696613758802,2.06227548583411,1.45546224934515,0.108108111191541,3.88063831022009,1.4436674755998,0.0162249861750752,0.0290416268398985,0.0292207791935652,0.0191570876631886,0.356321830535308,0.10368893481791,0.33984375,0.106179283233359,1.62409641919658,0.247191013768315,0.00192307692486793,0.0268456377089024,0,0.00979706109501421,0.0246913572773337,0.0218678810633719,0,0.00291120819747448,0,0,0.00198019808158278,0,0.0747044908930548,0.0693842163309455,0.0097926267189905,0.00942007638514042,0.00525486073456705,0.00475059379823506,0.00620842591160908,0.00149253732524812,0.00807102478574961,0.0063091479241848,0.00989282783120871,0.00480480492115021,0.014696485362947,0.0268186395987868,0.0235814303159714,0.0432900432497263,6.537109375,2.50628012919333,0.471035125665367,0.262206154875457,0.729957770556211,0.965217347256839,0.478897514753044,0.87235995742958,0.00945626478642225,0.0231481483206153,0.054756380035542,0.0204369265702553,1.20470586419106,0.147928996011615,0.0371660850942135,0.0174403694691136,0.561611395329237,0.158862874959596,0.0925861467258073,0.0145431553246453,1.42038218677044,2.13529415940866
0.00381073344033211,0.0233957223827019,0.00372670800425112,0.0453654421144165,0.0923965349793434,7.50280396803282,0.00188235298264772,0.0299910468165763,0.0284842322580516,0.320452400483191,0.00931966467760503,0.0303687639534473,0.00351957767270505,0.0148662045830861,0.0421052635647357,1.6845311379293,0.0167441864032298,0.0379939214326441,0.0218037667218596,0.0463005006895401,4.94782586116344,0,0.0184774573426694,0.0425321444636211,0.484771563671529,3.05555570637807,0.415841582464054,13.9205779787153,0.20437956857495,0.349279542686418,1.62560894340277,1.37334371788893,0.0346883460879326,0.0475266740540974,0.0686274517793208,0.111969109857455,0.0230769230984151,1.32132130209357,0.0450980418827385,5.53711806540377,0.00973236002027988,5.64172343350947,0.0221579965436831,0.0706278062425554,0.00676589959766716,0.0210526323644444,0.0226804132107645,0.0547695101704448,0,0.00583941582590342,0.00471698102774099,0.00203045690432191,0,0.00572519085835665,0.00663192791398615,0.45091226475779,0.00634371372871101,0.0117889768444002,0.00526592950336635,0.00380771071650088,0.00355397607199848,0.00598802417516708,0,0.00842992588877678,0.00827129872050136,0.0180614087730646,0.0223928343621083,0.0859348773956299,0.0266075385734439,0.067391301272437,3.61176491947845,6.12415142811369,0.0915157310664654,0.698729584692046,0.319148926064372,3.2587719541043,0.383751088287681,1.78617513610516,0.0190930794924498,0.0747663527727127,0.00464900047518313,0.0501058584777638,0.0220298978965729,0.967359044589102,0.0032550569740124,0.0534017975442111,0.00952380988746881,2.6476510190405,0.00487974897259846,0.136119025701191,17.0387094155885,0.880952397361398
0.0277829225524329,0.0190766877494752,3.38098730053753,1.47362998506287,1.61082398757571,0.262048198201228,1.14092305640224,1.29473057438736,0.390968146268278,0.147387490142137,0.0457417976576835,0.0302780058700591,0.405925271334127,0.296626058639959,0.169210864522029,0.0858170639839955,0.0102255640085787,0.00448682019487023,4.27179012726992,0.373680656775832,0.0287822872633114,0.0184774573426694,0,11.3909177196911,2.83080966910347,0.341494040563703,0.519784744654316,0.114248616620898,0.308608301565982,0.179171892581508,6.66883662028704,4.36852544802241,4.10549475008156,0.541743974667042,0.0677847654442303,0.00505780335515738,0.0267477191518992,0.00554016610840335,0.0152905195136555,0.00117820326704532,0.00225479149958119,0.00148643623106182,0.000462320836959407,0.00148735754191875,0.000536480685696006,0.000544217706192285,0.00190930790267885,0.00225174517254345,0,0,0.000766577257309109,0,0,0,0.00504471460590139,0.00351493852213025,0.0258831766550429,0.00779727107146755,0.00530248248833232,0.00183865777216852,0.00266607420053333,0.00278862251434475,0.0051649926463142,0.00530376081587747,0.000578201783355325,0.000511378166265786,0.0230654766201042,0.0321285137906671,0.0521787413163111,0.0517350148875266,0.221406722557731,1.14477291272487,0.105486510554329,0.207637239480391,0.0801470603910275,0.0421286027412862,0.227766361553222,0.175712141790427,0,0.00522778200684115,0.00181776867248118,0.00708103860961273,0.0159045725595206,0.0111172872129828,0.00305296911392361,0.00358014661469497,0.00323624582961202,0.0023242300376296,0.00312561052851379,0.00184877062565647,0.0226562503376044,0.119876252720132
0.0114528098492883,0.0460728381585795,1.08148764027283,13.2143276276765,0.539731295837555,2.05842183355708,0.574621737498092,3.37587004032684,0.222047856019344,0.663875150959939,0.026525198481977,0.0739233667845838,0.222453756316099,0.865513431548607,0.116944352164865,0.420822956948541,0.00454373331740499,0.00902151252375916,1.09654022759059,1.14937647955958,0.0572556795086712,0.0425321444636211,11.3909177196911,0,1.82158023118973,0.832134291355032,0.328080818173476,0.233625369146466,0.183447870891541,0.589518343564123,3.57642347691581,4.24078616080806,0.773966610431671,0.246416766720358,0.031221303739585,0.00575815723277628,0.0253261696198024,0.0155945424921811,0.0224284601863474,0.0110660269274376,0.00404653511941433,0.0119581469334662,0.00219659530557692,0.00537313416134566,0.00197109061991796,0.00267469068057835,0.00399315473623574,0.00585573579883203,0,0,0.00088222319027409,0,0,0.000765110948123038,0.00489529495825991,0.0144777661189437,0.00754866900388151,0.016535591770662,0.00115440110675991,0.00163621490355581,0.00157191505422816,0.00482425908558071,0.00214209209661931,0.00519630481721833,0.000720720738172531,0.00123954133596271,0.00809889184893109,0.0140814082697034,0.0239808156038634,0.0410297678899951,0.273781893309206,2.70619945949875,0.0910133822471835,0.55397302826168,0.0933202391024679,0.104846681701019,0.392948938824702,0.36589965922758,0,0.0080240722745657,0.00430454686284065,0.0136363637284376,0.0112795205786824,0.0363761143526062,0.00136355892755091,0.0120856985449791,0.00415627611801028,0.0108774472028017,0.0031567080586683,0.00761904782848433,0.0692963768960908,0.312302822247148
0.000574547564610839,0.000601684732828289,0.474662173655815,0.0538047627196647,5.71553617157042,1.12125538056716,0.0462680041673593,0.0191666671307757,1.3733839985216,0.205312273465097,0.0113879004493356,0,0.0337811906356364,0.000851063814479858,0.365690791979432,0.166160089429468,0.00142146414145827,0,0.005957446701359,0.00315581844188273,2.69444444193505,0.484771563671529,2.83080966910347,1.82158023118973,0,4.63722406653687,21.0652698761551,2.0498710880056,0.154283008771017,0.0832123864674941,6.6760884760879,1.53312694979832,0.0486908599268645,0.00501253141555935,0.00847457628697157,0,0.00291545200161636,0.0210368144325912,0.0029585799202323,0.00812457664869726,0,0.0129366107285023,0.0024916942929849,0.00661625724751502,0.00110497232526541,0.00341491168364882,0,0.00396353541873395,0,0,0.00121212122030556,0,0,0,0.000818665546830744,0.0106302198255435,0,0,0.000896458979696035,0,0.000774293439462781,0,0.00127632415387779,0.000896860961802304,0.00129785854369402,0,0,0.00241618836298585,0.00118694361299276,0.00159744406118989,0.525147935841233,0.426999272662215,0.0304127444978803,0.092050209408626,0.00498753134161234,0.0659898463636637,0.0255204833811149,0.0225829221308231,0,0.00263157906010747,0.000805477262474597,0.00505369529128075,0.0411728000035509,0.0476190494373441,0.00345348590053618,0.0075703808106482,0.0204778150655329,0.031496062874794,0.00312402378767729,0.00630191917298362,0.0124610587954521,0.0449101813137531
