0,0.0037305700534489,7.95070032283547,0.0083097264287062,0.00706486846320331,0.000637145596556365,6.68354865579749,0.00533155631273985,0.0454545445973054,0.000623441417701542,4.54079678765265,0.00230747042223811,2.6359189201612,0.00103092787321657,0.285094844410196,0.00162425549933687,2.51353875570931,0.00231213867664337,2.60742582392413,0.0105769230867736,0.0458991710329428,0.00225563911953941,0.0211708793067373,0.00751879677409306,0.00135501357726753,0.00132275128271431,0.00328191672451794,0.000674763810820878,4.3398312216159,0.00429645553231239,0.0755711782258004,0.00819672096986324,1.40063083916903,0.0418307085055858,0.0468299697968177,0.011156563705299,0.592092571081594,0.00319488812237978,0.206022190104704,0.00247678020969033,0.664885498350486,0.000759013288188726,0.00644681416451931,0.00051706307567656,0.00166021037148312,0.00174266629619524,0.0182140138931572,0.000493705272674561,0.0144550445838831,0,0.0457239617826417,0,0.00260078022256494,0,0.0593960536643863,0.0140712945722044,13.0596360386407,0.00385579332942143,0.554496270837262,0,1.28446850867476,0.000585480069275945,0.709503906546161,0.00304105435498059,0.222423144907225,0,0.304873143846635,0.0134482029825449,8.31606692075729,0.0117493474390358,1.01405749004334,0.0411392407841049,5.81829588674009,0.00565681967418641,0.928143747150898,0.00908746663480997,0.921994532691315,0.0441405029851012,0.0291746646398678,0,0.517751486040652,0.00042616663267836,0.38049656082876,0,0.376629986101761,0.000720590876881033,0.0671366229653358,0,0.0705437762662768,0,0.0298859623726457,0.113948923535645
0.0037305700534489,0,0.00361445790622383,5.10491921618814,0.000661594443954527,0.0524934381246567,0.00138097698800266,5.56927765836008,0,0.0237407763488591,0.000651253678370267,7.3003557221964,0.00142789151868783,1.47849041310837,0.000555709935724735,0.0632806011708453,0.00768738007172942,4.39715031289961,0.281083828595001,2.4738265168271,0.0249318275600672,0.0381471384316683,0.0806522718630731,0.167222366086207,0.00349528127117082,0.00818274775519967,0.00202976987930015,0.0250609118957072,0.0156545217614621,1.67134592402726,0.111947031109594,0.328421055804938,0.147050901199691,1.54190793359885,0.0506517689209431,0.0269438020768575,0.0251655633328483,0.191510370641481,0.0352480423171073,0.0382287357933819,0.0173981806728989,0.0243710683425888,0.00253678328590468,0.0232989150099456,0.0107862615841441,0.0352028653142042,0.00517866399604827,0.0131313137244433,0.000593824253883213,0.0114114116877317,0.00129505721270107,0.0130140557303093,0,0.000649139867164195,0.0178753837826662,0.0642223835457116,0.00702576100593433,12.990188709693,0.0116094986442477,0.119365393300541,0.00722543365554884,0.443909778725356,0.00122887862380594,0.933852139860392,0.00185931200394407,0.074688800086733,0.138666667451616,0.623821763321757,0.520144320616964,1.43289600557182,0.128331691666972,1.56598240323365,0.00711974082514644,2.11776124237804,0.0170476557686925,0.897254888433963,0.273127752938308,1.7779910483514,0.000795544940046966,0.155424058262724,0.00151324085891247,0.319860924035311,0,0.040471155080013,0.000343997235177085,0.104761906841304,0,0.0248678890056908,0.00898972596041858,0.021523178787902,1.18760196864605,0.168704151932616
7.95070032283547,0.00361445790622383,0,0.112293575308286,4.28632627474144,0.136612016649451,20.2344762667199,0.0841318834864069,0.80123645067215,0.0231935764895752,1.6997286643018,0.00828271644422784,3.02832740722806,0.0138785631861538,1.02002602611901,0.0181865418562666,0.45843232399784,0.00331950222607702,9.7759238971048,0.0315179609460756,0.0789193008095026,0.0134991117520258,7.58403003853164,0.754161657969235,0.395880268479232,0.139037432847545,0.16864460427314,0.0512984953820705,3.47760048578493,0.0216550666373223,8.15634607075481,0.444133278972004,8.57135615841253,0.0933870589360595,0.124189694412053,0.00773558352375403,0.308634406886995,0.00182648410554975,0.145619340823032,0.0035450515570119,0.381261270493269,0,0.00525310408556834,0.0014914243365638,0.00795967091107741,0.00166759308194742,0.0150925028137863,0,0.00332042074296623,0,0.0299241643515415,0.000489236786961555,0.00371402059681714,0,0.0360403653758112,0.00769404831225984,1.49087522787158,0.00673904910217971,0.336471763730515,0.000474270811537281,0.185993630584562,0.00112013437319547,0.089117394760251,0.00195074372459203,0.040886843285989,0.000518000510055572,0.301503615453839,0.00976801011711359,2.32306838803925,0.00931966438656673,3.25479467608966,0.104374061163981,3.44064756052103,0.0371591240400448,0.644499493355397,0.0100143064046279,0.75817754608579,0.0391459084348753,0.0123188410070725,0,0.152457850053906,0.000825082533992827,0.236134932667483,0.00168681470677257,0.125082512153313,0.000701016455423087,0.0408423729240894,0.000577533908654004,0.0296868636796717,0,0.0163083771476522,0.093333333148621
0.0083097264287062,5.10491921618814,0.112293575308286,0,0.0188949335133657,2.65776018641191,0.0166054607834667,16.6713683312992,0.0132986410171725,1.20657925540581,0,1.31617259810446,0.00556506845168769,2.12585111847147,0.00196608505211771,0.511662165867165,0.00501113600330427,0.221411818347406,1.4107263876067,7.48138337969431,0.102732956875116,0.138861471496057,2.04992009152193,9.6694895834662,0.0354247969808057,0.220981478691101,0.0256859306246042,0.121447801648173,0.0162874252418987,1.43845967084053,1.62615352403373,3.54044815176167,0.2242409811588,1.60072023293469,0.0272583205369301,0.0176010426948778,0.0601719183032401,0.0854944431921467,0.0814940594136715,0.0288168457336724,0.0380126704112627,0.0258792304666713,0.0031731640920043,0.0240169526659884,0.00550964166177437,0.0303506014170125,0.0184672209434211,0.0302483065461274,0.00104220944922417,0.00263157882727683,0.00156770530156791,0.00463821896119043,0,0,0.0652074768731836,0.0456601345795207,0.00643546652281657,0.65720446742489,0.00798122087144293,0.045034903450869,0.00519255723338574,0.100131757790223,0.0016107382834889,0.150289013981819,0.00216391659341753,0.0328029388911091,0.113751172088087,0.369404432363808,0.503688071854413,0.570432767621242,0.319749217538629,3.98530641780235,0.0426966296508908,2.21847806242295,0.0812848275527358,1.1450331316446,0.638706145109609,1.62068958347663,0.00134048261679709,0.0419301159563474,0.00225479147047736,0.116719245212153,0.000537345535121858,0.0788151301676407,0.000636537210084498,0.0489038800878916,0,0.0325467868242413,0.020225593354553,0.0158430780284107,1.25188231584616,0.62175105168717
0.00706486846320331,0.000661594443954527,4.28632627474144,0.0188949335133657,0,0.575916249072179,0.482116590254009,0.0190476188436151,13.4647885928862,0.116642957553267,0.0470588244497776,0.00120120123028755,0.505018060095608,0.00384985562413931,6.42902543570381,0.038054967764765,0.0510276393033564,0.0012062726309523,0.0098302056430839,0.00424088211730123,0.355140175670385,0.0675990690942854,1.41917232016567,0.688299837056547,7.37043493962847,1.28805239580106,9.55983955552801,1.17728054104373,2.15245738765225,0.0260145694483072,8.15880886651576,0.703841402195394,0.107892104890198,0.0106100798584521,0.00821355264633894,0,0.0381970981834456,0.00301204808056355,0.0133037692867219,0.00420168077107519,0.154034236678854,0.00480192061513662,0.00448229489848018,0,0.00110375275835395,0,0.00185960019007325,0.000889284128788859,0.00362100172787905,0,0.00821355264633894,0.000938526529353112,0.00784929376095533,0,0.0136054423637688,0.00243704306194559,0.00703193689696491,0.0011816838523373,0.000962000980507582,0,0.00491601799149066,0,0.0181347145698965,0,0.0171503964811563,0.00105042022187263,0.00252844509668648,0.00202908361097798,0,0.00158478610683233,5.86897568497807,0.0559646540787071,2.23785347118974,0.0289855082519352,0.188505746424198,0.00476758042350411,0.0395364703144878,0.0127208477351815,0.0199252795428038,0,0.0638864259235561,0.00207540637347847,0.255678133107722,0.00749999983236194,0.0619059228047263,0.000533475598786026,0.118946470320225,0.00265604257583618,0.0236406610929407,0.000640820246189833,0.00809716572985053,0.0161507399752736
0.000637145596556365,0.0524934381246567,0.136612016649451,2.65776018641191,0.575916249072179,0,0.0170440714282449,1.30224852808169,0.257866454310715,16.5688328730175,0,0.0994082833640277,0.0103338634362444,0.230147414840758,0.0554103485774249,9.30516387673561,0.00139275763649493,0.106951869092882,0.046840476396028,0.0663029792485759,2.82860399689525,8.76557169249281,0.741234215558507,1.38725707423873,2.43574463704135,17.8283880650997,3.33858266472816,19.9797805417329,0.0396235752850771,3.63020016532391,2.97861952148378,6.14887102495413,0.0434139114804566,0.0507214706158265,0.0220220217015594,0.0394736845046282,0.0194902553921565,1.09830006444827,0.021770682069473,3.02546461508609,0.00948991719633341,2.65501171373762,0.0132978719193488,0.0803443333134055,0.0348394103348255,0.0588235275354236,0.0229779412620701,0.13368513295427,0,0.00729927001520991,0.000678656273521483,0.00742115033790469,0,0.00286738341674209,0.00448430480901152,1.64535582892131,0.000581733591388911,0.0563049875199795,0.00285171100404114,0.00787746190326288,0.00243308994686231,0.0353874299908057,0,0.04057169216685,0.00519143417477608,0.0145152925979346,0.0188146746950224,0.104627762921154,0.0158536585513502,0.0419580428861082,1.25942349247634,5.82067975774407,0.0185185184236616,2.56512457621284,0.0916201090440154,0.722222227603197,0.250670249341056,0.612500014831312,0,0.0400471158791333,0.000877577869687229,0.210562413849402,0.00127713917754591,3.54338455165271,0.00193798448890448,0.226285103883129,0,5.03592402557842,0,0.258105523651466,0.569190609268844,0.424479179317132
6.68354865579749,0.00138097698800266,20.2344762667199,0.0166054607834667,0.482116590254009,0.0170440714282449,0,0.017503586190287,0.50691701634787,0.00574712629895657,2.66973357863026,0.00180383317638189,8.90781218744814,0.00701320153893903,1.3100043303275,0.00257400266127661,0.522841421829071,0.00135501357726753,0.777555896784179,0.0136505460250191,0.0849420807790011,0.00496141141047701,1.99785606187652,0.120613150007557,0.043877549120225,0.0220440884586424,0.0313823174801655,0.00712105806451291,3.88077239890117,0.00596760452026501,2.05385663139168,0.0702554738963954,1.67644594330341,0.0278219400206581,0.0368589761783369,0.00218758545815945,0.258396662713494,0.000976085895672441,0.151346105150878,0,0.323857310751919,0.00111018598545343,0.00599880018853582,0,0.00349192484281957,0.000453411921625957,0.0154440154437907,0,0.00632482481887564,0,0.0323260714067146,0,0.00741839729016647,0,0.048643215559423,0.00993883825140074,1.19391879273462,0.000649878173135221,0.113012989866547,0.000397614319808781,0.291690663434565,0.000912408751901239,0.17431617481634,0.0016280016861856,0.0741950551746413,0.000427899009082466,0.0896528473240323,0.00384145270800218,0.240820974111557,0.00396825419738889,2.20253782358486,0.028585271211341,3.27500600233907,0.00481927709188312,0.656593437015545,0.00277085055131465,0.715600643423386,0.0243727605266031,0.0223901472054422,0.000556483049876988,0.260748411528766,0.000706588965840638,0.366504299454391,0.000457665912108496,0.215917359979358,0,0.0557385385036469,0,0.0506019881868269,0,0.0159498716238886,0.0876743556000292
0.00533155631273985,5.56927765836008,0.0841318834864069,16.6713683312992,0.0190476188436151,1.30224852808169,0.017503586190287,0,0.0105616900837049,4.07918018265627,0.000941619568038732,3.50977374764625,0.00408997968770564,10.4365688898833,0.00251256278716028,1.24811719229911,0.00465224467916414,0.378794547024881,1.02575110582984,2.02592456975253,0.0779914568411186,0.131874002225231,1.51951001345878,3.6134751815116,0.0316988602280617,0.124574206769466,0.0275828700105194,0.101728394860402,0.0155673903063871,2.73139302694472,1.68933335211477,3.83207469963236,0.199591005919501,1.6159223645227,0.0341791823739186,0.0132450324599631,0.0409816547762603,0.152751421905123,0.0598915344453417,0.0310472661803942,0.0264436046709307,0.0204246180364862,0.00429771447670646,0.0302785621897783,0.00808510623755865,0.0273791125509888,0.00912879561656155,0.0264745964668691,0.000880088016856462,0.00621255830628797,0.00103270224644803,0.00996214366750792,0,0.000469704100396484,0.0282741019036621,0.070280373794958,0.00666560843819752,1.03459273625049,0.00805315095931292,0.0613830627407879,0.00337774431682192,0.212794317310909,0.00225631767534651,0.268680449342355,0.00272479571867734,0.0567612671293318,0.0806345043238252,0.284687772393227,0.131023762369296,0.257831324415747,0.253795064345468,3.28591612912714,0.0206233885837719,1.52671042503789,0.0510910078883171,0.517306146444753,0.483582102810033,0.931443196255714,0.00108371709939092,0.0592672411585227,0.00272267602849752,0.227374975802377,0.000451569212600589,0.0842245969106443,0.00114432838745415,0.0711164696840569,0,0.0377787884499412,0.0129936736193486,0.0163088700501248,0.518600167764816,0.416414219420403
0.0454545445973054,0,0.80123645067215,0.0132986410171725,13.4647885928862,0.257866454310715,0.50691701634787,0.0105616900837049,0,0.0524781360290945,0.140271495678462,0,2.73829883616418,0.000978473573923111,24.956849089358,0.0204520985716954,0.153957879869267,0,0.00907441019080579,0.000860585190821439,0.167883210349828,0.029126213863492,0.486931600607932,0.221912716748193,1.55376343941316,0.530303017585538,1.18744842300657,0.342198570724577,4.28775491635315,0.0222457627533004,2.70975916739553,0.20759493811056,0.0376016246154904,0.00718132872134447,0.00425531901419163,0,0.0658823519479483,0.00463678501546383,0.037907506339252,0.00143472023773938,0.0765306106768548,0,0.014565316028893,0,0.00337457831483334,0,0.0283419928746298,0.000902934523764998,0.00616142933722585,0,0.0283933510072529,0,0.0225806448142976,0,0.0322432050597854,0.00164744642097503,0.0455756161827594,0.000596836791373789,0.00684596574865282,0,0.0473618597025052,0,0.0609271533321589,0,0.0404858286492527,0,0.00447284337133169,0.00136845710221678,0.00632511044386774,0,5.25811420753598,0.0317220543511212,1.38884759019129,0.00594353629276156,0.272727262694389,0.00745341600850224,0.113049543346278,0.00579290371388197,0.0442132637836039,0.00253164558671415,0.207207212224603,0.00210010504815727,0.688785672420636,0.00383141753263772,0.186286558688153,0.00161507399752736,0.314960635732859,0,0.057396654272452,0,0.0056577087379992,0.0423131184652448
0.000623441417701542,0.0237407763488591,0.0231935764895752,1.20657925540581,0.116642957553267,16.5688328730175,0.00574712629895657,4.07918018265627,0.0524781360290945,0,0,0.0682205823250115,0.00154738873243332,0.47145488858223,0.00706357206217945,14.2880160994828,0.00531561439856887,0.0559360707411543,0.0205831909552217,0.0350734097883105,0.730526282452047,1.82563034561463,0.143786371336319,0.598597724398132,0.379421215504408,4.44376905076206,0.401792388525791,3.02388539537787,0.00478927191579714,2.05952392844483,0.880422013928182,2.65573759423569,0.00763358781114221,0.0186757219489664,0.00749063678085804,0.0183486230671406,0.00712758395820856,0.683544289553538,0.0110573600977659,0.62812087754719,0.0109649123623967,0.830636429600418,0.00774193543475121,0.0481481472961605,0.0136411325074732,0.0380403462331742,0.0142538975924253,0.0810926174744964,0.00114220450632274,0.00116754230111837,0,0.0026966292061843,0,0,0.00347977387718856,0.30516431608703,0.0011405759723857,0.0212704798905179,0.000920386577490717,0.00849617645144463,0.00236686383141205,0.0152224818011746,0.0012210012646392,0.0294906169292517,0,0.00900900887791067,0.0147329648025334,0.0544083926361054,0.00351082510314882,0.0147492624819279,0.412095631356351,2.37603309215046,0,1.34871101169847,0.0311203335877508,0.392282937420532,0.13837284129113,0.368455947143957,0,0.0392156853340566,0.000851788732688874,0.117922946810722,0.00122324156109244,1.71192439156584,0,0.150403322593775,0,1.52624996588565,0.00130932894535363,0.090202173742,0.220359285362065,0.22461170097813
4.54079678765265,0.000651253678370267,1.6997286643018,0,0.0470588244497776,0,2.66973357863026,0.000941619568038732,0.140271495678462,0,0,0,10.7357227904722,0,1.39359498291742,0,5.28855388308875,0.00351699872408062,0.169728787033819,0.00415627611801028,0.0685840705409646,0.0022075055167079,0.0215652167680673,0,0,0.0047244094312191,0.00773395178839564,0.00165289256256074,3.33594506792724,0,0.0301204825518653,0.00722021679393947,0.0604878049343824,0.00692640710622072,0.017612524330616,0.00427807494997978,0.247605018317699,0.00290697673335671,0.125624552369118,0.00406504073180258,0.411085447762161,0,0.0131636680453084,0,0.00430107535794377,0,0.0181900861207396,0.000870700925588608,0.024633432039991,0,0.0518518497119658,0,0.0226928887423128,0,0.0488237917306833,0.00557768932776526,4.01618031610269,0.000582580862101167,0.101551482221112,0,0.671755737625062,0,1.11809044028632,0,0.196930944686756,0,0.0498131988570094,0.0019966721883975,0.0625375830568373,0,0.834302322473377,0.0213371263816953,2.54519961494952,0.00140056025702506,0.586056630825624,0,0.406600672751665,0.0109364315867424,0.131609868258238,0,1.27367510623299,0,2.80427941726521,0.00121359224431217,0.537219949619612,0,0.287346938624978,0,0.0830840799608268,0,0.0177439795807004,0.101137803867459
0.00230747042223811,7.3003557221964,0.00828271644422784,1.31617259810446,0.00120120123028755,0.0994082833640277,0.00180383317638189,3.50977374764625,0,0.0682205823250115,0,0,0.00140646973159164,13.7869193830993,0.000892458716407418,0.888195993728004,0.00793650804553181,9.31576289189979,0.490930139087141,0.706012517970521,0.054590571555309,0.0528488866984844,0.183647795813158,0.468319546198472,0.00665335974190384,0.0317460304358974,0.00500625791028142,0.0422442257404327,0.00511290994472802,13.3125277367653,0.305343512445688,0.99847479397431,0.0687898067990318,0.814531530195381,0.0331574974115938,0.0258064512163401,0.0336943450383842,0.187983338488266,0.0386869859648868,0.0213363285874948,0.0324508956400678,0.0303541319444776,0.00696594407781959,0.0421661830041558,0.00923787534702569,0.0310932800639421,0.00559105421416461,0.0299769403645769,0.000995024922303855,0.0121703851036727,0.000610687013249844,0.00241545896278694,0,0,0.0211102427565493,0.0653641200624406,0.00318640458863229,2.26752265694086,0.00493421056307852,0.0436280127614737,0,0.271479399176314,0,0.45174209587276,0.00214018183760345,0.0611431086435914,0.0329826567322016,0.13897281489335,0.0701219486072659,0.162229103734717,0.122546100406907,2.92811213003006,0.0184757504612207,3.96422372607049,0.0310711356578395,1.06879195128568,0.312087926547974,1.00791859568562,0.00346020772121847,0.446898881345987,0.00230149598792195,0.543773106881417,0,0.206861238926649,0.000448833045084029,0.0950755731901154,0,0.0451855820138007,0.00844900403171778,0.0310880838660523,0.954296188428998,0.355839413241483
2.6359189201612,0.00142789151868783,3.02832740722806,0.00556506845168769,0.505018060095608,0.0103338634362444,8.90781218744814,0.00408997968770564,2.73829883616418,0.00154738873243332,10.7357227904722,0.00140646973159164,0,0.000614062009844929,8.9859799540136,0.0019537610351108,1.96602312894538,0.0014099400723353,0.0790166831575334,0.00282725464785472,0.112039309926331,0.00294550799299031,0.186220669245813,0.0338580355164595,0.0455130970221944,0.0108288213959895,0.0330033013597131,0.00683468580245972,5.17743454570882,0.003869719337672,0.264421356492676,0.0365198700455949,0.0924237621948123,0.00348735821899027,0.00743149081245065,0.00387221691198647,0.234726684167981,0,0.158767774526495,0.000767165329307318,0.270405613118783,0,0.0346041069133207,0,0.0120361080626026,0,0.0624624639749527,0,0.0218617778737098,0,0.0931480128492694,0,0.0407664076192304,0,0.0750591017422266,0.00219719856977463,1.99782232058351,0.000438212096923962,0.0767341916798614,0.000581564381718636,0.551381190307438,0.000716075883246958,0.79177374963183,0,0.18849721562583,0,0.036380381701747,0.00483559007989243,0.032211881771218,0.00163867266383022,1.96649383287877,0.0149783205706626,2.52462866151473,0.00312622124329209,0.708638360258192,0.00198216061107814,0.482237346004695,0.014649190066848,0.0736629657912999,0,1.22575013386086,0.000491400482133031,2.56397063838085,0,0.814464197144844,0.000405844155466184,0.346349752508104,0,0.16135265288176,0,0.0062500003259629,0.087408953346312
0.00103092787321657,1.47849041310837,0.0138785631861538,2.12585111847147,0.00384985562413931,0.230147414840758,0.00701320153893903,10.4365688898833,0.000978473573923111,0.47145488858223,0,13.7869193830993,0.000614062009844929,0,0.000753579486627132,1.13393525814172,0.00551217282190919,2.20379544829484,0.443408770370297,0.482074270723388,0.0295930942520499,0.0689655160531402,0.575006932369433,1.27488148579141,0.00835073087364435,0.0684104603715241,0.0119343604892492,0.0549792560050264,0.00797101476928219,11.3288692586357,0.830950385192409,1.7731092608301,0.0643063569441438,0.369881121441722,0.0103448275476694,0.00604960659984499,0.038554216735065,0.0878701047040522,0.0500235948711634,0.0218778485432267,0.025252525229007,0.0125078170094639,0.0020020020310767,0.0225988700985909,0.00310318078845739,0.0282509338576347,0.0082276314496994,0.0278606970096007,0,0.000838574429508299,0.00054229935631156,0.00138073868583888,0,0,0.0242342655546963,0.0501858746283688,0.00382866710424423,0.847506629041163,0.00492091401247308,0.0277594195213169,0.00249454309232533,0.114285715389997,0.00086580088827759,0.189690717961639,0.00262927258154377,0.0232209740206599,0.0203562341630459,0.0784313722979277,0.0503989902790636,0.0749506913125515,0.150907353730872,3.49623345612781,0.0251748251030222,2.04193853086326,0.0525672395015135,0.505918987095356,0.419167037587613,0.644658404809888,0,0.106918237288482,0,0.19578889850527,0,0.117497885948978,0,0.0522702116868459,0,0.0334507036022842,0.00536624633241445,0.013892462302465,0.358327806461602,0.481113341054879
0.285094844410196,0.000555709935724735,1.02002602611901,0.00196608505211771,6.42902543570381,0.0554103485774249,1.3100043303275,0.00251256278716028,24.956849089358,0.00706357206217945,1.39359498291742,0.000892458716407418,8.9859799540136,0.000753579486627132,0,0.000810372759588063,0.904881682479754,0,0.015636105556041,0,0.752793274004944,0.0181311018532142,0.155157208442688,0.0455861056689173,0.256083423038945,0.0945494952611625,0.92696321895346,0.0736478716135025,12.0474708143156,0.00240192149067298,0.909506424795836,0.0968036514241248,0.0310318078845739,0.00281888642348349,0.00387096789199859,0.0013670539483428,0.433952256687917,0.00315126066561788,0.327630890067667,0.00299401197116822,2.24820661253762,0,0.0726754524512216,0.000757002271711826,0.011725293006748,0,0.121745510608889,0,0.034034930402413,0,0.14293882122729,0,0.0756756775081158,0,0.316432942636311,0.00131665566004813,0.269741788273677,0.00100984598975629,0.0369114876375534,0,0.211468344205059,0,0.326415099203587,0,0.179732312215492,0,0.0240641715936363,0.00226436462253332,0.010953902034089,0.00217627850361168,4.83193302061409,0.0103412615135312,3.50076731457375,0.00408997945487499,0.398340258747339,0.00282685505226254,0.203622121363878,0.00803616270422935,0.108774472028017,0,1.23745579912793,0,10.9145014560199,0,1.26095318846637,0,4.92869384586811,0,0.560927322134376,0,0.00151860283222049,0.0151630025357008
0.00162425549933687,0.0632806011708453,0.0181865418562666,0.511662165867165,0.038054967764765,9.30516387673561,0.00257400266127661,1.24811719229911,0.0204520985716954,14.2880160994828,0,0.888195993728004,0.0019537610351108,1.13393525814172,0.000810372759588063,0,0.00502260169014335,0.69526363548357,0.0397445000708103,0.0673927866155282,0.509749294957146,2.27121004299261,0.144995596143417,0.471820798702538,0.175722539424896,1.71476143354084,0.198356165434234,2.59012623131275,0.0101010103244334,15.1862509771017,0.489963499770965,1.41385596210603,0.0178156464826316,0.0408163253450766,0.0167310169199482,0.0368098171893507,0.00635256757959723,1.25157228391618,0.00413864478468895,1.17231079190969,0.00715307600330561,1.47629153274465,0.0192102455184795,0.126984128728509,0.0351170565700158,0.104457451729104,0.0395459532737732,0.221279603778385,0.00178810907527804,0.00909504306036979,0.00171330675948411,0.00442641077097505,0,0.00102564098779112,0.00143626565113664,0.729125606303569,0.00150262954412028,0.0600252207368612,0.00376081239664927,0.0225352104753256,0.0019860973698087,0.0410209660185501,0,0.0668135085725226,0.00190839695278555,0.0249597426154651,0.0315170955727808,0.1498444963363,0.0109339405316859,0.0369163965806365,0.604821782093495,2.78224987350404,0.0122511489316821,3.94489778834395,0.0275862077251077,0.611698353895918,0.0977039569988847,0.68270674708765,0.00433839485049248,0.0569800566881895,0.00352858158294111,0.45174300763756,0,5.0550459115766,0.000427076651249081,0.450450450443896,0.00113830389454961,3.09108345443383,0.00056481221690774,0.198324785393197,0.33156699500978,0.160241876728833
2.51353875570931,0.00768738007172942,0.45843232399784,0.00501113600330427,0.0510276393033564,0.00139275763649493,0.522841421829071,0.00465224467916414,0.153957879869267,0.00531561439856887,5.28855388308875,0.00793650804553181,1.96602312894538,0.00551217282190919,0.904881682479754,0.00502260169014335,0,0.0352874207310379,0.0864355998346582,0.0146520151756704,0.0565445031970739,0.00208986410871148,0.0088858506642282,0.0069960649125278,0,0,0.00446428579743952,0.00158604281023145,6.02866704098415,0.0583869338734075,0.0303915829863399,0.00583771150559187,0.379819143970963,0.15671326109441,0.736253509530798,0.929006062913686,0.580965926405042,0.0896986648440361,0.101928376127034,0.0248853963566944,0.248636848758906,0.00429184548556805,0.408583695767447,0.101616628817283,0.510727361775935,0.133333332836628,0.123555556929205,0.0689948873477988,0.865603680722415,0.00232828874140978,1.60145651252242,0.00179372192360461,0.167516393703409,0.00136147043667734,0.15538194560213,0.0390472472645342,7.0000002917368,0.0275545343756676,1.55463727150345,0.011869436246343,3.59999998658895,0.0175131345167756,6.2422395516187,0.025858225824777,2.68730652751401,0.00299550674390048,0.872203513339628,0.399869114044122,0.109684948576614,0.0720058771548793,0.577435154933482,0.0521619752980769,2.7564274960896,0.0513860704377294,0.658410763833672,0.0341151393949986,1.01532564614899,0.453104373766109,1.75388025096618,0.0151679306291044,11.6710584287066,0.0240802669432014,4.47682927246206,0.0211889336351305,1.85292722741724,0.0145530146546662,0.413793093524873,0.00623052939772606,0.333986937941518,0.00186335400212556,0.0547619068529457,0.0665083164349198
0.00231213867664337,4.39715031289961,0.00331950222607702,0.221411818347406,0.0012062726309523,0.106951869092882,0.00135501357726753,0.378794547024881,0,0.0559360707411543,0.00351699872408062,9.31576289189979,0.0014099400723353,2.20379544829484,0,0.69526363548357,0.0352874207310379,0,0.0735294097103179,0.184911245014518,0.0415973365306854,0.0548172744456679,0.0516861008945853,0.0978689794428647,0.00534759368747473,0.0369897951604798,0.00377121311612427,0.0676392561290413,0.0324786327546462,21.0158723797649,0.0806945896474645,0.19795917510055,0.167802380339708,0.496165632619523,0.162121206987649,0.165450116386637,0.0193353481590748,0.31541217584163,0.0211889336351305,0.0383314525242895,0.0171821308322251,0.0576759967952967,0.0225067911669612,0.141791044792626,0.0463392032543197,0.195269239600748,0.0208249902352691,0.0793834298965521,0.00698951573576778,0.0203562341630459,0.0104039169382304,0.0145337098510936,0,0.00233100238256156,0.00784006260801107,0.115384614793584,0.00957701483275741,5.05708917847369,0.0288659788202494,0.145049880549777,0.0165052028023638,0.4734693672508,0.00105820107273757,5.74939770950004,0.00966702494770288,0.152000001689885,0.217094011546578,0.731456249486655,0.0734319258481264,0.399253722047433,0.158900831011124,1.80046950955875,0.0115942023694515,6.43221303750761,0.0230263159610331,1.01772152585909,0.269167113117874,1.25269729620777,0.00348128797486424,13.7452992621111,0.00461538461968303,7.02378750126809,0,1.10277496592607,0.00314677454298362,0.207570219936315,0.00262639531865716,0.0647948146797717,0.00362866662908345,0.0380732619669288,1.02851882961113,0.10468319489155
2.60742582392413,0.281083828595001,9.7759238971048,1.4107263876067,0.0098302056430839,0.046840476396028,0.777555896784179,1.02575110582984,0.00907441019080579,0.0205831909552217,0.169728787033819,0.490930139087141,0.0790166831575334,0.443408770370297,0.015636105556041,0.0397445000708103,0.0864355998346582,0.0735294097103179,0,15.4220470013679,0.0426487112417817,0.0246636783704162,6.46362932265038,1.74887607502751,0.0317919080844149,0.0279329612385482,0.0147397508844733,0.0249042139621451,0.259589047986083,0.31109550880501,5.26477541984059,6.2417322602123,12.2096991181024,11.3676284789108,0.566315763629973,0.102592383278534,0.119910516659729,0.031943212961778,0.0789820082718506,0.00594732351601124,0.0860091706272215,0.00682205823250115,0.00126702571287751,0.00802139053121209,0.00292184087447822,0.00623295689001679,0.011049723951146,0.00818897649878636,0.00154858687892556,0.000785854645073414,0.00363825366366655,0.000654236180707812,0,0,0.0421590541955084,0.0224321127170697,0.584005529817659,0.161447463557124,0.0951747076469474,0.0131826743599959,0.0213840224314481,0.0244094487279654,0.00809716584626585,0.0273615630576387,0.0106470106984489,0.00706713763065636,0.350122248288244,0.19366469560191,10.0763476141728,2.000000057742,0.762200553726871,1.73992991424166,0.522342732991092,0.790980066172779,0.11915367830079,0.583569409209304,0.631007085321471,1.54122164845467,0.00462695211172104,0.00914285704493523,0.0119496853440069,0.0282944709761068,0.0129712205380201,0.00870942196343094,0.0111354142427444,0.0132620318036061,0.000951022375375032,0.00657894741743803,0.0200668899924494,0.00345935259247199,1.09298136783764,0.440982641652226
0.0105769230867736,2.4738265168271,0.0315179609460756,7.48138337969431,0.00424088211730123,0.0663029792485759,0.0136505460250191,2.02592456975253,0.000860585190821439,0.0350734097883105,0.00415627611801028,0.706012517970521,0.00282725464785472,0.482074270723388,0,0.0673927866155282,0.0146520151756704,0.184911245014518,15.4220470013679,0,0.05257623270154,0.0682773144217208,0.58714174060151,2.58688940311549,0.0136612021015026,0.0264550256542861,0.00523788726422936,0.0362318847328424,0.029605264426209,0.515498640888836,0.825432633166201,2.05789475672645,3.0898950016126,7.72430496942252,0.222772284178063,0.0331091582775116,0.0560509536881,0.046335298102349,0.0950395973632112,0.0169765561586246,0.0686695277690887,0.0287386919371784,0.00305157154798508,0.00964010279858485,0.00629811070393771,0.0163751395884901,0.0187675945926458,0.0103186649503186,0.000739918614272028,0.00300187617540359,0.00403225794434547,0.00314762350171804,0,0,0.0615195313002914,0.0399087788537145,0.0143529940396547,0.717219571932219,0.0191999995149672,0.0393224428989924,0.00745626579737291,0.0676691735861823,0.00231660227291286,0.0721003144280985,0.0039032005588524,0.0115254237898625,0.425178144942038,0.579065702797379,7.93085330119357,6.8630849244073,0.378264524508268,2.85024949908257,0.0503092773724347,2.18301734142005,0.059498957474716,1.6116710951319,0.765618793317117,3.68305571237579,0,0.0342245995998383,0.00242424244061112,0.0711201422382146,0.00154619244858623,0.0370370375458151,0.00155369972344488,0.0212721580755897,0.000899685139302164,0.0188087769784033,0.0269528310745955,0.0062395007989835,2.68047011632007,0.604807147406973
0.0458991710329428,0.0249318275600672,0.0789193008095026,0.102732956875116,0.355140175670385,2.82860399689525,0.0849420807790011,0.0779914568411186,0.167883210349828,0.730526282452047,0.0685840705409646,0.054590571555309,0.112039309926331,0.0295930942520499,0.752793274004944,0.509749294957146,0.0565445031970739,0.0415973365306854,0.0426487112417817,0.05257623270154,0,8.99999979045242,0.251370724872686,0.309468820225447,4.89625345752575,3.86161885829642,4.79087448678911,3.06232290482149,2.13654095283709,0.502046387642622,4.31141882063821,3.28670120018069,0.0310478657484055,0.0232558142160997,0.0077220075763762,0.0139211132191122,0.649472431046888,0.263761456590146,0.463768128305674,0.201646084431559,7.14917154703289,0.673740041442215,0.00676056370139122,0.0434782600495964,0.0103244837373495,0.0421940931119025,0.0294985249638557,0.0423870622180402,0.00499583675991744,0.00343938102014363,0.00648823985829949,0.00119402981363237,0.00488997576758265,0.00218818383291364,0.311034874990582,0.0927218359429389,0.0284071705536917,0.0198019804083742,0.0147874304093421,0.00554323720280081,0.0171284636016935,0.0293609671061859,0.0238970589125529,0.0201421808451414,0.0169811323285103,0.00690607761498541,0.0118168387562037,0.0575769692659378,0.0293356351321563,0.019851116463542,9.19954089028761,4.20842568436638,1.10075839422643,1.04761904664338,0.782608685083687,1.01305484585464,0.603362979600206,0.615224196808413,0.0115273771807551,0.0489130443893373,0.16462735645473,0.0501026711426675,2.14193550893106,0.244755242019892,0.221551971277222,0.0321894927765243,1.78918175166473,0.272380949463695,0.091816364438273,0.00900562852621078,1.50175441708416,1.49128921423107
0.00225563911953941,0.0381471384316683,0.0134991117520258,0.138861471496057,0.0675990690942854,8.76557169249281,0.00496141141047701,0.131874002225231,0.029126213863492,1.82563034561463,0.0022075055167079,0.0528488866984844,0.00294550799299031,0.0689655160531402,0.0181311018532142,2.27121004299261,0.00208986410871148,0.0548172744456679,0.0246636783704162,0.0682773144217208,8.99999979045242,0,0.0766961626359262,0.226066889241338,0.761494250036776,2.6692709128838,0.611883713398129,14.5734463548288,0.123376621049829,1.5858310405165,1.9758203746751,3.55862067639828,0.0155038763768971,0.0342920352704823,0.0461538461968303,0.0461893761530519,0.0678362564649433,1.11212809570134,0.113459394313395,4.87474349560216,0.0549450563266873,6.96042244881392,0.00900393910706043,0.0471464016009122,0.0206185567658395,0.0471777580678463,0.0129640545928851,0.0657381631899625,0,0.00686695287004113,0.00324149103835225,0.00119260582141578,0,0,0.0148486585821956,0.747011974453926,0.00135180808138102,0.0232002725824714,0.00123076920863241,0.00775193807203323,0.00301962741650641,0.0189655171707273,0,0.0319526625098661,0.00564971740823239,0.0124137934762985,0.0103321031201631,0.0591290432494134,0.00516795879229903,0.0272277223411947,6.97940471582115,6.47123891394585,0.255135141313076,1.80129584809765,0.447115401271731,1.07012984994799,0.444225099636242,0.676378805655986,0,0.0432432442903519,0.00444444455206394,0.0837094784947112,0.00367985269986093,1.12914486322552,0.00274047692073509,0.0910470436792821,0.00553250359371305,1.78517108852975,0.0087754288688302,0.0847394044394605,12.6550523974001,2.06920421728864
0.0211708793067373,0.0806522718630731,7.58403003853164,2.04992009152193,1.41917232016567,0.741234215558507,1.99785606187652,1.51951001345878,0.486931600607932,0.143786371336319,0.0215652167680673,0.183647795813158,0.186220669245813,0.575006932369433,0.155157208442688,0.144995596143417,0.0088858506642282,0.0516861008945853,6.46362932265038,0.58714174060151,0.251370724872686,0.0766961626359262,0,12.6167967170477,3.8409005664289,1.25831206748262,1.11159424146172,0.370564075186849,0.228555144800339,0.542333410587162,24.6242407010868,10.9287317014532,4.99630382843316,1.54461216100026,0.297308161389083,0.0432972519192845,0.0460339937126264,0.0281392899341881,0.0285913529223762,0.00679578690323979,0.0274324901401997,0.0170357746537775,0.00160170852905139,0.00893605127930641,0.00240456871688366,0.00570342200808227,0.00927441369276494,0.0116896916879341,0.000630517024546862,0.000638162076938897,0.00180302001535892,0.000548546377103776,0,0,0.018817204691004,0.0165954229887575,0.0292207791935652,0.0714285713911522,0.0172509745461866,0.00317880779039115,0.00657229538774118,0.0115052737528458,0.00261523365043104,0.0300628575496376,0.00395908928476274,0.00409476470667869,0.0901902111072559,0.049194990133401,0.191054309718311,0.170687789213844,0.666197689191904,1.83849634212675,0.0760193506721407,0.589982737204991,0.0679245287901722,0.202208999544382,0.441314538475126,0.336518766649533,0.000862812798004597,0.0128259943448938,0.00636773672886193,0.0308670004596934,0.0137434556381777,0.0333868390880525,0.00391598435817286,0.00987841957248747,0.00148588407319039,0.0112545517622493,0.00759606799692847,0.00388265759102069,0.10904254973866,0.381753756082617
0.00751879677409306,0.167222366086207,0.754161657969235,9.6694895834662,0.688299837056547,1.38725707423873,0.120613150007557,3.6134751815116,0.221912716748193,0.598597724398132,0,0.468319546198472,0.0338580355164595,1.27488148579141,0.0455861056689173,0.471820798702538,0.0069960649125278,0.0978689794428647,1.74887607502751,2.58688940311549,0.309468820225447,0.226066889241338,12.6167967170477,0,3.00000017287675,1.2306959250709,1.06176329613663,0.334641806432046,0.0432055739220232,1.3488206260954,6.69533750833943,7.04899613000453,0.50034748390317,0.45761631266214,0.069189190864563,0.0181508790701628,0.0512585821561515,0.0635208713356405,0.0619111712439917,0.0217013890505768,0.0365997628541663,0.01989467558451,0.0019311232608743,0.0251529573579319,0.00818452396197245,0.0166865314822644,0.00726792181376368,0.0243199993856251,0,0.00320641277357936,0.000526592950336635,0.00199534418061376,0,0,0.0285621541552246,0.0269622539053671,0.00466309167677537,0.132363296987023,0.0040609136922285,0.0114795916015282,0.00241181789897382,0.0329317275900394,0.00165289256256074,0.0443708616658114,0,0.00935251789633185,0.0346534664276987,0.0840073096333072,0.0794861493632197,0.100093544693664,0.490018150303513,3.6418978641741,0.0212860316969454,1.20744677027687,0.0801832799334079,0.431486861780286,0.612035860307515,0.561326918483246,0,0.0294117635348812,0.00255591049790382,0.0621183949406259,0.00579230452422053,0.0743134105578065,0.00160674832295626,0.0285405400791205,0.000974184134975076,0.0377833747188561,0.0114672927884385,0.0100075057707727,0.253555977833457,0.693020397797227
0.00135501357726753,0.00349528127117082,0.395880268479232,0.0354247969808057,7.37043493962847,2.43574463704135,0.043877549120225,0.0316988602280617,1.55376343941316,0.379421215504408,0,0.00665335974190384,0.0455130970221944,0.00835073087364435,0.256083423038945,0.175722539424896,0,0.00534759368747473,0.0317919080844149,0.0136612021015026,4.89625345752575,0.761494250036776,3.8409005664289,3.00000017287675,0,5.4301887601614,26.0572487511672,5.38000025553629,0.078602621331811,0.180681812460534,9.59724166756496,1.85674933809787,0.102173908380792,0.0285714282654226,0.017241379013285,0.0165517246350646,0,0.0205831909552217,0.00335852219723165,0.00789889425504953,0.00304878037422895,0.0149031297769397,0.000966650550253689,0.00210084044374526,0.00242424244061112,0.00405679503455758,0.00201106094755232,0.00191662670113146,0,0.00137268356047571,0,0,0,0,0,0.00434782617958263,0,0.00124107976444066,0,0.000953288865275681,0,0.00137741048820317,0,0.00100908172316849,0.00147710484452546,0.00114810559898615,0.00333111267536879,0.00930232525570318,0.00688231259118766,0.00545454549137503,0.768439128994942,0.324414713075384,0.0640920301666483,0.10509031265974,0.00564971752464771,0.0118168387562037,0.0199233720777556,0.0303272147430107,0.00312012480571866,0,0.00286806881194934,0.0073286920087412,0.013052936643362,0.0264255914371461,0.00152245623758063,0.00446055177599192,0.00197044340893626,0.0178571431897581,0.000714540889021009,0.00135180808138102,0.0138169256970286,0.027538726106286
