0,0.0693886181106791,6.13172421269701,0.046466973843053,0.0223610658431426,0.00977198680629954,6.16839903878281,0.0426819017447997,0.0260956843849272,0.00323415268212557,6.7855547866784,0.0331724973511882,3.42940746783279,0.0226221089251339,0.264911779260729,0.00778210104908794,3.70253383240197,0.0308810171554796,2.24584201152902,0.408944101247471,0.0341614913195372,0.0138942492194474,0.0658602149924263,0.0239396292017773,0.00412938755471259,0.00269632623530924,0.0472016201820225,0.0075888239662163,4.46107762021711,0.0418293377151713,0.408089355099946,0.0529323313385248,2.20534763671458,0.820659268589225,0.133823532029055,0.0260536404093727,0.462295082397759,0.0138980806223117,0.289275177230593,0.034005036461167,0.303535953629762,0.00627450970932841,0.0100755668245256,0.00108932459261268,0.00173913035541773,0.00178997620241717,0.062992125749588,0.0237134204944596,0.00420546700479463,0.00118623964954168,0.0536971820984036,0,0.0146130849607289,0.000654236180707812,0.0657861968502402,0.0985576923994813,17.5711466947105,0.0402791625529062,0.692545016412623,0.00356597057543695,2.25208443123847,0.00119260582141578,1.39644612785196,0.0128514049574733,0.22875196498353,0.00504484330303967,0.394632004317828,0.0869937837705947,7.06491945229936,0.210810815915465,1.11212514212821,0.168414160259999,3.38257216633065,0.0625598487677053,0.460577665944584,0.0258215959765948,1.38180656789336,0.135582425747998,0.129160067706835,0.0110236220061779,0.75278625881765,0.0123511246638373,0.455487805302255,0.00901984371012077,0.694019480375573,0.00956761732231826,0.0378396958694793,0.00248833582736552,0.09398907321156,0.00124740129103884,0.0828258240362629,0.119451166829094
0.0693886181106791,0,0.0424042807717342,8.66563653910998,0.000664451799821109,0.114511355641298,0.0128897405520547,7.07601368485484,0.00202839751727879,0.0581509291660041,0.0109748224494979,10.1558604548918,0.00933660916052759,2.32858245429816,0.00282485882053152,0.143537983298302,0.0265957438386977,3.45660162070999,0.424941036326345,3.81972966087051,0.0400785868987441,0.0804687511990778,0.0464696581766475,0.0571878247428685,0.00417391292285174,0.0252043593209237,0.00272572413086891,0.0453277546330355,0.0625857798149809,1.3198312780587,0.127970745088533,0.295081955962814,0.32839040143881,1.91732075158507,0.054295276699122,0.0193873594980687,0.0397482595872134,0.113005681254435,0.0523525536409579,0.031160572252702,0.00402252626372501,0.0254069082438946,0.00406194478273392,0.0252677835524082,0.00292483193334192,0.0337247801944613,0.0280497478670441,0.0172896006843075,0.000606428133323789,0.0179586955346167,0.00443164200987667,0.0131856533698738,0.000671140966005623,0.00198281568009406,0.0331491711549461,0.0852506645023823,0.0797144575626589,15.4602728713944,0.0399067102116533,0.03132220817497,0.0182851494173519,0.105928373523057,0.0160841325996444,0.99028075102251,0.00701978284632787,0.132880968449172,0.169691856717691,0.663503041665535,0.705740918405354,4.73472179833334,0.221929528634064,1.77159885386936,0.0667539273854345,1.69954862445593,0.00711181329097599,0.412673262006138,0.35975412488915,1.3384763658978,0.00240673881489784,0.125946594052948,0.0117436819127761,0.284254942089319,0.00430901808431372,0.0946889254264534,0.008390141883865,0.159141370968428,0.000695410300977528,0.045226130168885,0.0224471826804802,0.0213433775352314,0.643914478481747,0.284429918741807
6.13172421269701,0.0424042807717342,0,0.591871127253398,3.01576292840764,0.352389883249998,21.3481288825278,0.422229537391104,0.418589756649453,0.0912193626863882,1.79447851987788,0.071366403484717,3.47542541415896,0.156180055462755,0.537007034639828,0.0268168398179114,0.484542578458786,0.0110658125486225,11.3671780010918,0.698748795781285,0.0295530096627772,0.0235121231526136,6.72557108756155,1.53950671118218,0.652617693995126,0.239509360515513,0.172424924152438,0.0448844898492098,2.45939563290449,0.0672585447318852,6.89953526569298,0.690972227370366,6.04029981605709,0.684236922301352,0.288319891551509,0.0189711791463196,0.374724913388491,0.0126863305922598,0.14528301655082,0.013305110973306,0.110271903220564,0.00298396125435829,0.00829066082951613,0.00210360251367092,0.0033510192297399,0.00114843528717756,0.0304491247516125,0.00927960983244702,0.00289017334580421,0.000570939213503152,0.0466310150513891,0.000505816889926791,0.00572883489076048,0,0.0328185321995988,0.0494057329487987,1.07550430725678,0.0143801013473421,0.257149963930715,0,0.189593725546729,0.00172166421543807,0.144919001846574,0.00672529777511954,0.0418689324287698,0.00108137330971658,0.288571428420255,0.04293455494917,1.78274576843251,0.065998058882542,2.83463589439634,0.348099263501354,2.24238655436784,0.0833333362825215,0.355737105244771,0.0253070339094847,0.980018424917944,0.135044300346635,0.0278719396446832,0.00524148263502866,0.123559694504365,0.00428724539233372,0.148343600332737,0.00752097193617374,0.0924698272719979,0.00503054267028347,0.0157998679205775,0.00298864324577153,0.0305992355570197,0.00242865819018334,0.0485736302216537,0.106554238765966
0.046466973843053,8.66563653910998,0.591871127253398,0,0.0945287875947542,4.50454531190917,0.25554483931046,20.7048902842798,0.0232625752687454,2.56973456474952,0.0128527522319928,1.62028673331952,0.0637222586374264,2.03317974728998,0.0288485452765599,0.479249031050131,0.00859845225932077,0.120436987956055,0.930200077418704,10.4634639252909,0.0918704598443583,0.15258139045909,2.51241360220592,11.6426740427269,0.0452920140232891,0.203102141153067,0.0146370017318986,0.131979696510825,0.0688651807722636,0.805252748250496,1.94844539731275,5.16238385159522,0.354653942922596,1.44317920377944,0.0264984222594649,0.00784313748590648,0.0285714282654226,0.0345622119493783,0.0640182923525572,0.0132377268746495,0.010785304941237,0.0153333331691101,0.00226244344958104,0.0194080546498299,0.00205128197558224,0.00841662287712097,0.0253521133563481,0.0203896696621086,0,0.00470957608195022,0.00120144174434245,0.00280833133729175,0.00173360301414505,0.0011405759723857,0.0309209046245087,0.0368763557344209,0.0271542361588217,0.224702659179457,0.006451612978708,0.00319926883094013,0.00750883397995494,0.0147213451564312,0.00376952055376023,0.0869773022714071,0.00110650074202567,0.0189148829085752,0.0333397198410239,0.0914598415838555,0.142331940063741,0.33900294569321,0.42353611526778,3.26156496780459,0.0678541115485132,1.24141777306795,0.00863213837146759,0.24284763057949,0.657894759206101,0.959910941077396,0.000672494934406132,0.0200668891193345,0.00591177798924036,0.0473515248741023,0.00643431628122926,0.0715042374213226,0.00128990644589067,0.0353440940380096,0.00178731005871668,0.0376534782699309,0.0191044779494405,0.00760456256102771,0.336422928376123,0.484972664271481
0.0223610658431426,0.000664451799821109,3.01576292840764,0.0945287875947542,0,0.546932737343013,0.502589395910036,0.0179499288205989,6.9874211428687,0.0727272708900273,0.0453257784247398,0.00125078170094639,0.353187921107747,0.00368154630996287,3.91693620244041,0.0350877188611776,0.0529500737320632,0.00252206809818745,0.0159549509990029,0.00606585788773373,0.272409782744944,0.0663615530356765,1.43720427900553,0.428033862554003,6.96383521193638,1.47359996277373,5.38991182507016,0.683587126433849,1.92948387563229,0.0224719092948362,6.62155384616926,0.345771136227995,0.104794853599742,0.00936329597607255,0.0259222337044775,0.00671892520040274,0.0750187551602721,0.00306513416580856,0.0345345353707671,0.00137080193962902,0.484999989159405,0,0.00976475834613666,0.00102301791775972,0.00230813608504832,0,0.0210224559996277,0.00267022690968588,0.00744416867382824,0,0.0183940579881892,0,0.0216383300721645,0,0.0165505228214897,0.000818665546830744,0.013106940430589,0.00121285626664758,0.0119650255073793,0,0.0152477767551318,0,0.0180995480623096,0,0.0317679570289329,0,0.00851900421548635,0.00610169494757429,0.00121876900084317,0.00804505252745003,3.88749060616829,0.101872660219669,1.61167876794934,0.0423728814348578,0.146745561156422,0.0119189510587603,0.0697508902521804,0.0224561411887407,0.0371747219469398,0.0024301337543875,0.0977140287868679,0.00354987569153309,0.928982728393748,0.00870105647481978,0.0639405232504942,0.00161377078620717,0.151260505663231,0.00534045416861773,0.0272918130503967,0.000646621396299452,0.00268096523359418,0.0367936915718019
0.00977198680629954,0.114511355641298,0.352389883249998,4.50454531190917,0.546932737343013,0,0.159157684538513,1.80248645949177,0.222905453993008,22.0341879213229,0.00277585000731051,0.147420144639909,0.0646498115966097,0.375113543937914,0.0785979798529297,8.22198961302638,0.0118430787697434,0.177089784992859,0.069444443215616,0.159178431378677,1.35810814099386,9.91140653495677,0.671469720778987,1.79118327912875,1.00492611480877,13.854574135039,1.72143973177299,20.2328659669729,0.170191339217126,3.42992609599605,2.66707687510643,5.46243145223707,0.109161794185638,0.120092379511334,0.0658914726227522,0.0824295021593571,0.0220264313975349,0.91904050426092,0.0279206462437287,3.34811827645171,0.0024125452619046,1.67053358629346,0.0446976338862441,0.199596768245101,0.0261066982056946,0.114182696561329,0.0697455224581063,0.218804923002608,0,0.0225653216475621,0.00630252115661278,0.0187353626824915,0.00151171581819654,0.0160701248096302,0.0129032257245854,1.32281557802344,0.011222682078369,0.0577096492052078,0.0108991828747094,0.00268096517538652,0.0125523016322404,0.0144057618454099,0.00507614202797413,0.057645334629342,0.00270819221623242,0.0297872330993414,0.0616682873805985,0.179254783317447,0.0395209587877616,0.114779870258644,1.15217395301443,5.03519061114639,0.135811297805049,3.72318344539963,0.01372997649014,0.695852533914149,0.348675035638735,0.844566718908027,0.0047846888191998,0.0727699541021138,0.0168141592293978,0.247364720329642,0.0288944720523432,2.70818080496974,0.0078740157186985,0.232185752538498,0.00164068909361959,3.67910938768182,0.00623484567040578,0.149903911398724,1.54838715679944,0.440506332088262
6.16839903878281,0.0128897405520547,21.3481288825278,0.25554483931046,0.502589395910036,0.159157684538513,0,0.164249818772078,0.828878344211262,0.0530930353561416,4.28336955443956,0.0138568130205385,11.0803520607878,0.0473083201795816,1.89138492103666,0.0091066783934366,0.484579306328669,0.00185313879046589,1.07856852316763,0.121452672115993,0.0200557108037174,0.00776699022389948,1.88426435543806,0.640312964096665,0.113775505276863,0.0859080681111664,0.0663316575810313,0.0235113734379411,3.49573368014535,0.0221739135158714,1.97735147830099,0.320350310357753,0.880942391348071,0.113827817287529,0.0594536679564044,0.0022075055167079,0.171751967864111,0.00247770076384768,0.129953237716109,0.0114558474160731,0.0515434704720974,0.00336700351908803,0.00682182985474356,0.00256081949919462,0.00179211469367146,0.000916170421987772,0.0219734660058748,0.0112494979985058,0.00230255580390804,0.000455996341770515,0.0302267011720687,0,0.00596273294650018,0,0.0254625026136637,0.0371086187660694,0.882063052413287,0.00497594955959357,0.0799347478896379,0,0.409269450290594,0.000915750919375569,0.38849930363358,0.00336913042701781,0.0449868384748697,0.00218245302676223,0.0643264732207172,0.0112656224519014,0.167886549868854,0.0145948658464476,1.96227331703994,0.161829802033026,2.3984394093859,0.0299011333263479,0.379753916757181,0.00560224114451557,0.845744704973185,0.0327237728051841,0.0209157725330442,0.000562746194191277,0.285368805401959,0.00216294155688956,0.312994871288538,0.00276497699087486,0.30032514501363,0.00155062807607464,0.0357051775790751,0.00236462525208481,0.0336375022889115,0.000343406602041796,0.027034800092224,0.0635738862329163
0.0426819017447997,7.07601368485484,0.422229537391104,20.7048902842798,0.0179499288205989,1.80248645949177,0.164249818772078,0,0.00334768055472523,4.51108505672892,0.01064322059392,4.52738972374937,0.0370230447733775,8.81447956617922,0.00755667494377121,2.47004807123449,0.0094517960678786,0.269128111685859,1.47073992947116,4.97546968856477,0.0764128407463431,0.121035939140711,1.87979494259343,3.06711682878085,0.0195169553626329,0.177403846319066,0.012983890454052,0.176930596120656,0.0447914515680168,1.63381462544203,1.84687088537612,4.65471441013506,0.381106833810918,1.45977009471972,0.0419115787371993,0.0168288201093674,0.0311100629623979,0.0545670218707528,0.0518623279640451,0.0187685969285667,0.00269541778834537,0.0181672447361052,0.00774743384681642,0.0226104832836427,0.00344604789279401,0.0189218923624139,0.0231860884232447,0.0248206313699484,0,0.00613362557487562,0.00209168560104445,0.00279106854577549,0.000475737382657826,0.000470588245661929,0.0215136378537863,0.0508126269560307,0.0245731617033016,0.481314418197144,0.0110171157866716,0.00390701316064224,0.00682982354192063,0.0356278855470009,0.00269239390036091,0.189529220602708,0.00367140886373818,0.0352867055917159,0.0456222756765783,0.144709895597771,0.0813008127443027,0.238381886738352,0.381600568973226,3.08975269936491,0.0481308425951283,1.33564489797573,0.00745672406628728,0.15844225283945,0.540903829765739,0.736332190688699,0.00269034178927541,0.0337530130636878,0.00583544038818218,0.118735810974613,0.0026827632682398,0.089842883287929,0.00172786175971851,0.0742305354215205,0.000975609757006168,0.0571687842020765,0.0197642170242034,0.0153256700141355,0.217724291374907,0.366657579317689
0.0260956843849272,0.00202839751727879,0.418589756649453,0.0232625752687454,6.9874211428687,0.222905453993008,0.828878344211262,0.00334768055472523,0,0.0302343163639307,0.226470592664555,0,2.95454553503077,0.00188590283505619,26.2574925532099,0.0120284302392974,0.108661416918039,0,0.00577200588304549,0.00531914876773953,0.0817843882832676,0.0583941601216793,0.178849720337894,0.0887174536474049,1.31750216556247,0.419031707337126,1.42690060962923,0.327433627098799,3.77742780745029,0.0110071548260748,1.60751291294582,0.169665809255093,0.0334855393739417,0.00767754297703505,0.0126182958483696,0.00237812125124037,0.0530835276003927,0.00638467678800225,0.0406250006053597,0.00710732070729136,0.0267379684373736,0.0128040974959731,0.010904134484008,0.00210194429382682,0.00475907186046243,0.00126342382282019,0.0274375295266509,0.00273348513292149,0.0102564105764031,0.00124766060616821,0.0223423428833485,0,0.0177133657271042,0,0.0187165770912543,0.000836470106150955,0.0260211800923571,0.00246457173489034,0.00565770850516856,0,0.0164573413785547,0,0.0374581930227578,0.00101729400921613,0.041547279455699,0,0.00399999995715916,0.00207039329688996,0.00125865323934704,0.00335852219723165,2.92994602012914,0.0857365544652566,1.48710165638477,0.0293255131691694,0.13871374540031,0.0203303676098585,0.0872135986573994,0.00436999287921935,0.0344370866660029,0,0.17163836437976,0.00144665455445647,1.20052944042254,0.00256904307752848,0.107958829612471,0.00381887622643262,0.307557120686397,0.00829875539056957,0.0377761949785054,0,0.0115273771807551,0.0253878710791469
0.00323415268212557,0.0581509291660041,0.0912193626863882,2.56973456474952,0.0727272708900273,22.0341879213229,0.0530930353561416,4.51108505672892,0.0302343163639307,0,0,0.0896969703026116,0.0164271052926779,0.738309369364288,0.015748031437397,18.5621121469885,0.00728332146536559,0.0818570582196116,0.0384967915015295,0.085629504348617,0.35164836794138,1.47675679251552,0.329521096253302,1.18419846124016,0.185483868117444,3.55572631093673,0.249230769462883,3.20032431010623,0.0617529898881912,1.87916676467285,1.01517907483503,3.55997586401645,0.0221793634118512,0.0576131686102599,0.0170777987223119,0.0233050847891718,0.00289017334580421,0.308259585872293,0.0101229213178158,0.464900669991039,0,0.454751150915399,0.0147569445543922,0.0997008988633752,0.0134529154747725,0.0510083049302921,0.0298507455736399,0.0887728433590382,0,0.00937866326421499,0.00208478118292987,0.00278164108749479,0.00148698885459453,0.0143781455699354,0.00170430331490934,0.26623897254467,0.00410798127995804,0.0250821142690256,0.00539568357635289,0.000884955748915672,0.00165837479289621,0.0059241708368063,0.00125156447757035,0.0222329626558349,0.00667111424263567,0.0136698205024004,0.0264260400435887,0.0659780093701556,0.00827423168811947,0.0649149902164936,0.489301012130454,2.74025973770767,0.0394088658504188,1.67416501883417,0.0111607147846371,0.26067415997386,0.237637368612923,0.440379412611946,0.00699300714768469,0.0434782588854432,0.0035056967753917,0.123430962616112,0.00123915739823133,1.41204822203144,0.00538423878606409,0.11514990584692,0.00161160354036838,1.31181407161057,0.00412512884940952,0.0496183207724243,0.208281051600352,0.216748764738441
6.7855547866784,0.0109748224494979,1.79447851987788,0.0128527522319928,0.0453257784247398,0.00277585000731051,4.28336955443956,0.01064322059392,0.226470592664555,0,0,0.00948429200798273,16.3867319371784,0.00973020796664059,2.24510824074969,0.00203148811124265,7.97163095325232,0.00716845854185522,0.385759362252429,0.0734557574614882,0.0464625149033964,0.0187110188417137,0.0296296292217448,0.0198735324665904,0.0109631950035691,0.0149476830847561,0.0299177272245288,0.0047244094312191,5.28606355306692,0.00715380674228072,0.239904998568818,0.0365566043183208,0.189483654685318,0.06834532530047,0.0366636109538376,0.00611620768904686,0.246305411565118,0,0.169014078564942,0.0129282486159354,0.123873876873404,0.00217155274003744,0.0230670645833015,0.00293685751967132,0.00878638122230768,0.00116076611448079,0.0495185687905177,0.00342612410895526,0.0152941170381382,0.00114744692109525,0.0933104609139264,0,0.0448625166900456,0,0.0427852350985631,0.036349267931655,3.89433953049593,0.00295333738904446,0.14153029769659,0,0.585545137873851,0.00115942023694515,1.18409783113748,0.00379867036826909,0.164062504889444,0,0.0566878989338875,0.0111915731104091,0.127241183072329,0.0225394440349191,1.08130650687963,0.112438509240746,2.43209876061883,0.0106382975354791,0.469453351339325,0.0151024805381894,0.834561271476559,0.0449438220821321,0.357541888952255,0,1.67830966960173,0.00275387265719473,3.97577209747396,0.00353565125260502,0.523405280313455,0.00105097214691341,0.211267603444867,0.00252206809818745,0.0739986395346932,0.000628733076155186,0.0479616317898035,0.127208485733718
0.0331724973511882,10.1558604548918,0.071366403484717,1.62028673331952,0.00125078170094639,0.147420144639909,0.0138568130205385,4.52738972374937,0,0.0896969703026116,0.00948429200798273,0,0.00676946231396869,15.4052289375104,0.00375763280317187,0.947124311875086,0.00500939274206758,8.60720078158192,0.783873675856739,2.01393723604269,0.0493827145546675,0.0731070474721491,0.0727994699263945,0.130778843013104,0.00683060090523213,0.0354098360985518,0.00524934381246567,0.0480439246166497,0.0412186379544437,9.71641768421978,0.343132031382993,1.0069038500078,0.199303736560978,1.03774364042329,0.0281690137926489,0.0393835613504052,0.0323383077047765,0.118987342575565,0.0597386453300714,0.025374854914844,0.00930232577957213,0.0288808662444353,0.00553797482280061,0.0313901336630806,0.00597609579563141,0.0366492150351405,0.0177364869159646,0.0166534495074302,0,0.0134715031599626,0.0012894906103611,0.00671986537054181,0.00127469724975526,0,0.0233372231014073,0.0566593082621694,0.0209251092746854,1.24881046038354,0.0106209151563235,0.00322061195038259,0.00682852801401168,0.0575313792796806,0.00658616912551224,0.409943304257467,0.00232153222896159,0.077140168636106,0.0961827486753464,0.191627899068408,0.100208770483732,0.454545459360816,0.22140220971778,2.29565213061869,0.0462006058078259,2.88586621638387,0.0160714286612347,0.364452432608232,0.326190488645807,0.847058789804578,0.00739371543750167,0.448087428929284,0.00558659218950197,0.681112554855645,0.00326441775541753,1.88216570194345,0.00185614847578108,0.115702474897262,0,0.0755781198386103,0.0153207792900503,0.0213776731397957,0.477962769567966,0.328185321995988
3.42940746783279,0.00933660916052759,3.47542541415896,0.0637222586374264,0.353187921107747,0.0646498115966097,11.0803520607878,0.0370230447733775,2.95454553503077,0.0164271052926779,16.3867319371784,0.00676946231396869,0,0.0160841325996444,17.0988327710656,0.00816048961132765,2.34676738531562,0.00377928954549134,0.261986828176305,0.0385985765024088,0.0489838441135362,0.0330920368432999,0.246913589653559,0.168236034689471,0.056914184242487,0.0554112568497658,0.129926379304379,0.0160570914158598,6.41034134314395,0.0204848073190078,0.591867447830737,0.134932537330315,0.211482326500118,0.0550688370130956,0.0271449338179082,0.00921658985316753,0.176347675500438,0.00591966189676896,0.178093644033652,0.0158793176524341,0.0913978513563052,0.0105652399361134,0.019317839294672,0.00265339971520007,0.00716075883246958,0,0.0488423727802001,0.00907166657270864,0.00823353324085474,0,0.0622588125406764,0.000631711911410093,0.0467289704829454,0,0.0482717517879792,0.0399657449452206,1.64772473994526,0.00504818718764,0.088462729298044,0,0.408067802200094,0.00148312945384532,0.971998472232372,0.00324886292219162,0.070972885878291,0,0.0393968871503603,0.0129675805801526,0.071825252729468,0.0199739465024322,2.30775604129303,0.126931105740368,3.10864196915645,0.0371567052789032,0.503937005996704,0.0242232757154852,0.748073025839403,0.0346076446585357,0.101767539745197,0.00318640458863229,0.909753868589178,0.00361103942850605,2.78154792264104,0.00749344297219068,0.619038255827036,0.00209292586077936,0.314666670165025,0.00312744337134063,0.0898417588323355,0.00240789784584194,0.03765227063559,0.0856672169174999
0.0226221089251339,2.32858245429816,0.156180055462755,2.03317974728998,0.00368154630996287,0.375113543937914,0.0473083201795816,8.81447956617922,0.00188590283505619,0.738309369364288,0.00973020796664059,15.4052289375104,0.0160841325996444,0,0.00147983722854406,2.9069597646594,0.00644864101195708,2.03696105629206,1.0261745370226,2.13303778762929,0.053864166373387,0.0893789908150211,0.586206870619208,0.847058831714094,0.00981354271061718,0.0657455922919326,0.00762631092220545,0.0777941915439442,0.0370634365826845,12.5636497307569,1.0167689358932,3.26251537911594,0.206824509019498,0.775879388675094,0.0248380122939125,0.0183696895837784,0.0256645276676863,0.078922932734713,0.0541036214563064,0.0242634315509349,0.00606428133323789,0.0202140306355432,0.00451321713626385,0.0299572048243135,0.00774593325331807,0.0209339776774868,0.0176750511163846,0.023901809414383,0.000812677782960236,0.00638977624475956,0.00163220887770876,0.00338409474352375,0.000933271134272218,0.00182731845416129,0.0178060412872583,0.0558930763509125,0.0228245370090008,0.70749939660891,0.0112508271704428,0.00523217767477036,0.00623052939772606,0.0450522941537201,0.00333889806643128,0.35367981379386,0,0.0399999999208376,0.0553704185876995,0.151618855074048,0.0803212868049741,0.270554491260555,0.231818183383439,3.49908426293405,0.0531771083478816,2.55275931220967,0.00944510009139776,0.21682465262711,0.559893538302276,0.859278782212641,0.00120772945228964,0.175837314105593,0.00649350637104362,0.345335521618836,0.00165837479289621,0.528885266976431,0.00286650288035162,0.116049921198282,0,0.0587984643643722,0.0161855947226286,0.015728056372609,0.324764894554392,0.491925456561148
0.264911779260729,0.00282485882053152,0.537007034639828,0.0288485452765599,3.91693620244041,0.0785979798529297,1.89138492103666,0.00755667494377121,26.2574925532099,0.015748031437397,2.24510824074969,0.00375763280317187,17.0988327710656,0.00147983722854406,0,0.0141020318842493,0.846652245149016,0.00567107764072716,0.0165351376635954,0.011275545693934,0.636429068632424,0.086894586449489,0.0903265178203583,0.0647590337321162,0.800465421751142,0.123595506884158,1.43226528749801,0.0911214924417436,11.704865146603,0.0150062522152439,0.520225771411788,0.0944808225613087,0.0282021160237491,0.0165041261352599,0.00913242029491812,0.00421644409652799,0.747181945480406,0.00871934648603201,0.205155751667917,0.00603318284265697,2.88721807301044,0.0205429203342646,0.0689902994781733,0.00482897367328405,0.00972160830860958,0.00277136260410771,0.0960732012754306,0.00432120985351503,0.0177404295536689,0.000915331824216992,0.132260944345035,0,0.129385965876281,0,0.163481948256958,0.0107635380700231,0.193465400952846,0.00313479616306722,0.0429152796277776,0,0.0975440995534882,0.000922934908885509,0.13480982161127,0.00313971750438213,0.129423663020134,0.000839983171317726,0.0295924051315524,0.0103448275476694,0.0156609853147529,0.00564015819691122,3.10473148711026,0.137265413999557,2.84210513345897,0.0585817083483562,0.302545446902514,0.0336011700564995,0.265633063972928,0.0245524300262332,0.125654454343021,0,1.14089101552963,0.00478040054440498,14.4672719924711,0.0102851801202632,0.878860921657179,0.00188323913607746,3.23255812749267,0.00591715984046459,0.595041305758059,0.00110405741725117,0.0172413788968697,0.0418280395679176
0.00778210104908794,0.143537983298302,0.0268168398179114,0.479249031050131,0.0350877188611776,8.22198961302638,0.0091066783934366,2.47004807123449,0.0120284302392974,18.5621121469885,0.00203148811124265,0.947124311875086,0.00816048961132765,2.9069597646594,0.0141020318842493,0,0.00745077198371291,0.661689234199002,0.0543154772021808,0.171727750450373,0.255649717990309,2.16911249421537,0.139830514497589,0.534476319677196,0.137457051314414,1.26729391689878,0.15060908254236,2.72455441928469,0.0811455838847905,19.0255567240529,0.416163485497236,1.13163973001065,0.066666666418314,0.11882659047842,0.0576923094922677,0.0882758647203445,0.0084656085819006,1.02255641669035,0.00847009010612965,0.974206405458972,0.00147383939474821,1.46474818745628,0.0768683280330151,0.359076438471675,0.0480349358986132,0.18430656788405,0.103396226360928,0.366619125707075,0.000922083912882954,0.0289330929517746,0.0065011820406653,0.0195268493844196,0,0.0263574067503214,0.0105152468313463,0.735333325457759,0.0163515582680702,0.0752269779331982,0.0102564104599878,0.00795372389256954,0.00959561357740313,0.0145852323621511,0.00475285167340189,0.0908737883437425,0.00897755578625947,0.0622923573246226,0.121917424257845,0.281722265179269,0.0382165603805333,0.11888889176771,0.373165605589747,2.90274837450124,0.0633108481997624,5.24379139277153,0.00142653356306255,0.388252163189463,0.133537201210856,1.11402622237802,0.00586510263383389,0.200000006938353,0.0157819226151332,0.767634884396102,0.0113207548856735,8.23176373552997,0.00522648089099675,0.694268988561817,0,5.62530402443372,0.00292825774522498,0.280000001483131,0.589409038424492,0.130500757601112
3.70253383240197,0.0265957438386977,0.484542578458786,0.00859845225932077,0.0529500737320632,0.0118430787697434,0.484579306328669,0.0094517960678786,0.108661416918039,0.00728332146536559,7.97163095325232,0.00500939274206758,2.34676738531562,0.00644864101195708,0.846652245149016,0.00745077198371291,0,0.0454545454122126,0.126820107107051,0.0589765838813037,0.0746791139245033,0.0366972461342812,0.012386156769935,0.00564971740823239,0.0117944395169616,0.0080128206172958,0.083400160074234,0.0186440675752237,7.14680317346938,0.0910551671404392,0.0803011283278465,0.021170609514229,0.486887651961297,0.252108719665557,0.631368613801897,0.92255896423012,0.450788880698383,0.194934760103934,0.148872181889601,0.0370624561328441,0.182957392418757,0.0216606503818184,0.215904046373907,0.0870455708354712,0.139803577098064,0.105327615048736,0.113821138860658,0.0552338531706482,0.257142852293327,0.015728977159597,0.872212371788919,0.00570342200808227,0.159442720003426,0.00149476830847561,0.0819529208820313,0.0573535432340577,7.00864400836872,0.0315533983521163,1.13680328696501,0.0108744904864579,2.43916914862348,0.0171253818552941,4.58899658638984,0.0386904784245417,2.13416326127481,0.0421849640551955,0.671475410461426,0.511533250915818,0.37095788680017,0.143432715092786,0.518902909243479,0.105026257224381,2.33333335071802,0.0664780776714906,0.443653628928587,0.0286738341674209,0.979330035857856,0.612789875362068,4.50683221314102,0.0438489667139947,9.91296550584957,0.0511545287445188,4.43177461135201,0.0261356573319063,1.47284908220172,0.0312163609778509,0.255892249755561,0.0160427810624242,0.155462188529782,0.00517631834372878,0.0913978493772447,0.0790513842366636
0.0308810171554796,3.45660162070999,0.0110658125486225,0.120436987956055,0.00252206809818745,0.177089784992859,0.00185313879046589,0.269128111685859,0,0.0818570582196116,0.00716845854185522,8.60720078158192,0.00377928954549134,2.03696105629206,0.00567107764072716,0.661689234199002,0.0454545454122126,0,0.093606349080801,0.289494163356721,0.0767172145424411,0.154929574579,0.0245928876684047,0.0309882743749768,0.00689179869368672,0.0529100513085723,0.0105890138074756,0.105263154953718,0.113564672064967,19.4443926351378,0.0624327219557017,0.130481285974383,0.336105041205883,0.502919096848927,0.270355726126581,0.254545461153612,0.0288401257712394,0.289725582930259,0.025094102602452,0.0627542110159993,0.00564971740823239,0.0968036514241248,0.0166998014319688,0.0875056366785429,0.0160400997847319,0.113863997161388,0.0178343943553045,0.0318852136842906,0.00106723583303392,0.0292123095132411,0.0181288439780474,0.026182433066424,0,0.00249687884934247,0.0172009385423735,0.118299443274736,0.0740536047378555,2.36292137252167,0.0722792632877827,0.018615945475176,0.0571864293306135,0.130595051683486,0.0176893305033445,5.76315801416058,0.0210526313167065,0.229058209341019,0.386843684595078,0.851183035469148,0.167104571359232,1.07375410851091,0.255424678325653,2.67752042063512,0.0600490217329934,5.24791415117215,0.00361336953938007,0.586739344755188,0.27714456198737,1.65500895539299,0.0130963516421616,12.5400923126144,0.0208584030624479,6.82624205003958,0.00547945208381861,1.63442017440684,0.0153595530136954,0.371356779942289,0.00137741048820317,0.160227267653681,0.00833333359332755,0.0590163950691931,0.8928571944125,0.189638318493962
2.24584201152902,0.424941036326345,11.3671780010918,0.930200077418704,0.0159549509990029,0.069444443215616,1.07856852316763,1.47073992947116,0.00577200588304549,0.0384967915015295,0.385759362252429,0.783873675856739,0.261986828176305,1.0261745370226,0.0165351376635954,0.0543154772021808,0.126820107107051,0.093606349080801,0,15.8240776185412,0.0288115236908197,0.0535395584302023,7.02982545783743,1.32492324069608,0.0270541085628793,0.0369470111327246,0.0126459143939428,0.0261437923181802,0.360347311478108,0.263826606445946,5.96421127812937,4.86128366610501,12.6395756524289,9.62215467629721,0.595580083318055,0.102352937101386,0.167289724748116,0.0170454550534487,0.0888265555840917,0.0132391881197691,0.0348475431092083,0.0109756097663194,0.00326797395246103,0.00796524260658771,0.0031496062874794,0.00491400493774563,0.0275862077251077,0.0294695483171381,0.00082678790204227,0.00162469537463039,0.0121078703086823,0.00274630961939692,0.00285578303737566,0,0.0186915892991237,0.0344615378417075,0.493275681859814,0.132034106150968,0.130201347405091,0.00397877977229655,0.0707070706412196,0.00736497557954863,0.0416312646120787,0.0382300877245143,0.0168514417600818,0.00526711798738688,0.36123346776003,0.267766827892046,8.7679739582818,1.36975609883666,2.32715478743194,1.48926237568958,0.497932944912463,0.570400378317572,0.0883777277776971,0.228432572912425,0.849005446303636,1.30017921025865,0.0123915739823133,0.0159509201766923,0.030941408011131,0.0231788079254329,0.0320675107650459,0.0223509933566675,0.026022304140497,0.0114917129394598,0,0.0138828633353114,0.0234652110957541,0.00153846148168668,0.430135240778327,0.387755094096065
0.408944101247471,3.81972966087051,0.698748795781285,10.4634639252909,0.00606585788773373,0.159178431378677,0.121452672115993,4.97546968856477,0.00531914876773953,0.085629504348617,0.0734557574614882,2.01393723604269,0.0385985765024088,2.13303778762929,0.011275545693934,0.171727750450373,0.0589765838813037,0.289494163356721,15.8240776185412,0,0.0868149753659964,0.141011837520637,1.02117393311346,2.0437298322795,0.01288541208487,0.0519247974734753,0.00806090456899256,0.0674053564434871,0.17817068984732,0.647038188355509,1.53488371521235,2.45987656153738,5.15330890379846,7.26025663677137,0.250629075570032,0.0532765057869256,0.122572291642427,0.0445609451271594,0.181347149773501,0.0278346285922453,0.0224215257912874,0.0286186025477946,0.00556070439051837,0.0142905745888129,0.00220831803744659,0.00687285204185173,0.0617484573740512,0.0266171476105228,0.000770416052546352,0.00454717688262463,0.00997113657649606,0.00194174749776721,0.00263388943858445,0.000860585190821439,0.0713414634810761,0.0630288901738822,0.310988246201305,0.662774394935695,0.0969274670351297,0.0112746634986252,0.067563530174084,0.0221289577893913,0.0482022900832817,0.12591605912894,0.0139802632620558,0.0275132271344773,0.440039655659348,0.621758998488076,5.64114279672503,4.87202529184287,0.847965716966428,3.02112989343004,0.182667793706059,1.71333337482065,0.0317113160854205,0.52441033651121,1.11008787655737,2.75300952116959,0.00558347266633064,0.0597675733733922,0.0323483657557517,0.0883977944031358,0.0109933253843337,0.0647898204624653,0.0215182303218171,0.0463632492464967,0.000919963174965233,0.0378726831986569,0.0504945362336002,0.00784890819340944,0.982658937573433,0.769054422504269
0.0341614913195372,0.0400785868987441,0.0295530096627772,0.0918704598443583,0.272409782744944,1.35810814099386,0.0200557108037174,0.0764128407463431,0.0817843882832676,0.35164836794138,0.0464625149033964,0.0493827145546675,0.0489838441135362,0.053864166373387,0.636429068632424,0.255649717990309,0.0746791139245033,0.0767172145424411,0.0288115236908197,0.0868149753659964,0,2.50366759300232,0.106923751649447,0.122817579656839,4.14917143108323,3.27133762836456,3.16836728202179,3.00139470677823,1.13404829381034,0.290598289109766,3.36870035505854,1.53980755247176,0.0282413358800113,0.044284857576713,0.0334572487045079,0.0140186911448836,0.264976958278567,0.0761904790997505,0.170703569427133,0.0824949669186026,2.54925375152379,0.320652179885656,0.0201342282816768,0.0389261760283262,0.00946372258476913,0.0239316241350025,0.0356265349546447,0.0493827182799578,0.00174367916770279,0.00504201685544103,0.0194750207592733,0.0036563070025295,0.00723763578571379,0,0.0589841587934643,0.0525783631019294,0.015905947831925,0.015531238517724,0.00819672096986324,0,0.0168776363134384,0.00170648458879441,0.0129390020156279,0.0231809411197901,0.0142421161290258,0.0144300144165754,0.0185543093830347,0.0523138814605772,0.0187074826098979,0.061696657910943,6.48532746778801,2.96781608089805,0.945856310427189,1.07676124572754,0.642105290666223,0.58823530562222,0.621276576071978,0.441666689701378,0.0760233923792839,0.0391061441041529,0.107587766251527,0.0348639448639005,2.14389798312914,0.120629369281232,0.0745098072220571,0.0258223173441365,0.308965526521206,0.112294290447608,0.0610112810973078,0.00989345519337803,0.498220636509359,1.35810814099386
0.0138942492194474,0.0804687511990778,0.0235121231526136,0.15258139045909,0.0663615530356765,9.91140653495677,0.00776699022389948,0.121035939140711,0.0583941601216793,1.47675679251552,0.0187110188417137,0.0731070474721491,0.0330920368432999,0.0893789908150211,0.086894586449489,2.16911249421537,0.0366972461342812,0.154929574579,0.0535395584302023,0.141011837520637,2.50366759300232,0,0.0522420555353165,0.168257763027214,0.660351800732315,2.81749993702397,0.618272851919755,13.1775952663738,0.360982086509466,0.871035904856399,1.18499128613621,1.41278065252118,0.0432294965721667,0.0948991719633341,0.0795660056173801,0.108352147042751,0.0475651177112013,1.93450289987959,0.124716555001214,5.55996051407419,0.0228571426123381,8.47519595269114,0.0232945092720911,0.138205974362791,0.0171473108930513,0.0945147685706615,0.0511259869672358,0.110183643875644,0,0.0265560168772936,0.00925536418799311,0.0060386472614482,0.0142180100083351,0.00674157310277224,0.0173347778618336,0.435524337226525,0.0233918119920418,0.030196629522834,0.00812536280136555,0.00682205823250115,0.0188383043278009,0.0101095195859671,0.0109389242716134,0.0408163256943226,0.0380761527922004,0.0299785863608122,0.0407378933159634,0.120799996948335,0.038623005268164,0.158890290185809,3.0099890017882,8.56497194385156,0.363043461693451,2.24223606660962,0.0658227852545679,1.97943444130942,0.372774872928858,1.00717945001088,0.022408964112401,0.101876678876579,0.0482874804874882,0.0963244627928361,0.0988319877069443,0.926660945056938,0.0184100411133841,0.09302325733006,0.0216216221451759,1.16412214119919,0.0141196009935811,0.0575104032177478,19.1081085707992,1.06752409785986
0.0658602149924263,0.0464696581766475,6.72557108756155,2.51241360220592,1.43720427900553,0.671469720778987,1.88426435543806,1.87979494259343,0.178849720337894,0.329521096253302,0.0296296292217448,0.0727994699263945,0.246913589653559,0.586206870619208,0.0903265178203583,0.139830514497589,0.012386156769935,0.0245928876684047,7.02982545783743,1.02117393311346,0.106923751649447,0.0522420555353165,0,16.7500709079322,2.40735076507553,0.470632257463876,0.40194612275809,0.105950097902678,0.153254436852876,0.265492112666834,10.0980453481316,8.60310101578943,4.00522347801598,1.33857828145847,0.410552354995161,0.0587219342123717,0.0478955005528405,0.0241935483645648,0.0166969142155722,0.00555170001462102,0.00179937027860433,0.00709219835698605,0.00217627850361168,0.00414446427021176,0.000633713556453586,0.00261608883738518,0.00682593835517764,0.011989101418294,0.00131795718334615,0,0.00941176491323858,0.000566732778679579,0,0,0.0053777894936502,0.00982928136363626,0.0556485372362658,0.0228765088249929,0.0250278075691313,0.00165198231115937,0.00845665950328112,0.00261437916196883,0.00606060581048951,0.0127869801362976,0.00417972821742296,0.00366524141281843,0.11888268426992,0.0603704560780898,0.140992169268429,0.114028507843614,0.356885356886778,1.35387959517539,0.113139989553019,0.359281438286416,0.0255731914658099,0.040671972790733,0.345827446610201,0.277387643291149,0.00986547057982534,0.00623330380767584,0.0114942529471591,0.0136792454868555,0.0147354317596182,0.0270448559895158,0.0054965190065559,0.00700252846581861,0.00153080746531487,0.0109551521018147,0.0056061667855829,0.000885739573277533,0.0433379439054988,0.191391942149494
0.0239396292017773,0.0571878247428685,1.53950671118218,11.6426740427269,0.428033862554003,1.79118327912875,0.640312964096665,3.06711682878085,0.0887174536474049,1.18419846124016,0.0198735324665904,0.130778843013104,0.168236034689471,0.847058831714094,0.0647590337321162,0.534476319677196,0.00564971740823239,0.0309882743749768,1.32492324069608,2.0437298322795,0.122817579656839,0.168257763027214,16.7500709079322,0,1.4505273681134,0.461988307535648,0.170648464700207,0.178427414037287,0.100761147157755,0.588543621590361,5.05421181907877,7.22489634167869,1.04637166031171,0.38869980967138,0.159556785598397,0.0330383479595184,0.0121779857436195,0.0170859040226787,0.0215557641349733,0.00707651488482952,0.00124843942467123,0.0171253818552941,0.00261865789070725,0.0145085237454623,0.000788954610470682,0.00820681161712855,0.0075993092614226,0.0255821585305966,0,0,0.00275558006251231,0,0.000954198476392776,0,0.00903808907605708,0.0166409857920371,0.0105794662958942,0.023414634168148,0.00605042022652924,0,0.00316155550535768,0.0024600246688351,0.000851426157169044,0.0134751768782735,0.00177777779754251,0.00527704478008673,0.0300985999638215,0.0319829431828111,0.0409332773415372,0.0557457210961729,0.34184857737273,2.19934481428936,0.0745856366702355,0.731289461022243,0.00971463229507208,0.0816575230564922,0.431354789296165,0.330489457584918,0.0012430080678314,0.0147692305035889,0.00659413111861795,0.0210002759704366,0.0126849897787906,0.0497718772385269,0.00165391771588475,0.0150442477315664,0.00301204808056355,0.0286956527852453,0.00382513675140217,0.00462130940286443,0.0813953509787098,0.348048625513911
