0,0.0313435468706302,5.33459498386947,0.0255953349987976,0.0178764896700159,0.00704034662339836,5.09619281068444,0.0149929272301961,0.0708160474896431,0.00161290325922891,4.67330995900556,0.00996760558336973,2.88353419629857,0.0115854966861662,0.412482409650693,0.0078886310220696,3.73091488197679,0.027115240925923,1.07575429149438,0.0916030533844605,0.0204407535493374,0.00766528258100152,0.0594353629276156,0.00995240136398934,0.00114744692109525,0.00669642887078226,0.00443828012794256,0.00456881802529097,2.28843111725291,0.0399442631169222,0.132404180360027,0.0273904390633106,1.12240799807478,0.10702054714784,0.119047623302322,0.0316856778226793,0.514097997453064,0.00708639936055988,0.389476548996754,0.00583244994049892,0.0970367980771698,0.00193548394599929,0.0229494266677648,0.00269784178817645,0.0131067963957321,0.000982077093794942,0.0450997406151146,0.00919156050076708,0.00698254338931292,0.00196995818987489,0.0621408043662086,0,0.0241691842675209,0,0.0327868843742181,0.0169388988870196,14.2819672264159,0.0332493714813609,0.412447959330166,0.00213037914363667,1.42839630041271,0.0100275757722557,2.05648855632171,0.0129377648700029,0.293688040284906,0.00922083912882954,0.304281092132442,0.0267824837937951,4.79661024431698,0.0718863229849376,1.18406067509204,0.118753363261931,4.41997862886637,0.0455032114405185,1.00511836522492,0.0218579233624041,0.69328397983918,0.139871375227813,0.120818443363532,0.011624152190052,1.09144049475435,0.0221198162762448,0.663280868320726,0.00651465833652765,1.00925658020424,0.00767813253332861,0.116571427322924,0.00412583816796541,0.109729336691089,0.00208405702142045,0.0790884743910283,0.0957482435624115
0.0313435468706302,0,0.0416812622279394,5.8299836005317,0.00111451663542539,0.0545961016323417,0.0109160641150083,4.72886475222185,0.00227790442295372,0.0171412773779593,0.00277008308330551,6.23887477145763,0.00656141061335802,1.53839400556171,0.000961769663263112,0.0741621111519635,0.0100250631803647,3.25876300723758,0.584813511843095,3.57967964361887,0.0277410841081291,0.0356671081390232,0.084453702555038,0.118167733191513,0.00236476492136717,0.0126400464214385,0.000571102253161371,0.0158870262675919,0.0152990259812213,1.76683326502098,0.181353771477006,0.141579357441515,0.270196250174195,0.761654642410576,0.0315159151796252,0.0144120536278933,0.0360563397407532,0.108244537201244,0.0323660728754476,0.00654129171743989,0.00202156329760328,0.0160160162486136,0.00695198774337769,0.0386651325970888,0.00448095600586385,0.0166246852604672,0.00709691736847162,0.0243381717300508,0,0.0192016169894487,0.00182982621481642,0.00754884563502856,0,0.000555709935724735,0.00169635284692049,0.0374794060771819,0.0446890126913786,10.8851670636795,0.0161434973124415,0.168590715446044,0.00876460742438212,0.528049432905391,0.00888424389995635,0.823287658102345,0.00268024654360488,0.319244394893758,0.119444447336718,0.275493262801319,0.412893326429185,3.17326446028892,0.316787517629564,0.936722836049739,0.0347970168222673,1.10156890447251,0.0132318888790905,0.267287225578912,0.169067675771657,0.734086528653279,0.00537634408101439,0.247829001687933,0.0089609558635857,0.515595656237565,0.0020860496442765,0.0627571997465566,0.00557921000290662,0.225620222627185,0,0.0259602636215277,0.00335507912677713,0.021573827980319,0.742103459546342,0.128987521631643
5.33459498386947,0.0416812622279394,0,0.639909715391695,2.95460649067536,0.336734702344984,19.7358604541514,0.486128738324624,0.747120165615343,0.0810450529679656,1.87500009255018,0.0430267042829655,4.20993808947969,0.146206310746493,0.825995801598765,0.0893803255748935,0.865503370994702,0.0313901357003488,10.3786118006101,0.386223873007111,0.0385831737075932,0.0183428202872165,7.53573382188915,0.792606930946931,0.195052607916296,0.289903194410726,0.0825082504888996,0.0752901236992329,2.71537775979959,0.146184002456721,6.01432429719716,0.389424263266847,7.94906980037922,0.281522441015113,0.298760219127871,0.0313774711685255,0.54288818500936,0.0183783788233995,0.354491649370175,0.0115698138251901,0.0812379084527493,0.00255509419366717,0.022799240774475,0.0093770933453925,0.0366176826646551,0.00487329438328743,0.0396295507671311,0.0174346200074069,0.0074239048990421,0.00391006842255592,0.0485801042523235,0,0.0103485836298205,0,0.0317525767022744,0.0216432862216607,1.52699401622522,0.0277313735277858,0.337396608665586,0.00253968260949478,0.215184738917742,0.00995024922303855,0.280232262157369,0.0128489141352475,0.103492883499712,0.00823987182229757,0.37529691925738,0.0284326084947679,1.25401930563385,0.0513812131248415,2.65752693678951,0.609112731122877,3.9163780042436,0.126891422143672,0.566994006512687,0.0420114558655769,0.829792851465754,0.173266011872329,0.0655948530184105,0.0115089513128623,0.277950641466305,0.0241935483645648,0.345175125112291,0.0228741909377277,0.233837291481905,0.00978144537657499,0.0696686469018459,0.011256075813435,0.044007999880705,0.00310934529989026,0.118739637255203,0.14380384987453
0.0255953349987976,5.8299836005317,0.639909715391695,0,0.075434731435962,2.3648383342661,0.239241035305895,14.8023045918671,0.0514228657702915,0.731208943761885,0.0112085770815611,1.58537697565043,0.107242595404387,2.59619951073546,0.0429830222856253,0.726228460116545,0.0137086908798665,0.52720621752087,1.80712283530738,9.45169885799987,0.141396929626353,0.162975577521138,3.76692625146825,14.5717136648018,0.0355945315095596,0.698364752577618,0.0310310305794701,0.189571026654448,0.085690513253212,1.7624015470501,2.2549330816255,2.4633536854526,0.481952421250753,0.884850872680545,0.0556313067208976,0.0270651262253523,0.0647873363341205,0.197044340893626,0.096125554991886,0.034110017324565,0.0098209124407731,0.0355199080659077,0.0133411810966209,0.0772886953491252,0.016404345195042,0.0291218637721613,0.0139916050829925,0.0776361508760601,0,0.0233602880034596,0.00268501415848732,0.0108043216459919,0,0,0.00575815749471076,0.109158878447488,0.0206439686589874,1.06145602324978,0.0104965682257898,0.129793513042387,0.00416193707496859,0.49999999202555,0.00416570241213776,0.331144848751137,0.00284023670246825,0.331148238881724,0.102654302143492,0.236268376320368,0.143992727884324,0.806532654678449,0.441666692786384,4.27814252488315,0.0884568633628078,1.71310881822137,0.0267273252829909,0.621359251439571,0.345075493678451,1.32718892209232,0.00230547552928329,0.203555037151091,0.00694846571423113,0.651306744955946,0.012474012473831,0.162026467587566,0.00739219738170505,0.317253362154588,0.00154202012345195,0.0988521893741563,0.0112647212517913,0.0478126531234011,1.14548145671142,0.411486095399596
0.0178764896700159,0.00111451663542539,2.95460649067536,0.075434731435962,0,0.350592630333267,0.208263766893651,0.0212851410033181,8.38163935206831,0.0453987728105858,0.0295748608186841,0,0.196539795259014,0.00233372231014073,2.94198900199262,0.0414414424449205,0.0336658365558833,0.00105652399361134,0.0119189510587603,0.0050779833109118,0.0768491812050343,0.040345820132643,0.602307202294469,0.176935231313109,2.71633247751743,0.930388211854734,1.71485153865069,0.691218120977283,0.653201527893543,0.0243682308937423,3.70539438584819,0.141225343570113,0.0542797491652891,0.000774593325331807,0.0134907253086567,0.00562851782888174,0.0281509917695075,0.00633312214631587,0.00626174092758447,0.00118906062562019,0.00815494358539581,0.00396039616316557,0.00382263009669259,0.00169635284692049,0.000985221704468131,0.00201714574359357,0.0134813638869673,0.00222469418076798,0.00104166672099382,0.00101471331436187,0.00690051773563027,0,0.0038684718310833,0,0.00659582280786708,0.00209132098825648,0.0124688274809159,0,0.00646987464278936,0,0.0049910873058252,0.00105318590067327,0.00760869530495256,0,0.00688073365017772,0,0.00901139655616134,0.00174621655605733,0.00624349666759372,0,2.42526571813505,0.0784313753247261,0.795593648217618,0.0255164044210687,0.0694980681873858,0.00783545523881912,0.0768321513896808,0.00974421482533216,0.00404448946937919,0.00198609731160104,0.0414814813993871,0.000599700142629445,0.228354978142306,0.00631246715784073,0.0327529021597002,0.00271370419068262,0.0780141819268465,0.00894854590296745,0.00888099486473948,0.000545256247278303,0.00894854590296745,0.0111482723150402
0.00704034662339836,0.0545961016323417,0.336734702344984,2.3648383342661,0.350592630333267,0,0.123930728354026,1.25597266270779,0.346002632752061,12.4291846947744,0.00738916243426502,0.0738045743200928,0.0837080570636317,0.242612756788731,0.184997702075634,8.05853220279096,0.00872274115681648,0.102428726037033,0.135822084092069,0.174039155244827,2.33973122225143,7.44145853049122,0.818816412822343,1.71417285857024,1.15676446538419,20.8695646841079,1.79419532418251,16.5619244723348,0.0790378018282354,2.3617500703549,3.49922232271638,3.86092385742813,0.105175289092585,0.0766550505068153,0.0876158364117146,0.0618556709960103,0.0524296670919284,0.984810133231804,0.0525657080579549,2.09031486371532,0.00203665997833014,1.5984173361212,0.0320978227537125,0.130563798709773,0.0226489418419078,0.0534274177625775,0.0467697179410607,0.222386961104348,0,0.0162271801382303,0.00517390051390976,0.0031771247740835,0,0.00123992562294006,0.00439560448285192,0.538675945834257,0.00548491644440219,0.0455250926315784,0.00485044461674988,0.0030710173305124,0.00213827518746257,0.0168421044945717,0.00760456291027367,0.0242272351752035,0.00458452710881829,0.0106714095454663,0.0577636447851546,0.109397726599127,0.0291211637668312,0.111999998800457,1.06124997627921,5.27617867011577,0.0795107014710084,2.59380682278425,0.0308582447469234,0.708414867520332,0.164205558830872,0.636640266282484,0.00606060633435845,0.0654761942569166,0.0148093304596841,0.152278180932626,0.0216333149001002,1.56151411123574,0.00787564789061435,0.169568171259016,0.0127569098258391,2.57685854856391,0.00473512895405293,0.0855818999698386,1.85698318574578,0.244988871272653
5.09619281068444,0.0109160641150083,19.7358604541514,0.239241035305895,0.208263766893651,0.123930728354026,0,0.211015920329373,0.745705174631439,0.0311203322780784,2.98233941942453,0.00508507725317031,10.7009873005445,0.0433952445746399,1.14546812651679,0.0280961177777499,0.677930758683942,0.0129844578914344,0.517960397934075,0.0618799389339983,0.0165445516176987,0.00945402949582785,1.97871677592047,0.317371539422311,0.0388137809350155,0.0807002536312211,0.0165781079849694,0.024337244220078,2.8696755238343,0.053274140227586,1.3950762298191,0.155199377302779,1.04923902807059,0.0478170468122698,0.0603290693834424,0.0117481205961667,0.208710290957242,0.00754875247366726,0.177982035151217,0.003694581304444,0.0330855912761763,0.00190476188436151,0.0127454362227581,0.00144196103792638,0.00651341010234319,0.00193311425391585,0.0374649868754204,0.00475624244427308,0.00508806281141005,0.00155008723959327,0.0245950801763684,0,0.0143429656745866,0,0.016894745931495,0.0148539360088762,1.07388891489245,0.0087880932551343,0.0907646092236973,0.00138073868583888,0.323602989665233,0.00314403604716063,0.488270384725183,0.00394053381751291,0.0786380245117471,0.00294225825928152,0.0818612662260421,0.0123754907981493,0.0833333324699197,0.0123693748901132,1.23616623226553,0.247615089261672,2.70563847461017,0.0459057078987826,0.311878842883743,0.015198290348053,0.533387952076737,0.0496688741259277,0.0397224212065339,0.000476530869491398,0.400339566869661,0.0101149429392535,0.323144114227034,0.00589275208767503,0.408285478129983,0.00446663162438199,0.0552173924806993,0.00482121342793107,0.0542021949659102,0.00145815109135583,0.0328109688125551,0.071446051937528
0.0149929272301961,4.72886475222185,0.486128738324624,14.8023045918671,0.0212851410033181,1.25597266270779,0.211015920329373,0,0.0244748115073889,2.8598242305452,0.00919816028908826,5.22769286204129,0.0877472855790984,8.57320535383769,0.0212612617760897,1.23687027889537,0.00722601357847452,0.528931889857631,1.17591179348528,1.64433582208585,0.0610997954208869,0.0733197545050643,2.67386097228155,3.45583755208645,0.0150816924870014,0.17898193874862,0.0122624161303975,0.0789144045556895,0.0473269048961811,2.16660706268158,1.99773838103283,2.3804676134896,0.319417981605511,0.905369163141586,0.0385626645293087,0.0193519356835168,0.021048370981589,0.163405283528846,0.0261306529864669,0.0169960471102968,0.00412938755471259,0.0141294438508339,0.0086753421346657,0.0359135286707897,0.00776627229060978,0.0123111355933361,0.0132203390530776,0.0589300410356373,0,0.0100953446526546,0.00175029173260555,0.00339270569384098,0.000405761820729822,0.00080160319339484,0.00261994428001344,0.0832399516366422,0.0157011364935897,0.958442628005287,0.00717825986794196,0.0735539937159047,0.00291120811016299,0.444949798053131,0.00268302040058188,0.460232185199857,0.00429519719909877,0.263064336031675,0.0634876267286018,0.116231287596747,0.0750943395833019,0.31371744495118,0.217801881895866,2.71856279054191,0.036711891531013,0.929936319589615,0.0126869055675343,0.210957032162696,0.162919127062196,0.486055784276687,0,0.201140245422721,0.00460677867522463,0.78534188028425,0.0022962111979723,0.121992803062312,0.00316995855246205,0.324358962388942,0.00125313285388984,0.0809136644238606,0.00266429845942184,0.0357649726211093,0.287921351264231,0.109005845239153
0.0708160474896431,0.00227790442295372,0.747120165615343,0.0514228657702915,8.38163935206831,0.346002632752061,0.745705174631439,0.0244748115073889,0,0.0399227319285274,0.150064684450626,0,2.74155697226524,0.00400962308049202,18.5126494243741,0.0354643031023443,0.140144074219279,0.00220264308154583,0.0114754098467529,0.00447761197574437,0.0539419115521014,0.0518672226462513,0.179670498066116,0.123828919604421,0.736921923235059,0.671841933391988,0.63004173268564,0.453932588919997,2.25866669177776,0.0224403929896653,1.54835227492731,0.122228229185566,0.0353753247181885,0.00319361267611384,0.0180342653766274,0.00404448946937919,0.043068639934063,0.00532623147591949,0.0407894754316658,0,0.0331858405843377,0.0064308678265661,0.0149665223434567,0.00350723369047046,0.0081925243139267,0,0.038445808517281,0.00152671756222844,0.00651112315244973,0.00105596624780446,0.023522493429482,0,0.0271370424889028,0,0.0256410260917619,0.00143266480881721,0.0361047543701716,0.000527983123902231,0.0108514187159017,0,0.0153958944138139,0.00109769485425204,0.0283607485471293,0,0.03959208028391,0,0.0119047618936747,0.00238166120834649,0.00108401081524789,0.00281293946318328,2.36136656266171,0.0745980681385845,1.06229931255803,0.0267686422448605,0.227320126956329,0.0127118644304574,0.158513933420181,0.0115015972405672,0.00877192988991737,0,0.143347316188738,0.00122774706687778,0.717108964454383,0.0142543860711157,0.128502209699946,0.00184119679033756,0.217554389964789,0.00584453518968076,0.0393820065073669,0,0.0122399022802711,0.0536585366353393
0.00161290325922891,0.0171412773779593,0.0810450529679656,0.731208943761885,0.0453987728105858,12.4291846947744,0.0311203322780784,2.8598242305452,0.0399227319285274,0,0,0.0358790380414575,0.0205620290944353,0.27702963212505,0.0300000002025627,5.8665479948977,0.00735294143669307,0.0322748582111672,0.0534381158649921,0.0746858138591051,0.252572495955974,0.398503271397203,0.216134858317673,0.671093760000076,0.207865170668811,2.29172136075795,0.285158769693226,1.86666671186686,0.0152866237331182,0.992869851412252,0.551124731544405,1.41146364226006,0.0272389606107026,0.0237547897850163,0.0148270177887753,0.0182815361768007,0.00754242623224854,0.21281892398838,0.00861538446042687,0.0994152034400031,0,0.154142584651709,0.00832072587218136,0.0511316012707539,0.00680272106546909,0.0169070106931031,0.0109803919913247,0.0638532094890252,0,0.00700350198894739,0,0,0,0,0,0.0966517080087215,0.00297176814638078,0.0210634474060498,0.00159936025738716,0.000759878428652883,0.00211789616150782,0.00415153102949262,0.00107066379860044,0.0173482027603313,0.00112866819836199,0.00527240778319538,0.0115759016480297,0.0317551961052231,0.0123076918534935,0.0406024887925014,0.133988933986984,1.16385544580407,0.0108303251909092,0.731182771269232,0.00375939859077334,0.129647285677493,0.022093023173511,0.116167666739784,0.00196656840853393,0.0231884052045643,0.00366568914614618,0.0636336585739627,0.00213219621218741,0.402280966285616,0.00164880463853478,0.0579775279329624,0.00278164120391011,0.305066066794097,0,0.0211038960842416,0.14967462234199,0.0345945954322815
4.67330995900556,0.00277008308330551,1.87500009255018,0.0112085770815611,0.0295748608186841,0.00738916243426502,2.98233941942453,0.00919816028908826,0.150064684450626,0,0,0.00102880655322224,13.1061490080319,0.00617283955216408,1.81395344756311,0.00178491743281484,8.58338446100242,0.00835945643484592,0.16863672202453,0.0194384444039315,0.0169491522246972,0.00188323913607746,0.051282053173054,0.0101840974530205,0.00564573053270578,0.00396039616316557,0.00390625011641532,0.0125610603718087,1.77427593019092,0.00894054537639022,0.118009239668027,0.0174627625383437,0.208609271328896,0.0245870146900415,0.0447390232002363,0.0147194107994437,0.161616161465645,0.00124999997206032,0.128553768619895,0.00234879623167217,0.0459081835579127,0,0.0250284412759356,0.00252206803997979,0.010726474924013,0,0.0448289435589686,0.00147167034447193,0.0113343633711338,0.00100401602685452,0.045727351680398,0,0.0254452927038074,0,0.0385454535717145,0.00761245685862377,2.7526669728104,0.00102933612652123,0.079390536993742,0.0015238095074892,0.263269630959257,0.00104166672099382,1.41106937523,0,0.0974504256155342,0,0.0463890358805656,0.00809950823895633,0.0936695875134319,0.0144736848305911,0.741975342156366,0.0508166954386979,1.81268888991326,0.00479904003441334,0.350047303363681,0.00575815723277628,0.315236421301961,0.0276608540443704,0.320792089216411,0.00583657587412745,1.7214259125758,0.00357568531762809,2.26324229326565,0.00104058277793229,0.397936029708944,0.000900292594451457,0.163522011484019,0.00110558315645903,0.0535451626055874,0.000542152323760092,0.0284153015818447,0.0501089312601835
0.00996760558336973,6.23887477145763,0.0430267042829655,1.58537697565043,0,0.0738045743200928,0.00508507725317031,5.22769286204129,0,0.0358790380414575,0.00102880655322224,0,0.00311429466819391,11.3506226854515,0,0.45021643768996,0.00727272697258741,8.07046086620539,0.75898516952293,1.37037038058043,0.0323054327163845,0.0308370039565489,0.14827109943144,0.195583591063041,0.00232964474707842,0.0198347114492208,0.00435729837045074,0.0207732247654349,0.00906344410032034,11.2384704239666,0.386838596023154,0.343569195712917,0.168630339263473,0.666896338574588,0.0358327806461602,0.023071376606822,0.0159235676983371,0.0673684179782867,0.0156412931391969,0.0039940089918673,0.00153609830886126,0.00300525920465589,0.00749063701368868,0.04628592915833,0.0144619309576228,0.0277777779847383,0.00633134023519233,0.0231941693346016,0,0.00698080286383629,0.001052908715792,0.00281888642348349,0,0,0.00262295082211494,0.0282131665153429,0.0175479098688811,1.45293837942882,0.00572655675932765,0.0458119654213078,0.00703774794237688,0.260360366664827,0.00462748721474782,0.33750922139734,0.00290556892286986,0.154924092814326,0.054225696134381,0.0910300746909343,0.076683014514856,0.35494507139083,0.134375007008202,1.48796722851694,0.0112531970953569,2.77986770542338,0.00147383939474821,0.332339794025756,0.107302538584918,0.395313309505582,0.00305343512445688,0.612951784394681,0.0013240649132058,0.530634579481557,0,0.267326739442069,0.00310981529764831,0.105840186297428,0.00115540146362036,0.0322427700739354,0.000540686654858291,0.011531712138094,0.498765431111678,0.114942529471591
2.88353419629857,0.00656141061335802,4.20993808947969,0.107242595404387,0.196539795259014,0.0837080570636317,10.7009873005445,0.0877472855790984,2.74155697226524,0.0205620290944353,13.1061490080319,0.00311429466819391,0,0.0212490275152959,9.91098243743181,0.0188141386024654,1.73997238022275,0.00565859768539667,0.166097247274593,0.0316440053284168,0.0120223275152966,0.0120223275152966,0.44783936109161,0.148167540784925,0.0476900152862072,0.072609635128174,0.0470923996763304,0.038518518442288,3.94965439866064,0.0285388116026297,0.57649252389092,0.0808960822178051,0.247081182897091,0.020155037927907,0.042037186678499,0.00424808822572231,0.159242373192683,0.00418555992655456,0.139341421192512,0.00336700322804973,0.0343763781711459,0.00174064398743212,0.0332991784671322,0.00109709275420755,0.0132610005093738,0.00244573527015746,0.0724409446120262,0.00200752820819616,0.00872817984782159,0.00122737034689635,0.0625262272660621,0,0.0366326172370464,0,0.0423201400553808,0.00721674266969785,1.19856552773854,0.00388123415177688,0.0622174983727746,0.00102774926926941,0.206205729278736,0.00251019769348204,1.06457799643977,0.00325998372863978,0.0738786309957504,0.00395927618956193,0.0541394988831598,0.00592718023108318,0.0660436116158962,0.0100466451840475,1.75406991527416,0.13561644195579,2.53661884227768,0.0204498984385282,0.404475039686076,0.00606323103420436,0.50604028836824,0.0334470985108055,0.0764163380954415,0.000871459720656276,0.860080246930011,0.00648929257295094,1.24617344385479,0.00313577911583707,0.506871732941363,0.00315236437018029,0.209785033308435,0.0019505851669237,0.0972996134660207,0.000403551239287481,0.0293308887630701,0.0732265459373593
0.0115854966861662,1.53839400556171,0.146206310746493,2.59619951073546,0.00233372231014073,0.242612756788731,0.0433952445746399,8.57320535383769,0.00400962308049202,0.27702963212505,0.00617283955216408,11.3506226854515,0.0212490275152959,0,0.00573065900243819,0.491690165363252,0.00544111942872405,1.04332633822924,1.03327595244627,1.24261939927237,0.0258706479799002,0.0338308473583311,0.920478509506211,1.18251927662641,0.00676532788202167,0.0332927331910469,0.00563607091316953,0.0201595961116254,0.014563106931746,9.42857149086194,0.862961678649299,1.2863558040699,0.19084423041204,0.479864832479507,0.0278422271367162,0.0137592134997249,0.0142180096590891,0.0816326551139355,0.0241621198947541,0.00754432287067175,0.00205128197558224,0.00808489136397839,0.00223152013495564,0.0216411184519529,0.00200066686375067,0.00880758825223893,0.00687482091598213,0.0256410260917619,0,0.00408163270913064,0.000449741404736415,0.00344234076328576,0,0,0.00108166574500501,0.0354351212736219,0.00964048993773758,0.902772033703513,0.00639163260348141,0.0268681766465306,0.00211976678110659,0.2754532781546,0.00213599146809429,0.394408080435824,0.000737191294319928,0.113770592201035,0.0438633479643613,0.0740068093000446,0.0802490464411676,0.232576982001774,0.120716507080942,2.63821604271652,0.0230503262719139,1.29024853656301,0.0129675805801526,0.199999997857958,0.113491172145586,0.346227506408468,0.00102145050186664,0.203441300662234,0.00327064585871994,0.388011148170335,0.000709975138306618,0.0592334481189027,0.00207146548200399,0.129846038180403,0,0.0297424736781977,0.00138026222703047,0.0185464742244221,0.241545887547545,0.102893885225058
0.412482409650693,0.000961769663263112,0.825995801598765,0.0429830222856253,2.94198900199262,0.184997702075634,1.14546812651679,0.0212612617760897,18.5126494243741,0.0300000002025627,1.81395344756311,0,9.91098243743181,0.00573065900243819,0,0.0308243717299774,1.07543695153436,0.00487210729625076,0.0421120840474032,0.00901713268831372,0.480446948320605,0.0248292996548116,0.122670809738338,0.071566728875041,0.329603258986026,0.374031006358564,0.723261398612522,0.380423809634522,6.28926471399609,0.0157932518050075,1.70216169639025,0.11458333482733,0.0708263090928085,0.00824873079545796,0.033029614132829,0.00977995153516531,0.32255039177835,0.0102373195113614,0.0793724021641538,0.00444049743236974,1.00322369486094,0.00253164558671415,0.0564971758285537,0.00341530045261607,0.0176923077087849,0.00156678422354162,0.154592498205602,0.00428527698386461,0.0192771088331938,0,0.0765810307348147,0.000647878216113895,0.081093821907416,0.000916590273845941,0.112761442316696,0.00697877258062363,0.272489090915769,0.00360766635276377,0.0663818618631922,0.000630119699053466,0.0734814798925072,0.00324017810635269,0.178423238394316,0.00337495788699016,0.103716510348022,0.000709723215550184,0.0488141830428503,0.00798801798373461,0.0264847512007691,0.00676655385177583,5.12863072345499,0.0899182587163523,2.42468240298331,0.0198555955430493,0.320049802656285,0.00628535519354045,0.26967286306899,0.020795660559088,0.0513149471953511,0.00126823084428906,0.853822609642521,0.00870678649516776,8.91811428044457,0.00485633360221982,0.620689676434267,0.00320512824691832,2.20606070570648,0.00339270569384098,0.239108421374112,0.00047192070633173,0.0177595623536035,0.0572597156278789
0.0078886310220696,0.0741621111519635,0.0893803255748935,0.726228460116545,0.0414414424449205,8.05853220279096,0.0280961177777499,1.23687027889537,0.0354643031023443,5.8665479948977,0.00178491743281484,0.45021643768996,0.0188141386024654,0.491690165363252,0.0308243717299774,0,0.0171017106040381,0.306650733982679,0.123125995276496,0.205629625183064,0.596745022921823,1.72513561171945,0.280163592658937,0.521269819757435,0.181727904011495,1.44981064926833,0.236286914907396,2.61970451218076,0.0312393894419074,11.9802401904017,0.784760423877742,1.18396222335286,0.0902754766866565,0.0918749979464337,0.0576496669091284,0.095011880621314,0.0265933054615743,1.31269910710398,0.0252821666654199,0.782608712324873,0.00500312680378556,0.974201455828734,0.0599876337801106,0.233870967524126,0.0354984893929213,0.0692041515139863,0.0668789818882942,0.398793378204573,0,0.0316724595613778,0.00146484375,0.00637958524748683,0,0.000896860961802304,0.00119510013610125,0.636076828406658,0.00907519465545192,0.0566584875341505,0.00776447751559317,0.00434512743959203,0.00292141397949308,0.0198649184312671,0.00569568749051541,0.0265692453831434,0.0050804401980713,0.0321004876168445,0.0856296948622912,0.167735567083582,0.0338582675904036,0.118091636977624,0.419485784077551,2.30844447010895,0.0319715815130621,3.15989401721163,0.0060459494125098,0.407565572997555,0.1004329030402,0.575221236795187,0.00871188577730209,0.0984615366905928,0.00843881850596517,0.532759906374849,0.00405514991143718,5.75228281959426,0.00808526261243969,0.479761911352398,0.000986193306744099,3.40731516154483,0.0025025024660863,0.196453573764302,0.596560828504153,0.0805280553176999
3.73091488197679,0.0100250631803647,0.865503370994702,0.0137086908798665,0.0336658365558833,0.00872274115681648,0.677930758683942,0.00722601357847452,0.140144074219279,0.00735294143669307,8.58338446100242,0.00727272697258741,1.73997238022275,0.00544111942872405,1.07543695153436,0.0171017106040381,0,0.0707124008331448,0.154029381228611,0.0304458142491058,0.0153403645381331,0.0249280923744664,0.021844660397619,0.0118389894487336,0.0100143064046279,0.00668449210934341,0.0105471322312951,0.014144271844998,2.17003011651104,0.0784490543883294,0.0818652884336188,0.0134854778880253,0.630788496695459,0.0681114532053471,0.904040382360108,0.51498127868399,0.977635765448213,0.053130927728489,0.172607874730602,0.00831353955436498,0.0427263483870775,0.015810277312994,0.391902227362152,0.0466101689380594,0.515748029574752,0.0372795972507447,0.233755950757768,0.0363097442314029,0.302809588378295,0.0304105435498059,0.609195400029421,0.0111155223567039,0.130070836283267,0,0.104723542928696,0.0229885051958263,7.87088746076915,0.0320662002777681,0.713535375485662,0.00613967748358846,0.79515495034866,0.0273540243506432,4.43973957700655,0.0183716074097902,0.964490310056135,0.072888889699243,0.697748309990857,0.186154749244452,0.229729731334373,0.0692871436476707,0.850718337111175,0.069767442997545,2.18092919234186,0.094660195056349,0.606936427066103,0.0215053763240576,0.763872469891794,0.372262770775706,4.13925322843716,0.0455896940547973,9.24648374947719,0.0701228631078266,3.71459468454123,0.00840777717530727,1.20348110818304,0.0330018091481179,0.349858352215961,0.00893854722380638,0.162721892411355,0.00817438733065501,0.0892857182770967,0.055617350153625
0.027115240925923,3.25876300723758,0.0313901357003488,0.52720621752087,0.00105652399361134,0.102428726037033,0.0129844578914344,0.528931889857631,0.00220264308154583,0.0322748582111672,0.00835945643484592,8.07046086620539,0.00565859768539667,1.04332633822924,0.00487210729625076,0.306650733982679,0.0707124008331448,0,0.264245012891479,0.634514433331788,0.0780780799686909,0.0825825845822692,0.094281725701876,0.102727593621239,0.00237107300199568,0.0235294128069654,0.00664451834745705,0.0246623604325578,0.0374331562197767,16.5161548973992,0.176656156545505,0.146143434452824,0.474311253230553,0.369648450461682,0.301963432109915,0.20633751526475,0.0614886707626283,0.130481285974383,0.0148305085022002,0.00709579349495471,0.00314465397968888,0.0368946958333254,0.0233918119920418,0.15930540242698,0.0534252474317327,0.104661386983935,0.018485601991415,0.0816599725512788,0.000904568063560873,0.0707338657230139,0.00849031563848257,0.0149572648806497,0.00217155274003744,0.00105097214691341,0.0013245033333078,0.0746835448080674,0.0725412697065622,2.5563041344285,0.0622286521829665,0.037996546307113,0.0303617579047568,0.242009128560312,0.0300328489392996,4.11997022683499,0.03243243182078,0.237888934090734,0.375984250567853,0.420713712461293,0.208766374038532,1.16089382069185,0.449735455913469,1.60270404873881,0.0519480498041958,8.10841497196816,0.0180859076790512,0.381097546778619,0.298537570051849,0.508018647320569,0.025000000372529,13.0755012438167,0.0354396515176632,4.40595676144585,0.00841514737112448,0.605839411262423,0.0246334314288106,0.294080197782023,0.00352733675390482,0.0750360764795914,0.0059961840743199,0.0353624642593786,0.617721523158252,0.0993265969445929
1.07575429149438,0.584813511843095,10.3786118006101,1.80712283530738,0.0119189510587603,0.135822084092069,0.517960397934075,1.17591179348528,0.0114754098467529,0.0534381158649921,0.16863672202453,0.75898516952293,0.166097247274593,1.03327595244627,0.0421120840474032,0.123125995276496,0.154029381228611,0.264245012891479,0,12.6241827037884,0.0705521455965936,0.0879345582798123,4.65288661792874,1.56193787138909,0.0138468192890286,0.0539643000229262,0.00493827159516513,0.0309411250054836,0.325107947282959,0.627275624545291,5.32113972655497,1.73812039598124,14.8767377195181,6.91278241749387,0.542598777101375,0.126198894577101,0.21146084938664,0.0785886123776436,0.220541404560208,0.0138621486257762,0.0232067499309778,0.0311688298825175,0.00736335292458534,0.0384967915015295,0.0224108663387597,0.0220841951668262,0.0180389868328348,0.0448504988453351,0.00141093472484499,0.0200970196747221,0.01365809206618,0.00291375297820196,0,0,0.0148188805324025,0.0391120502026752,0.299289334827336,0.331799173145555,0.132231401279569,0.0204603576567024,0.037096774962265,0.093816633336246,0.0377495451830328,0.090084646246396,0.0285821742145345,0.0670249767135829,0.76919792839908,0.247759134799708,8.39619313075673,2.19966864067828,2.81463799788617,2.738908495754,0.904668473463971,1.01054275920615,0.172219382598996,0.59814047079999,0.646720372606069,2.17520533595234,0.0210084044374526,0.0832466222345829,0.0553250371012837,0.154352944577113,0.0492218621075153,0.0610795472748578,0.0386826961766928,0.0734495057258755,0.011182795627974,0.0406955237849616,0.0139762402977794,0.0144010474614333,1.78883354715072,0.538631346076727
0.0916030533844605,3.57967964361887,0.386223873007111,9.45169885799987,0.0050779833109118,0.174039155244827,0.0618799389339983,1.64433582208585,0.00447761197574437,0.0746858138591051,0.0194384444039315,1.37037038058043,0.0316440053284168,1.24261939927237,0.00901713268831372,0.205629625183064,0.0304458142491058,0.634514433331788,12.6241827037884,0,0.113843350845855,0.130236793367658,0.878399636712857,0.899376209243201,0.00705605634720996,0.0528501335065812,0.00224719103425741,0.0537592531763949,0.0712234356906265,1.15040053008124,1.74635099060833,0.896462156553753,2.45746490545571,2.86593522207113,0.125587351620197,0.055830706958659,0.119941133074462,0.166057062859181,0.204941859701648,0.0211491010850295,0.0215355807449669,0.0489607393392362,0.0106072658672929,0.0779960176441818,0.0169544742093422,0.0497131927404553,0.0174054931849241,0.0623052986338735,0.000650406524073333,0.0435060781892389,0.00345348590053618,0.0228758164448664,0,0.000722804456017911,0.0139031932340004,0.0785288235638291,0.0747337864013389,1.60000002430752,0.0297684684628621,0.108539501437917,0.0166666674194857,0.320890637231059,0.0207011690945365,0.209131895389874,0.00965850322972983,0.280928581953049,0.385551947692875,0.356349367531948,3.18492043297738,5.42878662166186,0.98765432368964,3.51202010933775,0.167084975517355,2.19635842973366,0.0538566850009374,1.00551470962819,0.638566938985605,2.9903467776021,0.00839552219258621,0.178538391075563,0.0233463034965098,0.344320713717025,0.011322011006996,0.110602095373906,0.0127111554029398,0.171418323705439,0.00311890849843621,0.0883452297421172,0.0167659388971515,0.0344184126879554,2.60029282607138,0.785575054585934
0.0204407535493374,0.0277410841081291,0.0385831737075932,0.141396929626353,0.0768491812050343,2.33973122225143,0.0165445516176987,0.0610997954208869,0.0539419115521014,0.252572495955974,0.0169491522246972,0.0323054327163845,0.0120223275152966,0.0258706479799002,0.480446948320605,0.596745022921823,0.0153403645381331,0.0780780799686909,0.0705521455965936,0.113843350845855,0,3.10833349544555,0.0665934860589914,0.0953830515500158,1.09461079793982,3.92711661942303,0.641509411856532,3.43595763202757,0.892412208486348,0.385498503921553,3.91367967531551,1.89010992762633,0.0479825497604907,0.0514596705324948,0.0703999982215464,0.0633663386106491,0.271457085385919,0.286836945451796,0.179536676150747,0.158786792890169,1.32380957435817,0.356347449123859,0.0243308997596614,0.0701168642845005,0.0176991156768054,0.0379746827529743,0.0316165236290544,0.09550561895594,0,0.00992907769978046,0.00137127190828323,0.00408997945487499,0.00606060633435845,0,0.02214022167027,0.117850953247398,0.0115975644439459,0.0199757877853699,0.00313807523343712,0.00391581002622843,0.00356506230309606,0.00747384154237807,0.00469116505701095,0.00873362459242344,0.0101437023840845,0.0106698285089806,0.0336239092284814,0.053565215843264,0.0279206462437287,0.0746268674265593,6.07321783527732,3.33146592881531,0.328052196651697,0.964055310818367,0.155789466574788,0.699999968055636,0.765694096451625,0.691951899090782,0.0233644852414727,0.0358744412660599,0.041140720481053,0.0490266752894968,1.79642583616078,0.282089554471895,0.0577058392809704,0.0549080540658906,0.504122517537326,0.316218410385773,0.0447284337133169,0.0308979721739888,0.870870891958475,1.18452383158728
0.00766528258100152,0.0356671081390232,0.0183428202872165,0.162975577521138,0.040345820132643,7.44145853049122,0.00945402949582785,0.0733197545050643,0.0518672226462513,0.398503271397203,0.00188323913607746,0.0308370039565489,0.0120223275152966,0.0338308473583311,0.0248292996548116,1.72513561171945,0.0249280923744664,0.0825825845822692,0.0879345582798123,0.130236793367658,3.10833349544555,0,0.0687888757092878,0.0963977648643777,0.308982041431591,1.70632359664887,0.303983218036592,12.5734427710995,0.0362400896847248,0.651359541108832,1.17337237368338,1.20732603128999,0.0556161372223869,0.0415635800454766,0.063999998383224,0.0633663386106491,0.0698602793272585,1.49508846225217,0.0733590719755739,4.7475466952892,0.0285714296624064,10.0757241239771,0.0243308997596614,0.115748474374413,0.0217835269868374,0.0407876222161576,0.0265170843340456,0.112359551712871,0,0.0156028363853693,0.000685635954141617,0,0,0.0019029495306313,0.0018450184725225,0.254766031284817,0.00695853866636753,0.0266343837138265,0.00732217554468662,0.00391581002622843,0.00267379672732204,0.0149476830847561,0.00469116505701095,0.00982532766647637,0.00338123412802815,0.0177830475149676,0.042341219028458,0.0779130412265658,0.0367376924259588,0.0746268674265593,1.9036609204486,6.89635856228415,0.0726933844853193,1.6460829685675,0.0421052612364292,1.79999991785735,0.290008849464357,0.915818689973094,0.00934579409658909,0.0672645773738623,0.00561009824741632,0.0526315778843127,0.0108780111186206,0.597014930099249,0.00375322531908751,0.0518000510055572,0.00706713809631765,1.52078235510271,0.00709975138306618,0.0411972962319851,19.729730207473,0.64285715483129
0.0594353629276156,0.084453702555038,7.53573382188915,3.76692625146825,0.602307202294469,0.818816412822343,1.97871677592047,2.67386097228155,0.179670498066116,0.216134858317673,0.051282053173054,0.14827109943144,0.44783936109161,0.920478509506211,0.122670809738338,0.280163592658937,0.021844660397619,0.094281725701876,4.65288661792874,0.878399636712857,0.0665934860589914,0.0687888757092878,0,12.8603223529644,1.31800514820497,0.596986824588384,0.0835671935928985,0.0960051516885869,0.1950733945705,0.727737962035462,9.81160176219419,3.90049737598747,4.49669706338318,0.771642467821948,0.305767906829715,0.0862944144755602,0.081720428483095,0.0550290435785428,0.0188507148413919,0.00770598725648597,0.00448933790903538,0.0111028863466345,0.0125348187284544,0.0212345678592101,0.0107469107024372,0.00870748329907656,0.0132890364620835,0.0341763501637615,0.00166112958686426,0.00436800438910723,0.00696324929594994,0.000950344488956034,0.0012334258062765,0,0.00135715899523348,0.031572024570778,0.043844265746884,0.0863775447942317,0.0235294115846045,0.00512104289373383,0.00845007767202333,0.0239487620419823,0.0107587766251527,0.0455324375652708,0.00698486622422934,0.0147208125563338,0.144190305727534,0.0549921997007914,0.137797460833099,0.0883735473034903,0.369492553174496,2.64199766184902,0.131689718167763,0.500898761441931,0.0315249266568571,0.132694432977587,0.232860520365648,0.337732442421839,0.0111898547038436,0.0407558353617787,0.0173041893285699,0.0807638754777145,0.018644068215508,0.0601168912835419,0.0135052177356556,0.0448151783784851,0.0077369436621666,0.0390804596245289,0.00473372766282409,0.011940298601985,0.129930390045047,0.146002313587815
0.00995240136398934,0.118167733191513,0.792606930946931,14.5717136648018,0.176935231313109,1.71417285857024,0.317371539422311,3.45583755208645,0.123828919604421,0.671093760000076,0.0101840974530205,0.195583591063041,0.148167540784925,1.18251927662641,0.071566728875041,0.521269819757435,0.0118389894487336,0.102727593621239,1.56193787138909,0.899376209243201,0.0953830515500158,0.0963977648643777,12.8603223529644,0,2.14617375656962,1.35148519068025,0.110429449996445,0.166524332889821,0.0767577512306161,0.904640788561665,3.41917432215996,3.02100847440306,0.396992485038936,0.201594541431405,0.0652173928683624,0.0240480965003371,0.0216606493340805,0.0709446004475467,0.0269093782408163,0.011485452123452,0.00523286231327802,0.0206185574643314,0.00846023729536682,0.0298053525621071,0.00472972984425724,0.0109852384775877,0.00811123964376748,0.0441135931760073,0,0.00758359156316146,0.00136116152862087,0.0023208586499095,0.000806126568932086,0,0.00273298704996705,0.045801529136952,0.0056680160923861,0.0846715311636217,0.00235086679458618,0.0101867574267089,0.00160642561968416,0.0466595969628543,0.00144404335878789,0.0583809785894118,0.00299177272245288,0.0390182504197583,0.0369976621877868,0.0311497943475842,0.0413744737161323,0.113627004786395,0.209568994469009,3.10304444428766,0.0663026521215215,0.611024856101722,0.0162767041474581,0.17016915185377,0.166285283514298,0.315707625821233,0.00208441889844835,0.0443985539022833,0.0022038568276912,0.110668227891438,0.0158387324772775,0.0734722735360265,0.00695168564561754,0.0560538115678355,0.00427350430982187,0.0544518027454615,0.00278551527298987,0.0113092651008628,0.135964913293719,0.144499179907143
