0,0.0573620774084702,5.26186672516633,0.0799467042088509,0.0112013437319547,0.00332225917372853,3.20594871853245,0.0569248834508471,0.0570769656915218,0.000557413615752012,3.20984242513077,0.0245901625603437,2.09087099938188,0.0247952188365161,0.223406835983042,0.00390148744918406,2.314486733987,0.0312825862783939,3.210338603938,0.297435899963602,0.0093054169556126,0.00525106675922871,0.0697226527554449,0.0257568903034553,0.00176886795088649,0.00115174206439406,0.00517538830172271,0.0017953320639208,2.46432725875638,0.0337612943258137,0.303465984121431,0.0452989226905629,2.57486694652471,0.367077457951382,0.0649637337774038,0.0110966059146449,0.488863528706133,0.00733634328935295,0.429334091953933,0.0146103895967826,0.115591397741809,0.0020020020310767,0.0100546450412367,0.000943396240472794,0.0035017509944737,0.000510594865772873,0.0337002929882146,0.00521512376144528,0.00618875725194812,0.000506200944073498,0.0304946074611507,0.00135562580544502,0.00621468940516934,0,0.0710084925522096,0.0348812764859758,12.3617389641004,0.0438233247841708,0.788574024598347,0.0109793589217588,0.934119122306583,0.00518672226462513,0.903073320456315,0.0124195028620306,0.0853362106718123,0.00575677631422877,0.55713006563019,0.0866965618915856,5.4189712239895,0.243973281467333,0.946659210487269,0.0939860176295042,3.50472479389282,0.0435261723469011,0.929185961605981,0.0271973470808007,0.857928043871652,0.117679256363772,0.0397306380909868,0.0146813482278958,0.415331325842999,0.015085800550878,0.284073105081916,0.00466926069930196,0.335980809119064,0.00898011575918645,0.0689040722791106,0.00214362260885537,0.0800446777429897,0.00214056362165138,0.0549183166003786,0.116585700307041
0.0573620774084702,0,0.0399636692600325,9.53127131451038,0,0.0675830502295867,0.0110142262419686,7.48864969005808,0.00119438639376312,0.0346020748838782,0.00343151274137199,4.94291747966781,0.00558419252047315,1.41141688966309,0.000998253002762794,0.0808842044789344,0.0122270741849206,3.18353060662048,0.213827839674195,3.47850884401123,0.0173070264281705,0.0245985661167651,0.0587539443804417,0.110078957659425,0.00244498788379133,0.0119296147022396,0.00416914821835235,0.0105524523532949,0.0219937849324197,1.96328925190028,0.0725827778805979,0.205058466584887,0.310878353920998,1.02802895894274,0.0124549332540482,0.00339673919370398,0.019515078922268,0.0496495311381295,0.0337307341396809,0.024049217114225,0.00910364167066291,0.0076468542101793,0.00493827150785364,0.0116504856850952,0.00206291908398271,0.0121148281614296,0.00785038073081523,0.013833110104315,0,0.0156617065658793,0.00076074554817751,0.0171853225037921,0,0,0.0120778347481973,0.042250486148987,0.0786163516750094,14.1871030085895,0.024965325195808,0.401894444745267,0.00647808265057392,0.784261232474819,0.0135611611767672,1.60406811581925,0.00334914866834879,0.18621881242143,0.170485793642001,0.430428148887586,0.47799413651228,2.75173024856485,0.20569435833022,1.06628080504015,0.0322024160996079,2.09287743939785,0.0317022739909589,0.453886016795877,0.221085531346034,1.24335033702664,0.00280701764859259,0.278762594389264,0.00622498890152201,0.579587133252062,0.00323450134601444,0.0540829958627,0.00518846325576305,0.303466305136681,0.00123190635349602,0.0276854931144044,0.0083777611143887,0.0736420005559921,0.517228871525731,0.099927589064464
5.26186672516633,0.0399636692600325,0,0.724109362781746,1.86951687932014,0.321163870103192,16.5364826452569,0.484883894678205,0.456571423681453,0.0773694377858192,1.01864035846666,0.0670902177225798,2.76471816905541,0.201407206885051,0.574314585363027,0.0319457895238884,0.331846079207025,0.0206878711469471,13.4715641596122,0.714922501356341,0.0105263162404299,0.00584795325994492,5.38464477047091,1.40632708062185,0.22787029040046,0.184360722952988,0.0626959250075743,0.0492143502924591,1.83341019650106,0.129808823839994,5.90830381913111,0.655172398081049,6.66360296600033,0.356721319723874,0.244846981018782,0.0180937002878636,0.477780935354531,0.015664336271584,0.254596106591634,0.00751274486538023,0.0339208510704339,0.00132100400514901,0.00955275702290237,0.00234137201914564,0.00645321432966739,0.0040526851080358,0.0249888440594077,0.00604360032593831,0.00306983885820955,0.000502260169014335,0.0255130346340593,0.000448732316726819,0.00504060467937961,0,0.0307226302975323,0.0229645092622377,0.995404237415642,0.024026085739024,0.303774857893586,0.0034896400757134,0.120033460232662,0.00308721384499222,0.135487228399143,0.0109614066313952,0.0251740756211802,0.00238095235545188,0.32786299471627,0.0364109223010018,1.35999994981103,0.0748416833812371,1.75786243216135,0.295618415286299,2.12400111218449,0.108167163329199,0.536521450965665,0.0361129356315359,0.853406037320383,0.128629584156442,0.034655116032809,0.00792602403089404,0.151000215875683,0.0127484059776179,0.213416210142896,0.0138960377080366,0.133353227080079,0.00702090334380046,0.0706297787837684,0.00318894500378519,0.0481214138562791,0.0024835905933287,0.0591471806401387,0.0858221756061539
0.0799467042088509,9.53127131451038,0.724109362781746,0,0.0251193181611598,2.34211824601516,0.337059587356634,17.7459175314289,0.037638568202965,0.422711370047182,0.0193692568573169,1.50904028996592,0.127651372458786,1.90623093466274,0.0365880530735012,0.343604527733987,0.00907944515347481,0.295807816670276,1.53858722420409,14.5862480672076,0.0450424117734656,0.0439687590114772,1.60157085757237,10.4904881672119,0.0226196739822626,0.336337888904382,0.0133744851918891,0.079424308903981,0.0835985555022489,1.14168110958417,1.22973284055479,3.55455195566174,0.568590161856264,1.3475978745264,0.0379782179370522,0.0115141051355749,0.0470347637310624,0.0637329281307757,0.0624842562247068,0.0277642478467897,0.0106320146005601,0.00939242728054523,0.0064192577265203,0.0124731182004325,0.00272232305724174,0.0110931359231472,0.0135774530062918,0.0243415802542586,0,0.00504471460590139,0.00103662750916556,0.00454921429627575,0,0,0.0107978403393645,0.046817566617392,0.0307003520429134,0.559136335068615,0.00988467852585018,0.0705076548911165,0.00775043619796634,0.165963428327814,0.00474270811537281,0.269440935604507,0.00291757844388485,0.061148721142672,0.0748538011685014,0.121138497372158,0.414582852245076,0.896444374986459,0.348942597862333,2.2258469008375,0.0838323351927102,1.08366340014618,0.0839160857722163,0.322919695172459,0.40553221484879,1.01131889387034,0.000591715972404927,0.0904021125752479,0.00835322187049314,0.223000177502399,0.00990566052496433,0.0998827650037128,0.0070591559051536,0.132109534024494,0.0031771247740835,0.0540801561437547,0.0114147350541316,0.0332446797983721,0.323699413100258,0.236938041052781
0.0112013437319547,0,1.86951687932014,0.0251193181611598,0,0.308370043640025,0.162278808653355,0.00584185251500458,3.76625182142016,0.0230031944811344,0.031367628253065,0.00106326420791447,0.223029424960259,0.00320769846439362,2.6596957964357,0.0423484118655324,0.0300261101219803,0.00110314390622079,0.00649087224155664,0.00225818599574268,0.107505068415776,0.041015625,1.38655733520864,0.175613812403753,1.9722425902728,0.613793121883646,2.48109960812144,0.720242620445788,1.18859651585808,0.0247366013936698,3.46260700852145,0.108229983597994,0.142732806969434,0.0047600157558918,0.00174216029699892,0.00192122953012586,0.0229885051958263,0.00657462223898619,0.00390625011641532,0.00358637189492583,0.025183629244566,0.00205338816158473,0.00862068944843486,0.000902119965758175,0.00202531646937132,0,0.00741350889438763,0,0.00107816711533815,0,0.00834575283806771,0.000832292949780822,0.00527356611564755,0,0.00389408087357879,0.00146198831498623,0.015179272624664,0,0.00660338439047337,0.00079020147677511,0.0102639296092093,0,0.0100896866060793,0.00086021504830569,0.00595238117966801,0,0.00900900922715664,0.00240312400273979,0.0021668472327292,0.00140845065470785,2.35347630083561,0.0322164938552305,0.471111091668718,0.0149346613325179,0.0460460453759879,0.0141129028052092,0.0346534647978842,0.0122624158393592,0.0168954599648714,0.00205338816158473,0.070134874957148,0.000609756098128855,0.254565590294078,0.00764192151837051,0.0524731179466471,0.00142416331800632,0.199404765618965,0.0058513751719147,0.0424007169785909,0,0.00234192027710378,0.00698486622422934
0.00332225917372853,0.0675830502295867,0.321163870103192,2.34211824601516,0.308370043640025,0,0.180534755520057,1.16342573729344,0.38063213287387,9.90784525265917,0.00856269092764705,0.0665972977876663,0.0901932689594105,0.279289932106622,0.130536130163819,7.03539388999343,0.0152574693784118,0.0809061457403004,0.0758180368575267,0.0978502628859133,2.02726392634213,8.83004718529992,0.730841098353267,3.25204588368069,1.49219853430986,11.9168339204043,1.08021392486989,13.9161767427577,0.118914260412566,2.02248206053628,2.62519594863988,7.36859530338552,0.0675502368831076,0.0538641677121632,0.0201850295998156,0.0203327174531296,0.0105263162404299,0.725992328021675,0.019023462664336,2.47607937105931,0.00201207236386836,1.3477832917124,0.0239105289801955,0.0380868016509339,0.0158730167895555,0.0382428924785927,0.0251113803242333,0.0824427483603358,0,0.0121889286674559,0.00235571269877255,0.00818330619949847,0,0,0.00153315451461822,0.41411594429519,0.00362506479723379,0.0262191926594824,0.00324675324372947,0.0124416798353195,0.00216684717452154,0.0149413016624749,0.00547945208381861,0.0194420962361619,0.0011621150188148,0.0137174210976809,0.0345115486998111,0.0801186938770115,0.0222575512016192,0.0506502413190901,1.50886076968163,3.9623352647759,0.0556930684251711,1.58252428658307,0.0980769231682643,0.611810272093862,0.141219067387283,0.924641114310361,0.00202429154887795,0.0256157643161714,0.00682852801401168,0.0788918965263292,0.02056277054362,1.6454885621788,0.00852696655783802,0.0799247776740231,0.0187725636642426,1.89028569404036,0.00471976399421692,0.0750551875680685,0.965363100171089,0.16888889297843
3.20594871853245,0.0110142262419686,16.5364826452569,0.337059587356634,0.162278808653355,0.180534755520057,0,0.205863697425229,0.994704334065318,0.053321867599152,2.05897437647218,0.0128850415349007,9.09470804757439,0.0623655893141404,0.988053952693008,0.0209140197839588,0.345171081018634,0.00653194542974234,1.00738604587968,0.142782513285056,0.00834970560390502,0.00535279794712551,2.02589924074709,0.748041520040715,0.0426487084769178,0.0564373880624771,0.033032370993169,0.0199772982159629,2.49273195676506,0.0501043852418661,2.35901572322473,0.295061727811117,0.940564618329518,0.0770465482492,0.0500708540785126,0.00436152174370363,0.240525745757623,0.00651182985166088,0.223712674138369,0.00588358880486339,0.0321861830889247,0.000985221704468131,0.0074494504078757,0,0.00316143059171736,0.00120481930207461,0.0214000725245569,0.00176522502442822,0.00242865819018334,0,0.0235988211352378,0.000364365085260943,0.00695198774337769,0,0.0254686956759542,0.0171762279933318,0.796293614257593,0.00583175395149738,0.140860407380387,0.00035606196615845,0.296525616722647,0,0.33223820454441,0.00517464434960857,0.0306336549692787,0.0019113150483463,0.0864718289521988,0.0118472327594645,0.184103805979248,0.0235241905611474,1.20691889940645,0.119448041747091,1.85282128484687,0.0400596634717658,0.515055100200698,0.013732222141698,0.646108033077326,0.0432478276197799,0.0262831654399633,0.00197044340893626,0.286921321821865,0.00471253515570424,0.320866555412067,0.00772671794402413,0.344881071476266,0.00356213192571886,0.113318282732507,0.00291970797115937,0.0758352732518688,0.00149947518366389,0.0253807113040239,0.0532319399644621
0.0569248834508471,7.48864969005808,0.484883894678205,17.7459175314289,0.00584185251500458,1.16342573729344,0.205863697425229,0,0.0166275847877841,1.12681916623842,0.0132258730009198,4.02145935632871,0.0713571181404404,5.56438387255184,0.0100953446526546,1.16550818580436,0.0092108016833663,0.601028059609234,1.59789847297361,4.0491358807194,0.0283620884874836,0.0374795030802488,1.4231368341716,2.48300279933028,0.0138708278536797,0.123961659148335,0.00680851051583886,0.0766871169616934,0.0470588222378865,2.42446580436081,1.01231192180421,3.54652314563282,0.432256893021986,1.33298646396725,0.0254951051902026,0.0116658891784027,0.0351397113699932,0.0725975658860989,0.0522903173987288,0.0272468474868219,0.00571700802538544,0.0109030576422811,0.00483008445007727,0.0120834857225418,0.00881226072669961,0.0128429659525864,0.0109289617976174,0.0236950555408839,0,0.00850570271722972,0.00151515152538195,0.00743626052280888,0,0.000416059920098633,0.0110098058357835,0.0421334226848558,0.0288706489372998,1.06184098444646,0.0116443192237057,0.104570634197444,0.0056922820804175,0.298936591017991,0.00318154692649841,0.66822259419132,0.00162436545360833,0.0938601361704059,0.077975578897167,0.151201699540252,0.25260263949167,0.437727754557272,0.315635448932881,2.48947257004329,0.054771784809418,1.07172301504761,0.0782280860003084,0.222327112831408,0.342316390946507,0.723954062559642,0.00143129771458916,0.172078692354262,0.0065068494877778,0.490727989264997,0.00712589069735259,0.128028359176824,0.00557314761681482,0.257977999048308,0.00130747439106926,0.0585385535669047,0.00940248707775027,0.0459871123312041,0.220053671713686,0.183723198249936
0.0570769656915218,0.00119438639376312,0.456571423681453,0.037638568202965,3.76625182142016,0.38063213287387,0.994704334065318,0.0166275847877841,0,0.0628844816237688,0.217158183921129,0,5.24632212426513,0.00167224078904837,22.8141851794207,0.0404858309775591,0.1678321743384,0.00350672111380845,0.0076174353598617,0.00156555778812617,0.067873306106776,0.0412147510796785,0.438865348987747,0.232942194677889,1.2280978388153,0.725519283441827,0.944567619357258,0.813475767499767,2.56749309576117,0.0230658338405192,1.09491527883802,0.150717697804794,0.0482695807586424,0.00330715160816908,0.00382409174926579,0,0.0580973131582141,0.00986610248219222,0.0167364017106593,0.00636537210084498,0.0282021146267653,0.00458715576678514,0.0179591836640611,0,0.00533902843017131,0.00111607147846371,0.0318142744363286,0.000807428325060755,0.00114090135321021,0.00109529029577971,0.0135259757516906,0,0.0141342752613127,0,0.0162205996457487,0.00379650708055124,0.0596934633795172,0.00163443200290203,0.0189573458628729,0,0.0274181272834539,0,0.0594530312810093,0.000899685139302164,0.0202788338065147,0,0.0168115934357047,0.00371862400788814,0.00573394470848143,0.00151745066978037,1.84133615763858,0.0510344842914492,0.606924621504731,0.0132890359964222,0.160535121336579,0.0112359551712871,0.0885072683449835,0.022236755117774,0.0284023666754365,0,0.14440432889387,0.00125865323934704,0.627566006733105,0.0208092480897903,0.161829371470958,0.00194599851965904,0.53462158376351,0.00622277555521578,0.0948567892191932,0.00229819025844336,0.00531914876773953,0.0132100400514901
0.000557413615752012,0.0346020748838782,0.0773694377858192,0.422711370047182,0.0230031944811344,9.90784525265917,0.053321867599152,1.12681916623842,0.0628844816237688,0,0.00248292996548116,0.0453108516521752,0.0194945853436366,0.415770605555736,0.0141442712629214,4.91742250334937,0.00258231116458774,0.045901641016826,0.0282030619564466,0.0508601362816989,0.173479564022273,0.349663774482906,0.178279977058992,0.533884297707118,0.129870129749179,2.05998643604107,0.0869565233588219,1.40868268720806,0.0226382240653038,1.15818182600196,0.459502388257533,3.11334435874596,0.0259179272688925,0.0291568164248019,0.00515021465253085,0.0113421552814543,0.00401069526560605,0.18985695624724,0.00515132024884224,0.139644969487563,0,0.133198787458241,0.00856364332139492,0.0161145923193544,0.00401606410741806,0.0240711666410789,0.0155419225920923,0.0308166421018541,0,0.00822622142732143,0,0.00247933884384111,0,0,0.00077369436621666,0.0494006543885916,0.00104220944922417,0.0195250659016892,0.00245901639573276,0.00627943500876427,0,0.00648648664355278,0.0011104941368103,0.0145175059442408,0.00117855041753501,0.00647249171743169,0.0128887639730237,0.0316796184051782,0.00644122366793454,0.0375782889313996,0.165809768135659,1.10388781828806,0.0125628139358014,0.524630532832816,0.0177165353670716,0.182358776219189,0.0673606840427965,0.30218446883373,0,0.0262361248023808,0,0.0394297845195979,0.00548245618119836,0.50297457142733,0.00214270403375849,0.0387706851470284,0.00146950769703835,0.276940896408632,0.00118835410103202,0.0361111119855195,0.0688863359391689,0.0342465739231557
3.20984242513077,0.00343151274137199,1.01864035846666,0.0193692568573169,0.031367628253065,0.00856269092764705,2.05897437647218,0.0132258730009198,0.217158183921129,0.00248292996548116,0,0.00415153102949262,13.3376202344662,0.0102362204343081,1.02790699864272,0.00188323913607746,6.23574139550328,0.00753093033563346,0.168857027543709,0.0473547913134098,0.0174418604001403,0.00373831787146628,0.0790046625188552,0.0432829739293084,0.00282685505226254,0.00668449210934341,0.0173217859119177,0.00439560448285192,2.23387797258329,0.0026917900540866,0.283628782257438,0.0318681333446875,0.132252555631567,0.0451889374526218,0.0184254604391754,0.00183992634993047,0.178360655903816,0,0.152970928349532,0.00116346718277782,0.0460460453759879,0,0.0115473437472247,0,0.00692726334091276,0.00103092787321657,0.0258690379559994,0.00228571426123381,0.00736454501748085,0,0.0376359894871712,0,0.0089571337448433,0,0.0229533284436911,0.0100647018989548,3.57589852774981,0.00628436752595007,0.171729439636692,0.00232828874140978,0.412400856846943,0.00106439599767327,1.28961753332987,0.00506115553434938,0.0741599053144455,0.000912408751901239,0.0661478589172475,0.0136296293349005,0.07610993552953,0.0300136427395046,0.606940052704886,0.0312891119392589,1.24861192656681,0.015728977159597,0.394258368294686,0.0154142584651709,0.297232258017175,0.0286225397139788,0.181268882006407,0,1.1503218181897,0.00420926039805636,1.75715054711327,0.00212992541491985,0.402896070561837,0.00187837518751621,0.162589926505461,0,0.0742268058238551,0,0.0177777782082558,0.0287292804569006
0.0245901625603437,4.94291747966781,0.0670902177225798,1.50904028996592,0.00106326420791447,0.0665972977876663,0.0128850415349007,4.02145935632871,0,0.0453108516521752,0.00415153102949262,0,0.00453661679057404,7.74177602172131,0.00246204348513857,0.295313138281927,0.0128686325624585,7.0764213897055,0.587562562082894,1.19598659151234,0.0212282035499811,0.0235814303159714,0.0673900658730417,0.132309942506254,0.00470035243779421,0.0123387555358931,0.00223713647574186,0.0133171918569133,0.0168388821184635,11.371224342729,0.137868482619524,0.370194587158039,0.238692518090829,0.747021693154238,0.0472653622273356,0.0334788942709565,0.0143487858586013,0.0862998887896538,0.0353130003204569,0.0219341977499425,0.00933125987648964,0.0214231065474451,0.0180242634378374,0.0635294108069502,0.0277296360582113,0.0889088486437686,0.0181093811988831,0.037087913020514,0,0.0344980100635439,0.00433839485049248,0.0219298247247934,0.00216216221451759,0,0.00413650448899716,0.0299771912395954,0.0269619643222541,1.49245009478182,0.024673439678736,0.122905024327338,0.00653381226584315,0.31486611708533,0.00566839857492596,0.751692981342785,0,0.116982653853483,0.144144152291119,0.280720903887413,0.178063329891302,0.504278398118913,0.167735051014461,1.88859417336062,0.0199161418713629,3.94536097079981,0.0360360369086266,0.295849056448787,0.192919452674687,0.737270912155509,0.00156250002328306,1.13542464701459,0.00683060090523213,0.575145308976062,0.00280373840359971,0.103464203886688,0.00642183423042297,0.205015399435069,0.00238521164283156,0.0391772761940956,0.00271591532509774,0.0296220645541325,0.360572865232825,0.117449664976448
2.09087099938188,0.00558419252047315,2.76471816905541,0.127651372458786,0.223029424960259,0.0901932689594105,9.09470804757439,0.0713571181404404,5.24632212426513,0.0194945853436366,13.3376202344662,0.00453661679057404,0,0.0237902128137648,10.9972804776044,0.00670118763810024,1.93204245436937,0.00662690552417189,0.222343335393816,0.0466079759644344,0.00912825169507414,0.00358905340544879,0.612254228326492,0.307095341035165,0.0404040412977338,0.0497175139607862,0.0646616547601297,0.0253565777093172,4.11936857947148,0.0242030689842068,1.11212221649475,0.135615978389978,0.237510712817311,0.0407944165635854,0.0229494266677648,0.00356188789010048,0.235469450475648,0.0058694058097899,0.161984683480114,0.00208478118292987,0.0472659873194061,0.000917852215934545,0.0234229431953281,0.000584453518968076,0.0100628929212689,0.00129073893185705,0.0704651772975922,0.00158562365686521,0.00588235311442986,0.000638365803752095,0.0596491240430623,0.000554323720280081,0.0242468770011328,0,0.0572488722391427,0.00811976660043001,1.81575808415073,0.00522298121359199,0.145534734707326,0.00214132759720087,0.439867782115471,0.000658327830024064,1.2171294845175,0.00339943345170468,0.0811091854702681,0.00179051037412137,0.0672692852094769,0.0145566826395225,0.0701409399043769,0.0259047616273165,1.2645773057011,0.0739934711018577,1.84028775221668,0.0220483639277518,0.509074411704205,0.00819299026625231,0.512584179814439,0.0232722151558846,0.0892193298786879,0.000917852215934545,0.945263114757836,0.00267558521591127,1.72775569558144,0.00329272297676653,0.844064932549372,0.00221483950736001,0.621420148294419,0.00274536712095141,0.224857270717621,0.00125313285388984,0.0165128699154593,0.0465116277337074
0.0247952188365161,1.41141688966309,0.201407206885051,1.90623093466274,0.00320769846439362,0.279289932106622,0.0623655893141404,5.56438387255184,0.00167224078904837,0.415770605555736,0.0102362204343081,7.74177602172131,0.0237902128137648,0,0.00196721311658621,0.51124337076908,0.00484261487144977,2.06379126588581,1.25241869688034,1.90230368607445,0.0196687374264002,0.0121827414259315,0.488456855382537,0.831890123256017,0.00604751636274159,0.0200333883985877,0.00499791756737977,0.0273730676854029,0.0210787355899811,8.97794861847069,0.414478357881308,1.8213235650328,0.230579526047222,0.813383323838934,0.0238777458434924,0.00905888224951923,0.019793814048171,0.0518848821520805,0.0370668814284727,0.0145093543105759,0.00631911540403962,0.0062500003259629,0.00571755284909159,0.0120139109203592,0.00479287904454395,0.0161971825291403,0.00711321900598705,0.0124822701327503,0,0.00974251935258508,0,0.0047775455750525,0.00081201788270846,0,0.00739897531457245,0.0304182516410947,0.0197189002938103,0.97351131006144,0.00831107120029628,0.0563704342348501,0.00272182893240824,0.182799573754892,0.000732600747141987,0.796698264253791,0.00152322929352522,0.0478654596954584,0.0618052469508257,0.102456137799891,0.150429804925807,0.310228231246583,0.169818907510489,2.45396312297089,0.0428401418030262,1.79866828862578,0.05758354999125,0.208462342154235,0.27556595945498,0.515327908098698,0.00105652399361134,0.414583354955539,0.00451849773526192,0.484145760652609,0.00145296042319387,0.0734341233037412,0.00250178706482984,0.167861994996201,0.0034934498835355,0.0256120526464656,0.00279394641984254,0.0313534998567775,0.196666671428829,0.172853184398264
0.223406835983042,0.000998253002762794,0.574314585363027,0.0365880530735012,2.6596957964357,0.130536130163819,0.988053952693008,0.0100953446526546,22.8141851794207,0.0141442712629214,1.02790699864272,0.00246204348513857,10.9972804776044,0.00196721311658621,0,0.0136674254899845,0.612068950838875,0.00253271427936852,0.0258192658075131,0.00995953939855099,0.171206225641072,0.0278481014538556,0.241610742523335,0.133153096016031,0.405194788472727,0.228315058397129,1.10989552550018,0.2634666695958,6.04583941004239,0.011683096177876,0.474464569240808,0.0712446360266767,0.0609670612611808,0.016249594045803,0.0164319251198322,0.00250469637103379,0.345945939421654,0.0048146364861168,0.0793499037972651,0.00358905340544879,1.63419490226079,0.00130718958098441,0.0424710429506376,0,0.0165942310122773,0.00163265306036919,0.0837801635498181,0.00127591704949737,0.0124429693096317,0.0016103059751913,0.0613653799518943,0,0.0405209844466299,0,0.0992317555937916,0.00364520063158125,0.233493263716809,0.00369600369594991,0.0738502852618694,0.00129575643222779,0.100487215386238,0,0.140170941362157,0.0013884068466723,0.0813953473116271,0.0022205772693269,0.0520934774540365,0.00978121033404022,0.0158201497397386,0.00506072887219489,2.89642008836381,0.0284629978705198,1.77193808741868,0.0231160418479703,0.277813495136797,0.00258397939614952,0.249539599230047,0.0246913579758257,0.0944777083350345,0.00130718958098441,0.72357983328402,0.00156412931391969,7.49724915751722,0.00586264650337398,0.734537063864991,0.000419375137425959,2.91999986674637,0.00176600436680019,0.55006404093001,0.00144962553167716,0.00567375868558884,0.0395759707316756
0.00390148744918406,0.0808842044789344,0.0319457895238884,0.343604527733987,0.0423484118655324,7.03539388999343,0.0209140197839588,1.16550818580436,0.0404858309775591,4.91742250334937,0.00188323913607746,0.295313138281927,0.00670118763810024,0.51124337076908,0.0136674254899845,0,0.0106692533590831,0.257789162918925,0.0434056771337055,0.0916222158120945,0.591029047966003,2.63706566684414,0.154095696634613,0.412546865991317,0.339125860016793,0.998989944113418,0.314357684925199,2.39913462242112,0.0370106764603406,9.5997050346341,0.56452955387067,1.58420140069211,0.0466760970884934,0.0629301890730858,0.0250297972233966,0.0471037535462528,0.010950721683912,1.14383228053339,0.0116166507359594,1.16023607610259,0.00404585315845907,0.878989333868958,0.066839715000242,0.131052061915398,0.0574850281700492,0.100660069147125,0.0574712629895657,0.22257960785646,0,0.0480065088486299,0.00205920217558742,0.0334128866670653,0,0.000956022937316447,0.0019367333734408,0.459277391200885,0.00551597331650555,0.0594933778047562,0.0128682693466544,0.0320156801026314,0.00491098826751113,0.0245450694928877,0.00345721701160073,0.0231173387146555,0.0054298642789945,0.0523168907966465,0.101420868071727,0.232702764740679,0.0210437705391087,0.0830769200110808,0.768487187451683,1.81844375026412,0.0275534440297633,2.5914833152201,0.0470895990729332,0.574244400602765,0.126747439615428,1.31883385620313,0.00812457664869726,0.0757978699402884,0.0063999998383224,0.22624671831727,0.00342319207265973,4.4106688319589,0.00617760606110096,0.286316679266747,0.0053361791651696,1.72398394206539,0.00154679047409445,0.207148069515824,0.463872822001576,0.0676745842210948
2.314486733987,0.0122270741849206,0.331846079207025,0.00907944515347481,0.0300261101219803,0.0152574693784118,0.345171081018634,0.0092108016833663,0.1678321743384,0.00258231116458774,6.23574139550328,0.0128686325624585,1.93204245436937,0.00484261487144977,0.612068950838875,0.0106692533590831,0,0.0578742371872067,0.0922825670568272,0.0401363109704107,0.014432990225032,0.00793650839477777,0.0272756107733585,0.0150816924870014,0.0059127863496542,0.00697350071277469,0.016678249463439,0.00306983874179423,2.44611309299944,0.0590678341686726,0.0872844824334607,0.0170648458879441,0.483786155004054,0.160479036974721,0.439929332002066,0.331707317382097,0.608339007012546,0.142192685161717,0.127631584415212,0.0289680138230324,0.0597652066498995,0.0125260963104665,0.437697169545572,0.115402089955751,0.477794808335602,0.15122470445931,0.402155887277331,0.0889582548988983,0.384991860715672,0.0261506269453093,1.04342619748786,0.00837871804833412,0.281145909801126,0.00129366107285023,0.217084634292405,0.0419117655255832,6.65755612018984,0.0260846412857063,1.1184046168346,0.0238568591885269,1.6563421767205,0.0165107322391123,2.52714943070896,0.0129926379304379,1.34495197318029,0.0300469491630793,0.778846187575255,0.353757932083681,0.125683064688928,0.0954415949527174,0.376887728227302,0.0546875016298145,1.21872999588959,0.0389692021999508,0.380467959446833,0.0163934417068958,0.756249983096495,0.59938081074506,1.12137489393353,0.0292275580577552,4.61031408864073,0.0459558839793317,2.63316570944153,0.0220264308154583,1.10876132827252,0.0419347165152431,0.371987937949598,0.0106320146005601,0.306030591018498,0.0134566859342158,0.0357995240483433,0.0593119824770838
0.0312825862783939,3.18353060662048,0.0206878711469471,0.295807816670276,0.00110314390622079,0.0809061457403004,0.00653194542974234,0.601028059609234,0.00350672111380845,0.045901641016826,0.00753093033563346,7.0764213897055,0.00662690552417189,2.06379126588581,0.00253271427936852,0.257789162918925,0.0578742371872067,0,0.145787548681255,0.316221776884049,0.0287769783753902,0.0279286270961165,0.0629004081711173,0.110194905486424,0.00489596091210842,0.0116618070751429,0.00465116277337074,0.025252525229007,0.100589394569397,14.5849674900528,0.0608329416718334,0.231486030388623,0.587592683674302,0.533381185960025,0.244869065354578,0.157733542495407,0.0298165124841034,0.146696533542126,0.0233203768730164,0.0402476799208671,0.00492610840592533,0.0306698941858485,0.039048632606864,0.11925866198726,0.0633928574970923,0.203798052389175,0.0207946533337235,0.066807312250603,0,0.109439122024924,0.00939226476475596,0.0787106467760168,0.00112233450636268,0,0.00352982693584636,0.0593135639792308,0.0802741055376828,3.60822182439733,0.0967261922778562,0.431330482999329,0.0501169401104562,0.689227849594317,0.0292825768701732,5.28725858754478,0.0185089982114732,0.373289079288952,0.825255403469782,1.36894830269739,0.132638558279723,1.05163204111159,0.20731707138475,1.99779860093258,0.0391304329968989,5.77884643909056,0.0411392415408045,0.386634840862826,0.188197764800861,0.96308012213558,0.0181518157478422,16.9991924037458,0.0426573443110101,3.4527503955178,0.00675675662932917,0.239389610243961,0.0325534073635936,0.510495763155632,0.00621504033915699,0.0587639340665191,0.00664084148593247,0.100831601535901,0.411081326892599,0.048042704234831
3.210338603938,0.213827839674195,13.4715641596122,1.53858722420409,0.00649087224155664,0.0758180368575267,1.00738604587968,1.59789847297361,0.0076174353598617,0.0282030619564466,0.168857027543709,0.587562562082894,0.222343335393816,1.25241869688034,0.0258192658075131,0.0434056771337055,0.0922825670568272,0.145787548681255,0,10.4124232681352,0.028376247966662,0.0164863467216492,8.38619664742146,2.01144582481356,0.00787401589332148,0.0160540771321394,0.00337268132716417,0.00268336309818551,0.28714419726748,0.557419376447797,3.3373968929518,2.85618721798528,11.122239064367,7.02850525116082,0.526876498013735,0.147088872268796,0.131051749107428,0.0459392946213484,0.109253972419538,0.0131274128798395,0.0181818185374141,0.00211528292857111,0.00288267503492534,0.00510529661551118,0.00622406654292718,0.0078263963223435,0.0059790734667331,0.0120137294288725,0.00144300144165754,0.00351493858033791,0.00795880157966167,0.00301204825518653,0.00246507808333263,0,0.0183644182980061,0.0147823705337942,0.668636569753289,0.127505326527171,0.169461080862675,0.0203016234445386,0.0340192043222487,0.0218181812670082,0.0259163283044472,0.058605796948541,0.00616095494478941,0.0124061378301121,0.703960628743516,0.227037209609989,13.0778144514188,1.2665810668841,1.99999993061647,1.53908460051753,0.501605136378203,0.677496060670819,0.158663886599243,0.256678899750113,0.652980632905383,1.10439563216642,0.00536480685696006,0.0359598097857088,0.0273348530754447,0.051465333905071,0.0293685751967132,0.029101490508765,0.0201185557525605,0.0304093578597531,0.00707651488482952,0.0121858343482018,0.0145335205597803,0.00844444453832693,0.343308858573437,0.226351356832311
0.297435899963602,3.47850884401123,0.714922501356341,14.5862480672076,0.00225818599574268,0.0978502628859133,0.142782513285056,4.0491358807194,0.00156555778812617,0.0508601362816989,0.0473547913134098,1.19598659151234,0.0466079759644344,1.90230368607445,0.00995953939855099,0.0916222158120945,0.0401363109704107,0.316221776884049,10.4124232681352,0,0.0353221961995587,0.0506329103372991,0.811126704938943,4.93849678896368,0.00403551239287481,0.0187573274597526,0.00546021841000766,0.0115321249468252,0.101504870923236,0.871202950947918,0.732640074100345,1.44918486766983,3.04960373265203,4.20881557668326,0.104563577100635,0.0334883728064597,0.0826893327757716,0.0418250940856524,0.13156899518799,0.0208483110764064,0.0164888461004011,0.0211233801674098,0.00437039043754339,0.00721587496809661,0.00583657587412745,0.00799200776964426,0.0214871353236958,0.0162689806893468,0,0.0105367135256529,0.00224014336708933,0.00512528495164588,0.00152322929352522,0,0.0261082397773862,0.0452535768854432,0.200405680458061,0.503482175961835,0.0577576429350302,0.0719780253130011,0.0177221797639504,0.0700203948072158,0.0165917733684182,0.11822947091423,0.00358551449608058,0.0380952373379841,0.702853465627413,0.398377659148537,7.65008457720978,6.81929599738214,0.918429002165794,2.50657655036775,0.162444114568643,1.57805596961407,0.146110055735335,0.702522627194412,0.812477044877596,2.96861302049365,0.00389105058275163,0.0710513696540147,0.0102591789909638,0.122579175920691,0.00960219476837665,0.0571234272792935,0.0131967351771891,0.0623825648217462,0.00489196891430765,0.0290986518375576,0.0165993720002007,0.0183290710265283,1.06775347515941,0.353658523410559
0.0093054169556126,0.0173070264281705,0.0105263162404299,0.0450424117734656,0.107505068415776,2.02726392634213,0.00834970560390502,0.0283620884874836,0.067873306106776,0.173479564022273,0.0174418604001403,0.0212282035499811,0.00912825169507414,0.0196687374264002,0.171206225641072,0.591029047966003,0.014432990225032,0.0287769783753902,0.028376247966662,0.0353221961995587,0,5.73593073058873,0.0475642504170537,0.0575774048920721,3.24659238336608,2.27477482985705,1.47368426062167,3.49801860563457,0.781140872742981,0.238124606548809,3.21984733873978,1.93729378981516,0.0184331797063351,0.0336906595621258,0.0136518767103553,0.00835073087364435,0.150490724248812,0.187695517670363,0.0821355264633894,0.178217826294713,3.78005112009123,0.451456314884126,0.009045226033777,0.0374622370582074,0.00849256874062121,0.024024024605751,0.0182207921752706,0.0347050093114376,0.00154679035767913,0.00878477306105196,0.00358037941623479,0.00434546452015638,0,0,0.0179461617954075,0.0634774590726011,0.00797790725482628,0.0118343197391368,0.00214938214048743,0.00812595244497061,0.00461680523585528,0.00944138481281698,0.00654664495959878,0.00680657965131104,0.00178890873212367,0.0075757575687021,0.0200668891193345,0.0469822896411642,0.0186915881931782,0.0442890452686697,6.22722610551864,2.40606071474031,0.254689057124779,0.757894727401435,0.636155577376485,0.790697671473026,0.337760908063501,0.737137506715953,0.0051948050968349,0.0194174759089947,0.0275454982183874,0.0198675496503711,1.09236950054765,0.307086613029242,0.0166340507566929,0.0235551914083771,0.271099742036313,0.336530079366639,0.0351632581441663,0.0211850386112928,1.89726025983691,0.680134663823992
0.00525106675922871,0.0245985661167651,0.00584795325994492,0.0439687590114772,0.041015625,8.83004718529992,0.00535279794712551,0.0374795030802488,0.0412147510796785,0.349663774482906,0.00373831787146628,0.0235814303159714,0.00358905340544879,0.0121827414259315,0.0278481014538556,2.63706566684414,0.00793650839477777,0.0279286270961165,0.0164863467216492,0.0506329103372991,5.73593073058873,0,0.0400756134768017,0.0606705718673766,0.669822480762377,1.66738656442612,0.549946308135986,10.6767293894663,0.0933940813411027,0.605183841427788,1.41097921994515,1.61439995921683,0.0270574958994985,0.026039059041068,0.0128205129876733,0.0232108323834836,0.0230366494506598,1.64493481628597,0.0573122552596033,6.39686665381305,0.0139860142953694,5.3866667971015,0.0187376728281379,0.0366213836241513,0.0137835973873734,0.0364963489118963,0.0105042022187263,0.0496350355097093,0,0.00712250708602369,0.000706464168615639,0.00851516798138618,0,0,0.00195694714784622,0.410488256253302,0.00181983620859683,0.00923361018067226,0.00526592950336635,0.00697558571118861,0.00544464611448348,0.0061115357093513,0,0.00555247068405151,0.00346020772121847,0.014796547126025,0.0303830921184272,0.0570409977808595,0.0075642962474376,0.0379464302677661,5.3142858739011,4.13618676946498,0.10275927465409,1.55494000343606,0.581052605062723,1.17094022873789,0.401098902686499,1.18157183937728,0,0.0400000009685755,0.00676001951796934,0.0290275760926306,0.00779423222411424,0.839449569233693,0.00339311672723852,0.0455407951958477,0.00731707317754626,1.82447258615866,0.00495575211243704,0.0392285047564656,11.1575754042715,0.794029857032001
0.0697226527554449,0.0587539443804417,5.38464477047091,1.60157085757237,1.38655733520864,0.730841098353267,2.02589924074709,1.4231368341716,0.438865348987747,0.178279977058992,0.0790046625188552,0.0673900658730417,0.612254228326492,0.488456855382537,0.241610742523335,0.154095696634613,0.0272756107733585,0.0629004081711173,8.38619664742146,0.811126704938943,0.0475642504170537,0.0400756134768017,0,9.72962183598429,2.41137117584003,0.549658104544505,0.55331599235069,0.15714285930153,0.343501670868136,0.466876946389675,10.2971661910415,5.81855683430331,5.33299312228337,0.655239034706028,0.436258564470336,0.0984222389524803,0.0709677446866408,0.0496499023865908,0.0329426685348153,0.0170006065163761,0.00543900555931032,0.00154142582323402,0.00718907278496772,0.00573215197073296,0.002224694006145,0.00796586100477725,0.00839713477762416,0.0171428569592535,0.000575373996980488,0.00394477328518406,0.00442122179083526,0.00248508935328573,0.00191204587463289,0,0.00620673192315735,0.0110167544335127,0.0562293263501488,0.042639971798053,0.0247279909672216,0.00963391154073179,0.0165555296698585,0.00984365976182744,0.0111600590171292,0.0349721250822768,0.00727052427828312,0.00690204388229176,0.294219989445992,0.0751515174633823,0.218055954901502,0.146662284794729,0.360126584710088,1.17869522771798,0.227784734917805,0.328996289230417,0.0992366415448487,0.0887868329882622,0.328081559040584,0.262607620970812,0.00311526469886303,0.0192678227904253,0.0246679314877838,0.032238317624433,0.0402567098499276,0.0550246180500835,0.0210492736659944,0.0171408988535404,0.0188870157580823,0.0264264270663261,0.0124748486559838,0.00845503446180373,0.0501010116422549,0.12822580448119
0.0257568903034553,0.110078957659425,1.40632708062185,10.4904881672119,0.175613812403753,3.25204588368069,0.748041520040715,2.48300279933028,0.232942194677889,0.533884297707118,0.0432829739293084,0.132309942506254,0.307095341035165,0.831890123256017,0.133153096016031,0.412546865991317,0.0150816924870014,0.110194905486424,2.01144582481356,4.93849678896368,0.0575774048920721,0.0606705718673766,9.72962183598429,0,0.257194250472821,1.69544468482491,0.0597402612911537,0.220791161991656,0.182456138078123,0.920342306373641,3.35606901533902,5.30315721634543,0.872185228217859,0.261848350986838,0.117823265260085,0.0305907158181071,0.034275921061635,0.0555555542232469,0.0342952743521892,0.0300632918952033,0.00884955748915672,0.0142154175555333,0.00352216023020446,0.00911458360496908,0.00494699634145945,0.0123681334662251,0.0103563808952458,0.0203843915369362,0,0.00287459581159055,0.00190023751929402,0.00184162060031667,0.000843170331791043,0,0.00934852473437786,0.0233918140875176,0.0183917881804518,0.0695764923584647,0.00671140913618729,0.00708800973370671,0.00725648878142238,0.0208333337213844,0.0053050396963954,0.0490566029911861,0.000788954610470682,0.0119960017036647,0.0630814595206175,0.0478011468658224,0.0851536501431838,0.0879120896570385,0.267335008829832,1.83797252038494,0.0995884771691635,0.593826159427408,0.102481117937714,0.179750941926613,0.309186572674662,0.324215616856236,0.00221975590102375,0.0415527590084821,0.00695652142167091,0.0556227339257021,0.0202854996314272,0.11611462617293,0.0116257946938276,0.0386740321991965,0.0109140516724437,0.0616224649129435,0.00903901027049869,0.0126182968961075,0.0713867770973593,0.213535591377877
