0,0.0740478283260018,6.84197245899122,0.0849858389119618,0.0153803899884224,0.00548998068552464,5.53179345966782,0.102181398309767,0.0555401260498911,0.000544959155377001,6.46750378177967,0.0801201816648245,3.67771936726058,0.0533044426410925,0.486372192681301,0.00901328265899792,2.38736274797702,0.0464997438248247,2.24560634832596,0.344081454735715,0.020321206888184,0.00787660013884306,0.0783200885925908,0.0201703270431608,0.0029700031154789,0.00391937303356826,0.00564334099180996,0.00353045028168708,2.80830453929957,0.061253559688339,0.411454431479797,0.0419906678725965,2.41793034903822,0.233839479304152,0.0376884418074042,0.00451904453802854,0.51145890931366,0.00441988930106163,0.27305256202817,0.012076660990715,0.441798928426579,0.00131622247863561,0.00467687065247446,0.000469373393571004,0.00440528627950698,0.00100025010760874,0.0319404945184942,0.00684345606714487,0.00453514762921259,0.000985950231552124,0.0161174790991936,0.000887114671058953,0.00282007909845561,0,0.0433513952884823,0.0333604553015903,13.7594236317091,0.0440928998286836,0.524009723216295,0.0012942191970069,1.06182737869676,0.00155844149412587,1.06631991511676,0.0174731182632968,0.0781166370725259,0.00433004560181871,0.358974351431243,0.0256880727829412,3.46250300388783,0.219336210284382,1.27217635378474,0.213128261268139,4.85105210350594,0.0982976399245672,0.733246608753689,0.0505415175575763,0.441241681342945,0.177715881844051,0.0572745212120935,0.00599800085183233,0.347750120796263,0.0123850624950137,0.795822448795661,0.00313070719130337,0.244314858224243,0.00275355656049214,0.0745703503489494,0,0.0592057777103037,0.000692041532602161,0.146174859371968,0.140912190196104
0.0740478283260018,0,0.0408753842348233,5.56210251239827,0.00110680691432208,0.0702433625701815,0.0138533348217607,3.263218455686,0.00279798550764099,0.030743891838938,0.0132049522362649,6.24451721820515,0.0150437082920689,0.506102878425736,0.0085126509075053,0.104559560859343,0.0354276224970818,2.83920766611118,0.547182331501972,4.20695542186149,0.0608465590048581,0.0589403983321972,0.070355583447963,0.0604284114087932,0.00538922165287659,0.0214386462466791,0.0039806654676795,0.0272835119394585,0.0793871852802113,1.45137399449595,0.146686898078769,0.172800829110201,1.05900826747529,0.473925380094443,0.0380107713863254,0.0182351029943675,0.0259081951808184,0.0729195625754073,0.0321686080424115,0.0105764146428555,0.0293626964557916,0.0212483406066895,0.00299337191972882,0.00755786476656795,0.00344912550644949,0.0120845921337605,0.0140845067799091,0.0111852011759765,0.000507356657180935,0.0178660056553781,0.00215943861985579,0.0098170458804816,0,0.00165929202921689,0.0104799830296542,0.0425444871652871,0.123456789879128,9.56111574382521,0.0654496899805963,0.260360160609707,0.0288624793756753,0.334292457089759,0.0267155589535832,0.829389207065105,0.00754513579886407,0.248426142905373,0.227328116161516,0.357735562138259,0.750515491701663,3.72251325129764,0.265889543516096,0.93193142185919,0.0736401644535363,1.55020753957797,0.0354447006247938,0.469536431657616,0.12342920829542,0.960426570090931,0.0046496179420501,0.0544720896868967,0.0105471324641258,0.346661635907367,0.00841441005468369,0.0467682605376467,0.00848821862018667,0.162826417654287,0.00117439811583608,0.0205641982611269,0.0112461458193138,0.0163393009861466,0.690106832247693,0.118172448594123
6.84197245899122,0.0408753842348233,0,0.788445174694061,1.65390079258941,0.403742549940944,19.1123327953974,1.13368357438594,0.354662828380242,0.0984805839834735,2.10659908654634,0.229499748093076,4.73830229908344,0.438319622597191,0.77632848257781,0.0995121952146292,0.51418844726868,0.0242232757154852,11.2948604053818,0.586341898306273,0.0402044309303164,0.0252473554573953,9.11489332839847,1.13989877622225,0.250384492392186,0.0850694450782612,0.044924154470209,0.0201035629143007,2.59208344295621,0.27490234375,5.14618363202317,0.862640340579674,8.2275641351298,0.222963946958771,0.269882654654793,0.0127431249711663,0.430387045198586,0.0108447484089993,0.207563270814717,0.00324939074926078,0.244841817533597,0.00136845710221678,0.00479511771118268,0.00193003623280674,0.0186397986253724,0.00206026271916926,0.0197530860314146,0.00394736850284971,0.0067479889257811,0,0.0164594005036633,0.000455269735539332,0.00233236141502857,0,0.0269115753471851,0.0208333338377997,1.55863683743519,0.0291795397060923,0.3152395998477,0.00221238937228918,0.148821109673008,0.00321371178142726,0.111558053642511,0.0234590609616134,0.0298177791992202,0.00346448895288631,0.388967475737445,0.0183727027324494,2.21260890725534,0.0776351155946031,1.48662488628179,0.776737627806142,3.11212800443172,0.186613725440111,0.424611213617027,0.0477652670815587,0.578465090948157,0.195739787304774,0.0164271052926779,0.0041594454087317,0.143433436751366,0.0126606558915228,0.388799119973555,0.0123755722306669,0.0631672613380942,0.00685251498362049,0.0416038587572984,0.00215982715599239,0.0228613568469882,0.000353107345290482,0.12019914528355,0.181431606411934
0.0849858389119618,5.56210251239827,0.788445174694061,0,0.0448362723691389,3.253776432015,0.336715727637056,14.001918367052,0.0595419849269092,0.482120551867411,0.0405913327122107,1.43603976722807,0.22900474013295,1.53640781814465,0.0501635760883801,0.446204624546226,0.0166288746404462,0.113598866271786,1.21040770754917,8.66071803111117,0.0822485201642849,0.0918246479704976,2.37292959605111,11.7127951297443,0.0200216450029984,0.342476292746142,0.020139426458627,0.0842274676542729,0.106346486601979,0.792336472222814,1.55777260829927,3.06233579732361,0.89715351909399,0.417493426415604,0.045545119792223,0.0151736217085272,0.0302021994721144,0.0496328201843426,0.0424028285779059,0.015466408804059,0.0387712477822788,0.0124703093315475,0.00715279136784375,0.00479302846360952,0.0022650056052953,0.00924214429687709,0.0163265306036919,0.0147852145892102,0,0.00455996341770515,0.00135295116342604,0.00289375765714794,0,0,0.01326311705634,0.0327931359643117,0.0379412237089127,0.384627636987716,0.0115511554758996,0.0596173220546916,0.0094711915589869,0.0555156730115414,0.00622903677867725,0.115585224761162,0.0024588147061877,0.0503789572103415,0.0517947854823433,0.075445577967912,0.271010383497924,0.556668430566788,0.228845661564264,1.74156172561925,0.103019538742956,0.875849868985824,0.0558330863714218,0.267180104739964,0.159004318004008,0.646593520184979,0.00118800124619156,0.016216216608882,0.00896678230492398,0.0844821490463801,0.0192353932652622,0.0456511294760276,0.00194741971790791,0.0367025943123735,0.00159489631187171,0.01446131587727,0.0119270742288791,0.00392862979788333,0.388087190221995,0.179981633322313
0.0153803899884224,0.00110680691432208,1.65390079258941,0.0448362723691389,0,0.294044662616216,0.113435412116814,0.0186347981216386,4.48407649993896,0.0268456365447491,0.00980993267148733,0.00203769747167826,0.0706689520156942,0.00773993786424398,1.3447190974839,0.0292906183749437,0.0161591048818082,0.00318640458863229,0.015866719186306,0.00149086839519441,0.0823529460467398,0.0374015746638179,1.54654374805978,0.143973677768372,2.21706595085561,0.269954577088356,1.44745544646867,0.242690060287714,0.243055557366461,0.0284273265278898,4.06461523461621,0.131362890824676,0.200570725486614,0,0.0294882919406518,0,0.0245636723702773,0.00251730647869408,0.00249687884934247,0.00112485943827778,0.165156092494726,0,0.00149644596967846,0,0,0,0.0015748031437397,0,0,0,0.00337742746341974,0,0.00264026410877705,0,0.00505963119212538,0.000693240901455283,0.0186686308588833,0.00102275633253157,0.00482315104454756,0,0.00443131453357637,0,0.00771775108296424,0,0.00820152321830392,0,0.00962309539318085,0.000584966386668384,0.018123667803593,0.00418410042766482,0.511569715687074,0.0422360240481794,0.0872865241253749,0.023587834672071,0.0115052734035999,0.00984251964837313,0.0114140775986016,0.0141116104787216,0.00595829193480313,0,0.0314095010980964,0.00242571253329515,0.160088935866952,0.00443951180204749,0.0103541104181204,0.00133155795629136,0.0499286747071892,0.0022358859423548,0.00740951840998605,0.00106695119757205,0,0.00661521521396935
0.00548998068552464,0.0702433625701815,0.403742549940944,3.253776432015,0.294044662616216,0,0.120715674711391,2.11621789180208,0.389312978368253,15.2260811275337,0.00734843825921416,0.102798982523382,0.132327739149332,0.477958220522851,0.151773691119161,9.96707816957496,0.00744878989644349,0.0870026529300958,0.12841854756698,0.139292364532594,1.70841486006975,7.95481364475563,0.741786907892674,2.48006576293847,0.763826605631039,13.6150350766256,1.3570957519114,13.9766417792998,0.131830011028796,3.10032070800662,3.02766376524232,5.66320365539286,0.177596739958972,0.0457187131978571,0.038095239084214,0.0673526655882597,0.0129115558229387,1.99245759635232,0.0187032425310463,2.89438205212355,0.0120603013783693,3.29504960775375,0.0396261682035401,0.0752688171342015,0.0136120567331091,0.067005077842623,0.0747442964348011,0.200226670713164,0.00206185574643314,0.0236686393618584,0.00112517585512251,0.00645161280408502,0.00131839152891189,0.0111524165840819,0.00433369434904307,0.64288186468184,0.00736557820346206,0.037822644226253,0.00642570294439793,0.0122746452689171,0.00664206629153341,0.00768808356951922,0.00330396462231874,0.0221765921451151,0.00234055006876588,0.0413533844985068,0.0657226794864982,0.117509496049024,0.0500532472506166,0.144846794195473,0.831980047747493,5.2617865576176,0.0480101052671671,2.09051460027695,0.0612440183758736,1.19842833373696,0.167194424662739,1.35297889262438,0.00198216061107814,0.0226337441708893,0.010984699591063,0.163636364741251,0.0233203768730164,2.37139687535819,0.00455392262665555,0.140195212443359,0.00427350425161421,3.91513103363104,0.00113927654456347,0.0970407871063799,1.96885419543833,0.178217821056023
5.53179345966782,0.0138533348217607,19.1123327953974,0.336715727637056,0.113435412116814,0.120715674711391,0,0.509040681296028,0.56210572575219,0.033861980016809,2.42121088781278,0.0701402794220485,11.6701452126727,0.196043486357667,1.06359485420398,0.0379892544297036,0.206212258723099,0.00814663944765925,1.56380674563115,0.187390548671829,0.011860637459904,0.00742023257771507,1.70232409366872,0.44375230112928,0.0293376110494137,0.0372154108481482,0.0233480182068888,0.0127417520852759,2.04051764737233,0.11635944689624,1.57886271949974,0.355583020253107,1.59306563000428,0.0684980358928442,0.0655502384179272,0.00586223741993308,0.116746833227808,0.00693240901455283,0.0903002811246552,0.00208116543944925,0.0646766199497506,0.000495662970934063,0.00842105294577777,0.000760890252422541,0.00629673339426517,0.000800800800789148,0.0100592778762802,0.00246826524380594,0.00604229615419172,0.000395804469007999,0.0115501514519565,0.000363306084182113,0.00176133867353201,0,0.0120814635010902,0.00608930963790044,0.508312214748003,0.012395502650179,0.0743427003908437,0,0.129032258410007,0.000825423048809171,0.0946085514151491,0.00622710635070689,0.0283058728382457,0.000388123415177688,0.0839243499794975,0.00806701846886426,0.392820724693593,0.0336247489030939,0.771725014928961,0.265689026098698,1.57031251169974,0.0646830550977029,0.259950855048373,0.00939896126510575,0.350130332750268,0.0588748362497427,0.0128904320299625,0.00100075057707727,0.139217797550373,0.00600790491444059,0.307501026953105,0.00496997300069779,0.075356419198215,0.00345148012274876,0.0419959367718548,0.00041528238216415,0.0116279071662575,0.00029515937785618,0.042813453823328,0.0960854053264484
0.102181398309767,3.263218455686,1.13368357438594,14.001918367052,0.0186347981216386,2.11621789180208,0.509040681296028,0,0.0261384528130293,2.60934359178646,0.0576845500036143,4.63553864942514,0.338032679865137,10.2111318621901,0.0547550416085869,2.09179970217519,0.0218800645088777,0.136276394041488,1.81532155245077,4.62695501791313,0.0460087409010157,0.0529587834898848,3.0300820232369,4.27717969362857,0.0188719703583047,0.162695153499953,0.0161157024849672,0.0805111806839705,0.134256798250135,1.88562092019129,1.91434534068685,3.92743505863473,1.29826991516165,0.606501852627844,0.074553571845172,0.0250341369246598,0.0242100942705292,0.064686736499425,0.0312436601961963,0.0125367287546396,0.0199074070551433,0.00784313736949116,0.00533333327621222,0.00971747378935106,0.00260126340435818,0.0117091599677224,0.0129538098117337,0.0147354317596182,0,0.00560433385544457,0.000581395346671343,0.00378983619157225,0,0.000809880555607378,0.00656383344903588,0.0251126862131059,0.0505542022292502,0.719812090828782,0.0168529667134862,0.0782198277302086,0.0135874068073463,0.111542948288843,0.00739155782503076,0.267013895354467,0.00397298368625343,0.0913258731889073,0.0846066797384992,0.0999110605334863,0.238324040547013,0.486452441371512,0.253755588346394,2.16204168641707,0.137734307616483,0.801539059058996,0.0503432503319345,0.121574946446344,0.208401306997985,0.46786736001377,0.00461467454442754,0.0246683730219956,0.00680967001244426,0.165735845774179,0.0191182214475702,0.0479625649459194,0.00416871029301547,0.0753223500214517,0.00338337919674814,0.0117279126425274,0.00468110013753176,0.0104578862665221,0.175189399160445,0.187057152972557
0.0555401260498911,0.00279798550764099,0.354662828380242,0.0595419849269092,4.48407649993896,0.389312978368253,0.56210572575219,0.0261384528130293,0,0.0687929935520515,0.193588939961046,0.00416016625240445,2.98295643553138,0.00314465397968888,19.4324946281267,0.0354312353301793,0.216698532458395,0.00325556157622486,0.0217654173611663,0.00454029499087483,0.05102040595375,0.0266393427737057,0.510730928566772,0.194897534733173,1.16975309513509,0.21452365629375,1.21384924300946,0.131024091504514,2.4893993124133,0.0317608589539304,2.95811521355063,0.167879130458459,0.079568998888135,0.00393855851143599,0.030548068927601,0.00389483943581581,0.0345056406222284,0.0103292446583509,0.00896286824718118,0.00460299197584391,0.020986357703805,0.00206611561588943,0.00455753901042044,0.00182648398913443,0.00794044695794582,0.00103734445292503,0.0135999996564351,0.0015355086652562,0.0136986295692623,0.00201409868896008,0.0313122698571533,0,0.00677966105286032,0,0.0139347271178849,0.00210896314820275,0.0754155335016549,0.00103332474827766,0.0269607846275903,0,0.0637181426282041,0,0.0484780134866014,0.00167154194787145,0.0683863204903901,0,0.022696569445543,0.00177567335776985,0.00980392133351415,0.00573888095095754,2.24887756083626,0.0458598732948303,0.64892927184701,0.0280076372437179,0.12761715054512,0.00204918021336198,0.097592716338113,0.0131665566004813,0.068252325989306,0,0.354208219796419,0.000613873533438891,0.933484968147241,0.00794551684521139,0.109835040231701,0.00179131212644279,0.340675472281873,0.00114351056981832,0.0270971453282982,0,0.00233372231014073,0.0230680499225855
0.000544959155377001,0.030743891838938,0.0984805839834735,0.482120551867411,0.0268456365447491,15.2260811275337,0.033861980016809,2.60934359178646,0.0687929935520515,0,0,0.0632530096918344,0.0292119570658542,0.388825096189976,0.0239574097213335,13.2764230300672,0.0024420025292784,0.0376569028012455,0.0486274502472952,0.0538348080590367,0.306959014618769,0.54736841423437,0.271619988256134,0.440650396398269,0.230036634602584,1.8089172244072,0.232166018104181,1.91696487518493,0.0360051433090121,1.79366516682785,0.655886811902747,2.32435343961697,0.055600322142709,0.0207055209903046,0.0219966154545546,0.0127737225266173,0.00126903550699353,0.379480836214498,0.00122624158393592,0.213613734464161,0.00195694714784622,0.244937317678705,0.0259067348088138,0.018592297215946,0.00767754297703505,0.0270405613118783,0.0288049820810556,0.074794318061322,0,0.00583941594231874,0.00111669453326613,0.00239329878240824,0,0.00487507600337267,0.000715307600330561,0.0734385704854503,0.000975609757006168,0.0162436552345753,0.000794596737250686,0.00303720566444099,0.000730727100744843,0.00432900432497263,0.00325556157622486,0.0113728676224127,0.00115207373164594,0.0129930393304676,0.0233421751763672,0.0429234324255958,0.0209973752498627,0.0574162658303976,0.148648645845242,1.19463082624134,0.00869565200991929,0.859756098361686,0.00373134319670498,0.254545451374725,0.063511828542687,0.396725425380282,0.00193050189409405,0.0120120118372142,0.00465838517993689,0.0691313506104052,0.00218818383291364,0.592026186408475,0.00288184432429262,0.0498346193053294,0.00139762402977794,0.522552253096364,0.000565291149541736,0.03070407663472,0.138228937983513,0.0790598329622298
6.46750378177967,0.0132049522362649,2.10659908654634,0.0405913327122107,0.00980993267148733,0.00734843825921416,2.42121088781278,0.0576845500036143,0.193588939961046,0,0,0.0493951598182321,13.7104902716819,0.0629558552755043,2.55921644903719,0.00906618312001228,6.89325150405057,0.0136554628843442,0.756884349160828,0.118343196809292,0.026897213421762,0.00578592089004815,0.0873015904217027,0.044045677408576,0.0147383939474821,0.00640204874798656,0.0273793997475877,0.00431965431198478,2.5402150376467,0.0281562224263325,0.409944179002196,0.0476190475746989,0.753435730468482,0.0515384615864605,0.0391822817036882,0.00183823530096561,0.170918363844976,0.00745341600850224,0.156500305165537,0.00778210104908794,0.191321501508355,0.00388726918026805,0.0118782483041286,0,0.00674373807851225,0,0.0249902382493019,0.00225056265480816,0.017355794319883,0,0.0475657536298968,0,0.011718750349246,0,0.0215208035660908,0.00757054385030642,2.94623655639589,0.00712105806451291,0.184934239368886,0.000761614646762609,0.534261647437233,0.00326086941640824,0.922070890897885,0.00407497951528057,0.18171296431683,0.00279459706507623,0.0829346082173288,0.00755813950672746,0.161307329311967,0.0357388309203088,1.06419757893309,0.158185164327733,2.66292129282374,0.0355392169440165,0.471804523142055,0.00385728059336543,0.38673342356924,0.0594936712877825,0.200389105011709,0.00201816344633698,1.02570090210065,0.00301295571262017,3.43406609317753,0.00109709275420755,0.234639170696028,0.00132538101752289,0.174279689323157,0,0.0328611900331452,0,0.0784313706681132,0.200431033736095
0.0801201816648245,6.24451721820515,0.229499748093076,1.43603976722807,0.00203769747167826,0.102798982523382,0.0701402794220485,4.63553864942514,0.00416016625240445,0.0632530096918344,0.0493951598182321,0,0.0636474918574095,10.9615258190315,0.00930954236537218,0.601260836003348,0.0275229346007109,7.69767427432816,1.43632571026683,3.15085642336635,0.0772032075328752,0.0628195788012818,0.174057648167945,0.224856321001425,0.00710479589179158,0.0242872236995026,0.00857449043542147,0.0476467157714069,0.0782837811857462,12.5730067945551,0.488927473081276,0.633027527946979,0.99928727094084,0.659618012025021,0.0385126173496246,0.0309859144035727,0.0399999981746078,0.149330593994819,0.0531969317235053,0.0159549509990029,0.0624071310739964,0.0205731077585369,0.0218109724810347,0.0301974441390485,0.0141196009935811,0.0629039203631692,0.0207397167105228,0.0333555712131783,0,0.0260613697464578,0.00204813107848167,0.00989049836061895,0,0.00508905854076147,0.0147435902035795,0.0469425581395626,0.0461121168918908,1.56144465436228,0.0190073919366114,0.077079105656594,0.00718719349242747,0.132596687413752,0.00646054436219856,0.636037322692573,0.0029126214212738,0.101653892314062,0.141182217863388,0.229586438566912,0.393898611248005,0.795747078373097,0.243852445390075,2.16811010986567,0.127197516616434,3.3727089241147,0.0544412627350539,0.463111778604798,0.191709852661006,0.898535541840829,0.00147058826405555,0.429327292367816,0.00482758635189384,0.273349779366981,0.013940520293545,0.0556844542734325,0.0027016595704481,0.0712080672383308,0.00113960111048073,0.0149393090978265,0.0103573279920965,0.0112140419660136,0.74559998116456,0.223809526883997
3.67771936726058,0.0150437082920689,4.73830229908344,0.22900474013295,0.0706689520156942,0.132327739149332,11.6701452126727,0.338032679865137,2.98295643553138,0.0292119570658542,13.7104902716819,0.0636474918574095,0,0.170223710534628,16.2277621539542,0.0269340967643075,1.38641039608046,0.0150564615614712,0.904338707914576,0.147943832562305,0.0146236558211967,0.0112020680098794,0.926754405169049,0.355995713034645,0.0613403997849673,0.027406886627432,0.073101491201669,0.0179573516361415,4.74923784495331,0.0820424548583105,1.47772654512664,0.273946353583597,1.11335821356624,0.0679711669217795,0.0593978838296607,0.0059021923225373,0.175315566593781,0.00829302007332444,0.180942545703147,0.00129743758589029,0.127067011082545,0.000864677887875587,0.0160884875804186,0.00169731251662597,0.0172619054210372,0.00122212036512792,0.0338101436500438,0.0050632911734283,0.027135367738083,0,0.0539316580689047,0,0.0120567372068763,0,0.0324165041092783,0.00763723161071539,1.14546133085969,0.00996932492125779,0.166095447493717,0.00255754479439929,0.468477462418377,0.00320102437399328,0.609810863854364,0.0042803636752069,0.146746352314949,0.00291460222797468,0.101862860261463,0.0114309904456604,0.150895938277245,0.0284775469335727,1.77961435075849,0.262092618155293,3.19611912895925,0.0672153633786365,0.71890969038941,0.0146488581667654,0.700208164344076,0.0754189922008663,0.0752595179365017,0.00175824179314077,0.805295984842815,0.00999348238110542,2.7815720794606,0.00321853876812384,0.388653414556757,0.00206504896050319,0.314739552908577,0.00129282486159354,0.0511009538895451,0.00039572615060024,0.0445049967383966,0.161844488698989
0.0533044426410925,0.506102878425736,0.438319622597191,1.53640781814465,0.00773993786424398,0.477958220522851,0.196043486357667,10.2111318621901,0.00314465397968888,0.388825096189976,0.0629558552755043,10.9615258190315,0.170223710534628,0,0.0137542985612527,0.811016148480121,0.0123886950314045,0.517325876862742,1.37510735885007,2.22586820367724,0.0431293884757906,0.0301507534459233,0.819579112372594,1.03318651637528,0.00519480532966554,0.0493041756562889,0.00965018081478775,0.0392826631432399,0.0756558848079294,9.24817763519241,0.985636155644897,2.47054621810094,0.811205160571262,0.622009557846468,0.0376116600818932,0.0205781471449882,0.023800078779459,0.052282483142335,0.0442546592094004,0.0101744185667485,0.0284697497263551,0.00706357206217945,0.00383877177955583,0.00499375769868493,0.00198085169540718,0.0115567641914822,0.0142287986818701,0.0127106933505274,0.000686813204083592,0.00666666659526527,0.000883587345015258,0.00347624556161463,0,0.000773395178839564,0.00855386257171631,0.0238403723342344,0.027750248555094,0.553940649580909,0.0109763139043935,0.0229114278918132,0.00814774597529322,0.0365198700455949,0.00286944047547877,0.348106836085208,0,0.032903227081988,0.0466595956822857,0.0610061445622705,0.127719303010963,0.270764113171026,0.157015160657465,3.31424139346927,0.0994129195460118,1.51489356905222,0.0565195865929127,0.159798993263394,0.259506072325166,0.484011037449818,0.00201918231323361,0.0648148128530011,0.00340812269132584,0.134831462055445,0.0108186079887673,0.0410662812064402,0.00206789583899081,0.0375912393792532,0,0.0108577637001872,0.00713807716965675,0.00635189484455623,0.30892572295852,0.236044654157013
0.486372192681301,0.0085126509075053,0.77632848257781,0.0501635760883801,1.3447190974839,0.151773691119161,1.06359485420398,0.0547550416085869,19.4324946281267,0.0239574097213335,2.55921644903719,0.00930954236537218,16.2277621539542,0.0137542985612527,0,0.0171428569592535,1.24640290613752,0.00720576447201893,0.117984691460151,0.020012128399685,0.248318036901765,0.00858369108755141,0.385529699851759,0.137885754229501,0.526909301523119,0.0825602975091897,0.866541375173256,0.0494200707180426,7.22233649372356,0.0214592280099168,1.74892794049811,0.089271089702379,0.205345498106908,0.0200375709682703,0.0418552054325119,0.00594530312810093,0.456984275602736,0.0136116152862087,0.0730717172264121,0.000835770973935723,1.07462684065104,0.00246457173489034,0.0377128950785846,0,0.0322097381576896,0.000774293439462781,0.0633914431091398,0.000613496929872781,0.0446533503709361,0.000757288886234164,0.111324373167008,0,0.0244131461950019,0,0.153755167266354,0.00285714282654226,0.475458820350468,0.00662836930132471,0.162423465633765,0,0.302738476602826,0,0.217373400460929,0.00393700785934925,0.288544365903363,0.000729660736396909,0.0803489434474614,0.00743678770959377,0.0690485741943121,0.0214738897047937,3.98554660193622,0.0548314605257474,2.26138432120206,0.0197663975413889,0.303980702999979,0.00367872475180775,0.321167880669236,0.0321987111237831,0.230579526047222,0.00378548889420927,1.5876027214108,0.00357781769707799,8.57415094628232,0.000827472074888647,0.564658332586987,0.000781097449362278,2.00892425328493,0,0.225509218726074,0,0.017195766675286,0.061760839424096
0.00901328265899792,0.104559560859343,0.0995121952146292,0.446204624546226,0.0292906183749437,9.96707816957496,0.0379892544297036,2.09179970217519,0.0354312353301793,13.2764230300672,0.00906618312001228,0.601260836003348,0.0269340967643075,0.811016148480121,0.0171428569592535,0,0.00732600735500455,0.323840517317876,0.14534884103341,0.202578266034834,0.499059567693621,1.69076054706238,0.33054830058245,0.48502992518479,0.266875977977179,1.1370510669658,0.334291179722641,3.30828631063923,0.0347342836903408,12.5558780388674,0.780990088940598,1.7610324578709,0.153236464597285,0.0659480039030313,0.0520833337213844,0.0925700408406556,0.00565504236146808,1.46672829991439,0.00643086829222739,0.686782842501998,0.0063775508897379,0.965255800634623,0.089285712747369,0.0912655964493752,0.0387832690612413,0.101454977528192,0.125842701178044,0.303105584345758,0.000795861531514674,0.0361399457906373,0.00339147285558283,0.0124467735877261,0.000956937787123024,0.0228623684961349,0.00239377608522773,0.398265887051821,0.0120533795561641,0.0619705756835174,0.0150179563206621,0.0220125782652758,0.00670118763810024,0.0175438599544577,0.00251151103293523,0.0425531901419163,0.00175284838769585,0.0496112570399418,0.106580167484935,0.224336508661509,0.0660954707418568,0.165256345411763,0.378104864910711,2.5748284215224,0.0259740261826664,4.04300089302706,0.0358467239420861,0.820867388276383,0.134758362837601,1.46110592549667,0.00379266764502972,0.0543689299374819,0.00896861008368433,0.358894907403737,0.00589721975848079,3.59108130494133,0.00185048105777241,0.256642399122939,0.00202326755970716,1.36971232388169,0.00097943190485239,0.123959297430702,0.591032619704492,0.0728744915686548
2.38736274797702,0.0354276224970818,0.51418844726868,0.0166288746404462,0.0161591048818082,0.00744878989644349,0.206212258723099,0.0218800645088777,0.216698532458395,0.0024420025292784,6.89325150405057,0.0275229346007109,1.38641039608046,0.0123886950314045,1.24640290613752,0.00732600735500455,0,0.0797024433268234,0.249206352629699,0.0521998497424647,0.031403336673975,0.00591133022680879,0.0295021506026387,0.0106995884561911,0.00898876413702965,0.00259740254841745,0.0119047615444288,0.00438917346764356,3.26270073954947,0.0899082575924695,0.131349414587021,0.0197152253240347,0.845024477690458,0.134988364297897,0.487847225856967,0.236397748813033,0.487710224464536,0.114609567332081,0.153653972782195,0.010129431495443,0.173387091606855,0.00595829193480313,0.151946113444865,0.0574248544871807,0.222979557700455,0.0630401601083577,0.0929499808698893,0.0423600589856505,0.27981414203532,0.0207407406996936,0.592905419762246,0.00645942660048604,0.0594451802317053,0.00744878989644349,0.0629067253321409,0.0409153966465965,9.65749367536046,0.0414322256692685,1.69280255126068,0.0107526881620288,2.77576643257635,0.0110011000651866,4.59349122550339,0.0402960529318079,1.70457204827107,0.0272941182483919,0.912834242451936,0.256875370047055,0.291200003237464,0.220516393193975,0.688360462663695,0.0957116212230176,2.54177216906101,0.0583850920666009,0.491362750530243,0.0354679813608527,0.70431470638141,0.320924271363765,3.17296208627522,0.0185758522711694,8.30322090128902,0.035183500032872,6.91212427709252,0.00999444723129272,1.00414252071641,0.0150943397311494,0.385438967496157,0.00335570471361279,0.123717214446515,0.00373532541561872,0.0758928605355322,0.134657836519182
0.0464997438248247,2.83920766611118,0.0242232757154852,0.113598866271786,0.00318640458863229,0.0870026529300958,0.00814663944765925,0.136276394041488,0.00325556157622486,0.0376569028012455,0.0136554628843442,7.69767427432816,0.0150564615614712,0.517325876862742,0.00720576447201893,0.323840517317876,0.0797024433268234,0,0.162491048045922,0.341001339722425,0.0804330985993147,0.0915438332594931,0.0430839008186013,0.0369822490029037,0.00621504033915699,0.0231532532488927,0.0123180295340717,0.043875684030354,0.169188981875777,18.1344738389016,0.102564105880447,0.145714284153655,0.955979471269529,0.431977556087077,0.259467038558796,0.180597016355023,0.0197802206967026,0.232008598744869,0.0117333334637806,0.0204778157640249,0.0157977885100991,0.0468384067062289,0.0414120826753788,0.0799041124992073,0.0463917532470077,0.2766622020863,0.027017418295145,0.0582590824342333,0.00361827225424349,0.125271859578788,0.00679560878779739,0.0428934948868118,0.00223713647574186,0.00636604777537286,0.00592105288524181,0.0607979726046324,0.139502764883218,2.9005735918181,0.162260055541992,0.173731765244156,0.079838982434012,0.132887188286986,0.0517489209305495,3.75535843032412,0.017171717947349,0.347644842986483,0.741405109874904,1.11863488389645,0.325732893543318,1.60046867374331,0.310897451243363,1.58258094568737,0.0830636429600418,5.43205972749274,0.0319148940034211,0.693560906220227,0.193513518199325,1.31441050115973,0.0140625002095476,10.632341420278,0.0276595735922456,1.61579383333446,0.0135135132586583,0.0819277105620131,0.0211681690416299,0.135174724389799,0,0.0271580994594842,0.00423056585714221,0.0149179506115615,0.832478639553301,0.08135593123734
2.24560634832596,0.547182331501972,11.2948604053818,1.21040770754917,0.015866719186306,0.12841854756698,1.56380674563115,1.81532155245077,0.0217654173611663,0.0486274502472952,0.756884349160828,1.43632571026683,0.904338707914576,1.37510735885007,0.117984691460151,0.14534884103341,0.249206352629699,0.162491048045922,0,8.83472489984706,0.108751943917014,0.0778412068029866,7.42726851295447,1.2866546458099,0.0498442356474698,0.0285481242462993,0.00660066027194262,0.0219394467421807,0.764541182958055,0.785899101756513,3.87277164845727,1.87363046075916,23.1111768498668,5.45730645715958,0.877906973473728,0.212335697142407,0.193653374677524,0.0431999989086762,0.135296460357495,0.0156191891874187,0.156512613059022,0.0208441889844835,0.00948660756694153,0.00573065900243819,0.0215778835117817,0.0111149707809091,0.0278180250898004,0.0286839156760834,0.00140400137752295,0.00136193400248885,0.00537634408101439,0.00354086759034544,0,0,0.037520393205341,0.0316122220829129,0.843436362687498,0.171712976472918,0.220064734225161,0.0142207049066201,0.0663166609592736,0.0263736268971115,0.0499082556925714,0.0879186570527963,0.0168067232007161,0.0144879810977727,0.725279472622788,0.155196305830032,12.6422677290975,2.56289970711805,1.91633469046792,2.63149537704885,1.32825040112948,1.17049959395081,0.244626403553411,0.521017144201323,0.517684878781438,1.68663964577718,0.0083420230075717,0.0223285483662039,0.044534414075315,0.0574958415818401,0.109963097493164,0.0272760778898373,0.0191637626267038,0.0206756507977843,0.00864677887875587,0.00962962961057201,0.0266968327050563,0.00171673821751028,1.1238938011229,0.37843784224242
0.344081454735715,4.20695542186149,0.586341898306273,8.66071803111117,0.00149086839519441,0.139292364532594,0.187390548671829,4.62695501791313,0.00454029499087483,0.0538348080590367,0.118343196809292,3.15085642336635,0.147943832562305,2.22586820367724,0.020012128399685,0.202578266034834,0.0521998497424647,0.341001339722425,8.83472489984706,0,0.168179647997022,0.120631881058216,0.488909433304798,1.96347023826092,0.0083022000035271,0.0451415459392592,0.0131477180402726,0.0491601799149066,0.198400951339863,1.30178239534143,0.975851804832928,0.865517267375253,4.16789560648613,1.91018627583981,0.0601976652396843,0.0299065429717302,0.107633588137105,0.0555972952861339,0.139813084038906,0.0224482640624046,0.130687320779543,0.0326765979407355,0.00266951421508566,0.00726612168364227,0.00447570328833535,0.0124958897358738,0.0498200941365212,0.0204410966252908,0.000664231134578586,0.00645369465928525,0.00302637260756455,0.00506899470929056,0,0.000744878954719752,0.0572916696546599,0.047498736763373,0.19051322247833,0.5794542535441,0.0494243213906884,0.047852095682174,0.0280349120730534,0.042185339902062,0.0235538614215329,0.152880781330168,0.00431654672138393,0.0500156311318278,0.250103855622001,0.131344615947455,4.41776891041081,3.35540489293635,0.727544937282801,3.77413334243465,0.37302184588043,2.43964234448504,0.155009455513209,1.01388223841786,0.41433962242445,2.53647419484332,0.00384615384973586,0.0293685751967132,0.0121546955779195,0.0974605348601472,0.0174094704561867,0.0445217378437519,0.00542189087718725,0.0354902316466905,0.00484848499763757,0.0223619844764471,0.0414666075084824,0.00746578158577904,1.86192898126319,0.56262628803961
0.020321206888184,0.0608465590048581,0.0402044309303164,0.0822485201642849,0.0823529460467398,1.70841486006975,0.011860637459904,0.0460087409010157,0.05102040595375,0.306959014618769,0.026897213421762,0.0772032075328752,0.0146236558211967,0.0431293884757906,0.248318036901765,0.499059567693621,0.031403336673975,0.0804330985993147,0.108751943917014,0.168179647997022,0,4.20657283067703,0.228893058374524,0.0912547549232841,2.31903492705896,4.36803341284394,3.31310941884294,3.2724935633596,1.46557761076838,0.424890011083335,4.07352949143387,2.28132578474469,0.107353727798909,0.0583207674790174,0.0426287753507495,0.0419287197291851,0.307210023980588,0.334334329469129,0.175889335107058,0.161616157740355,7.17121582245454,0.191387552767992,0.0297647629631683,0.046341463457793,0.0163822523318231,0.0391872277250513,0.0512820493895561,0.0515815074904822,0.00445103854872286,0.022284122183919,0.00404994946438819,0.00529661017935723,0.00216216221451759,0.00195694714784622,0.0900321560911834,0.0888888915069401,0.0195346171967685,0.0240891287103295,0.0179135925136507,0.00893300282768905,0.0141643057577312,0.0113913749810308,0.0147058825241402,0.0206185566494241,0.00716204103082418,0.0247395840706304,0.0514122513122857,0.0827147400705144,0.0590979792177677,0.184834130108356,7.14172468171455,3.67843159008771,0.625630668364465,1.20470124296844,0.534216335043311,0.943661985453218,0.676798413041979,1.31888551125303,0.0575539581477642,0.0473684230819345,0.0940214600414038,0.0561299840919673,1.69065345847048,0.245874595129862,0.0325548475084361,0.0291113393031992,0.605911319609731,0.163469557184726,0.0746831114520319,0.0151946819387376,0.983713320922107,1.19242904568091
0.00787660013884306,0.0589403983321972,0.0252473554573953,0.0918246479704976,0.0374015746638179,7.95481364475563,0.00742023257771507,0.0529587834898848,0.0266393427737057,0.54736841423437,0.00578592089004815,0.0628195788012818,0.0112020680098794,0.0301507534459233,0.00858369108755141,1.69076054706238,0.00591133022680879,0.0915438332594931,0.0778412068029866,0.120631881058216,4.20657283067703,0,0.0706501336535439,0.0838323311181739,0.566037723328918,2.11404442810453,0.60718170250766,9.87596925208345,0.0245614032028243,0.66540640220046,2.11061946116388,1.75993506156374,0.0957503999816254,0.0332493705209345,0.0536672619637102,0.0803382652811706,0.0272822650149465,2.84020097460598,0.0793650839477777,3.18918926641345,0.0451127816922963,7.30917864525691,0.0192400196101516,0.0452322758501396,0.0123203289695084,0.0480349352583289,0.0390544722322375,0.109215017408133,0,0.0153631280409172,0.000675904040690511,0.00636942707933486,0,0.00196463661268353,0.00736309261992574,0.382365770288743,0.00747771066380665,0.0217063610907644,0.00950369623024017,0.00994530040770769,0.00567644275724888,0.00979591836221516,0.00163934426382184,0.0184883096953854,0,0.0300261101219803,0.0438512878026813,0.0764601754490286,0.0514820592943579,0.138095243368298,2.38407971384004,7.10236217826605,0.0547112489584833,1.5417896322906,0.387527850922197,1.78672992438078,0.421159719815478,1.61658037919551,0.00484261522069573,0.0212765950709581,0.00204813107848167,0.069526628125459,0.00165975105483085,0.948675495805219,0.00141676506609656,0.0455010214354843,0,1.90627620788291,0.00137221266049892,0.0418383524520323,11.8877891497687,1.22683703899384
0.0783200885925908,0.070355583447963,9.11489332839847,2.37292959605111,1.54654374805978,0.741786907892674,1.70232409366872,3.0300820232369,0.510730928566772,0.271619988256134,0.0873015904217027,0.174057648167945,0.926754405169049,0.819579112372594,0.385529699851759,0.33054830058245,0.0295021506026387,0.0430839008186013,7.42726851295447,0.488909433304798,0.228893058374524,0.0706501336535439,0,8.23405301134335,2.43944991705939,0.489642190514132,0.174794171238318,0.113508136128075,0.414282111334614,0.682174574467354,9.62614714738447,4.30299538769759,4.60566129873041,0.454071983229369,0.585418173170183,0.149705014191568,0.0708020046004094,0.0420531865675002,0.0314136120141484,0.0140227871015668,0.0166793027892709,0.0120618166401982,0.0101899026194587,0.0103225803468376,0.00648648664355278,0.00664267921820283,0.0143369179568253,0.0326340325409546,0.00167457433417439,0.00108962133526802,0.00384763377951458,0,0.00126582279335707,0,0.00407978240400553,0.0154525382095017,0.0846745994640514,0.0471562262391672,0.0343576100131031,0.00658823543926701,0.0215943021175917,0.00173210160573944,0.0156114481505938,0.0304070633137599,0.00835322227794677,0.00636435952037573,0.181210550479591,0.0537124809343368,0.391934109502472,0.179928541998379,0.346485811867751,1.6129031937453,0.234345942735672,0.422604414634407,0.0721726203919388,0.0473506214912049,0.232774684263859,0.326466909551527,0.00754147826228291,0.00382409169105813,0.0343511451501399,0.0234675306710415,0.060975608357694,0.027850303798914,0.0160642571281642,0.014306616736576,0.0150968169327825,0.00931857898831367,0.00543267372995615,0.00259547654422931,0.0731707322993316,0.165360497601796
0.0201703270431608,0.0604284114087932,1.13989877622225,11.7127951297443,0.143973677768372,2.48006576293847,0.44375230112928,4.27717969362857,0.194897534733173,0.440650396398269,0.044045677408576,0.224856321001425,0.355995713034645,1.03318651637528,0.137885754229501,0.48502992518479,0.0106995884561911,0.0369822490029037,1.2866546458099,1.96347023826092,0.0912547549232841,0.0838323311181739,8.23405301134335,0,0.756606375798583,0.60711260366952,0.0642673519905657,0.092279581935145,0.166399995796382,0.830113278701901,2.27571269689361,3.01963745942339,0.769089823123068,0.144705876591615,0.140830807504244,0.0370762712555006,0.0109797299955972,0.0539419092820026,0.0297152297571301,0.00846479431493208,0.0209481815109029,0.0087479492649436,0.00629650813061744,0.00524418242275715,0.00139082060195506,0.0093223376898095,0.00773579289671034,0.0138488165102899,0,0.00280997552908957,0.000457247369922698,0.000606244313530624,0,0.000822030415292829,0.00780379062052816,0.0151106312405318,0.0147179063642398,0.0384615382063203,0.00543971004663035,0.00175131345167756,0.00340039667207748,0.00454545440152287,0.00379506644094363,0.0245851255021989,0.00237341778120026,0.00746521900873631,0.0420868042856455,0.0202830191701651,0.0934371555922553,0.0931263886741363,0.15619834716199,1.73015225341078,0.0949208984384313,0.515625003841706,0.0686695277690887,0.0587915049400181,0.161801500478759,0.231092439207714,0.00218818383291364,0.00446677813306451,0.0106888365698978,0.0296188394422643,0.0251908397767693,0.0304994289763272,0.00424778752494603,0.0112633753451519,0.00269905541790649,0.00996168603887782,0.00323325637145899,0.00437636772403494,0.0826542503200471,0.152777778916061
