0,0.0177454540971667,2.21793968084967,0.0066242711909581,0.00670840774546377,0.000887508329469711,2.70137807842548,0.00524170074641006,0.00796359505329747,0.000220628789975308,2.39788841013797,0.0028490029508248,1.20435649168212,0.00389690900919959,0.114247444653301,0.00114492894499563,1.53280314676522,0.00597322342218831,0.617402100295294,0.0634839998383541,0.007107133831596,0.0023504831478931,0.0312093640677631,0.00369750872778241,0.000711997141479515,0.000912200659513474,0.00138089759275317,0.000936110445763916,1.38518725507311,0.00984662002883852,0.0827953686821274,0.00845273700542748,0.979081860015867,0.13707164931111,0.0332033699378371,0.00441558423335664,0.187353109591641,0.00267887039808556,0.205845846561715,0.00237017885956448,0.279013665189268,0.00132608402054757,0.00156087407958694,0.000184928343514912,0.00198471767362207,0.00101061144960113,0.017034868709743,0.00415980583056808,0.00266694022866432,0.000407581013860181,0.00854197368607856,0,0.00157835402933415,0,0.0370815448695794,0.0168289065768477,5.00681836387957,0.0121427113626851,0.209394046571106,0.00225440047506709,0.343679037963739,0.00370713634765707,0.390949093038216,0.00347635157231707,0.0569782338570803,0.00113765642163344,0.271276603481965,0.0227974707377143,1.56032338326622,0.0524087419034913,0.384203477413394,0.0432037225255044,1.50745775949326,0.0133362487395061,0.235061870800564,0.00765777670312673,0.243146598630119,0.0423498759482754,0.0240448827389628,0.00264795438852161,0.208315329946345,0.00272191147087142,0.258044358852203,0.00145167975279037,0.148844356444897,0.00126016006106511,0.0347377058933489,0.000213606748729944,0.0410447748436127,0.000142186836455949,0.0683596442104317,0.0442977020575199
0.0177454540971667,0,0.00608695624396205,1.91936142311897,0.000231749712838791,0.0170114944048692,0.00219833903247491,1.82878499098297,0,0.00388527024188079,0.00113908186904155,3.151566012064,0.00119515112601221,0.574838306783931,0,0.0289170838950668,0.00617848981346469,0.567475533753168,0.0807510055601597,1.45739126222907,0.0112575509410817,0.0114379082224332,0.0139509365253616,0.013761883310508,0.000493035884574056,0.00567644275724888,0.000955109833739698,0.0111758988932706,0.0124437639897224,0.292544881885988,0.0376919009722769,0.0705230636813212,0.110772162763169,0.474114943790482,0.0178080393234268,0.00812347687315196,0.0136875075259013,0.0830537883157376,0.0156780160323251,0.010258697293466,0.00335758260916919,0.00968590000411496,0.00213941879337654,0.00419007724849507,0.00102427533420268,0.00459242259967141,0.00492835632758215,0.0064142540213652,0,0.0101052629761398,0.00195989753410686,0.00677345560688991,0,0,0.0015878617123235,0.0262533880595583,0.023174011381343,5.27905208035372,0.0112525360746076,0.0454585972329369,0.00345572363585234,0.395658186564106,0.00476603119750507,0.408966755465372,0.00132479576859623,0.0732851294742431,0.0455949414754286,0.107648293924285,0.145275333488826,1.05186944273009,0.0527167618274689,0.627338439953746,0.0151081604417413,0.496264444896951,0.00247116971877404,0.198347114492208,0.0643858664552681,0.405171457096003,0.000836586754303426,0.0533222842495888,0.00284318090416491,0.146840151690412,0.000645925305434503,0.0210075024224352,0.00240920315263793,0.0857491809729254,0.000487388810142875,0.00861973701103125,0.00168118592409883,0.0191972085158341,0.40166403632611,0.0531991364550777
2.21793968084967,0.00608695624396205,0,0.244156874046894,0.763620176992845,0.0695057376287878,8.59211493152543,0.116492447967175,0.1814479646564,0.017334064366878,0.724488696316257,0.0127556187508162,1.91687368869316,0.0407371467445046,0.293495865451405,0.0108251828496577,0.16300527396379,0.00245901639573276,3.32921672350494,0.0987862479523756,0.00470711285015568,0.00492994309752248,2.86961816767871,0.488561656762613,0.0360976770753041,0.0204081635456532,0.023112128561479,0.0137273147993255,0.996762578550261,0.0171503955352819,2.08767454147164,0.221310630193329,3.21982667932753,0.0866793005843647,0.0529933759244159,0.00825806427747011,0.101725097527378,0.00310800308943726,0.0962854881654494,0.000857265316881239,0.0798722030594945,0.000790409714682028,0.00207218091236427,0.000920386592042632,0.000592475567827933,0.000402212172048166,0.00794982785009779,0.00155319704208523,0.000612307369010523,0,0.0039618487644475,0,0.000448430480901152,0,0.0167521366092842,0.00558659233502112,0.343268507320317,0.00326330820098519,0.0679992876393953,0.000518000524607487,0.0271379506448284,0.00266366144933272,0.0437682356277946,0.00200346052588429,0.00955211180553306,0,0.119037387732533,0.0071805390616646,0.313672915304778,0.014791216381127,0.796538725699065,0.151371595522505,0.984726940543624,0.0113068058271892,0.166317987372167,0.00734522519633174,0.227395191031974,0.0349929807416629,0.00636942707933486,0.000526108138728887,0.0449264141352614,0.000753238928155042,0.0627784095704556,0.00144419228308834,0.0348912592162378,0.0006281012610998,0.00980048981728032,0.000637416320387274,0.00996282571577467,0.000141683194669895,0.0408997933845967,0.035797238786472
0.0066242711909581,1.91936142311897,0.244156874046894,0,0.0515236565843225,1.02687637487543,0.112176958049531,7.10680135989969,0.0372632859216537,0.290383275714703,0.00335802478366531,0.692817702685716,0.040581927751191,0.945711240070523,0.0247322138457093,0.125423439283622,0.00198294670553878,0.0212250970071182,0.256210435152752,4.20566720417992,0.0187717267399421,0.0207134638912976,0.5330024707946,4.52538128547894,0.0107833812508034,0.316466016680351,0.011108825186966,0.0357068286684807,0.0378190435876604,0.224598926928593,0.803261994762579,1.94577469516662,0.134504904097412,0.491897054482251,0.00556606937607285,0.00343563908245414,0.0122403929708526,0.0202181963832118,0.0157687258324586,0.00795035848568659,0.000706380960764363,0.00606555448030122,0.0019102196674794,0.00388283956272062,0.000720136798918247,0.00128122998285107,0.00211330570164137,0.00397740841435734,0,0.00110639864578843,0.000410621403716505,0.000977915420662612,0,0,0.00394259586755652,0.011099285169621,0.00517513434169814,0.0707411923940526,0.00213324587093666,0.00445682433201,0.000154786786879413,0.031648514122935,0.000567214956390671,0.0309286981064361,0.000576701262616552,0.00725388611317612,0.0125802996335551,0.0190020515001379,0.0511235960293561,0.114420223879279,0.0976390548748896,1.4373198148387,0.0192403054097667,0.283300599548966,0.00648899195948616,0.102021847094875,0.109540980309248,0.314031827962026,0.000234796898439527,0.00885265014949255,0.00190461077727377,0.0203394580603344,0.00357310770777985,0.0176095909846481,0.00122569505765568,0.0149085959710646,0.00146550821955316,0.0103896107466426,0.00110864744056016,0.00463637559732888,0.25898762291763,0.0908324284682749
0.00670840774546377,0.000231749712838791,0.763620176992845,0.0515236565843225,0,0.120184895116836,0.0428694902220741,0.00846473008277826,4.55694845726248,0.0395437268307433,0.0125849488540553,0,0.0865663020231295,0.000972289766650647,1.57381348239142,0.0223838828969747,0.0188103703549132,0,0.00194615637883544,0.000298775034025311,0.041162226407323,0.0228526399005204,0.305293610610534,0.101939415209927,1.07106143335113,0.116712329385336,1.85098047414795,0.129597195424139,0.541038803756237,0.0117603819817305,2.49579657465802,0.113512331736274,0.0577058392809704,0.00217526411870494,0.00211939250584692,0,0.00891218922333792,0.00364678289042786,0.00374231487512589,0.00144161461503245,0.0358667793916538,0.00413052446674556,0.00155957575771026,0,0.000403469835873693,0.000837696308735758,0.000975451141130179,0.00062315003015101,0.000864117522723973,0,0.00283687940100208,0,0.00213333335705101,0,0.000918836100026965,0.000285632675513625,0.00536469629150815,0,0.00364479803829454,0,0.00265918156947009,0,0.00497062795329839,0,0.00329256817349233,0,0.00568698815186508,0.000707714076270349,0.00485865728114732,0.00055263884132728,1.99635805946309,0.0435116433072835,0.383108629379421,0.00893743790220469,0.0363196115358733,0.00407497951528057,0.0262837666086853,0.00489117170218378,0.00338123412802815,0,0.026360677293269,0.000493461615405977,0.123131831176579,0.00353669328615069,0.0132237010693643,0.000186029210453853,0.0329314908012748,0.0037709167227149,0.00434782597585581,0.000447127211373299,0.000923787534702569,0.0111679849214852
0.000887508329469711,0.0170114944048692,0.0695057376287878,1.02687637487543,0.120184895116836,0,0.0161512024351396,0.391254137619399,0.0818181834183633,4.52004998119082,0,0.00962745895958506,0.00917168240994215,0.0333279920741916,0.0248102206678595,3.67188353236998,0.0029970029136166,0.0266094423714094,0.00416933945962228,0.0204021279641893,0.502354800701141,2.90490790782496,0.0578337258193642,0.771596130274702,0.135623336886056,7.37150552909588,0.264835177105851,5.56064047850668,0.0315181221230887,1.43396225897595,0.943724795419257,1.54891425074311,0.0100799441861454,0.0172148782294244,0.0117200960521586,0.0150943396147341,0.00360360380727798,0.356612947362009,0.00944633991457522,1.34499058045913,0.000829187396448106,0.909674820490181,0.0129589627613313,0.0298352115205489,0.0107419932901394,0.0210526322771329,0.0234688947384711,0.0554785021813586,0.00085124495672062,0.010075566591695,0.00211019926064182,0.00323153974022716,0,0.00152322929352522,0.00121212122030556,0.252545259805629,0.00286797093576752,0.0147778120008297,0.00163773336680606,0.00431898806709796,0.00175464246422052,0.0107273117464501,0.00133451956207864,0.00544125167652965,0.00231374360737391,0.0101855216780677,0.0171518840361387,0.0334581179195084,0.00521966081578285,0.0260233115404844,0.382217674516141,2.2439023447223,0.0114971261937171,0.784285017172806,0.00863422313705087,0.312995256099384,0.0952380942180753,0.332291418657405,0.00164203613530844,0.0231721926247701,0.00368154630996287,0.0300880623981357,0.00395343726268038,0.695690039545298,0.00117974214663263,0.0377044624183327,0.00172860844759271,0.762810118030757,0.000718562878319062,0.0341614916396793,0.868008963880129,0.0910319990362041
2.70137807842548,0.00219833903247491,8.59211493152543,0.112176958049531,0.0428694902220741,0.0161512024351396,0,0.0587997586699203,0.310266280153883,0.00461893758620135,1.78940185127431,0.00289063761010766,4.31199684931198,0.0189696047455072,0.360327299218625,0.0033569848164916,0.121232879930176,0.00129701686091721,0.209028183075134,0.0220221605122788,0.00254303596739192,0.00097238429589197,0.679278928029817,0.197640335478354,0.00669501468655653,0.00702000688761473,0.00512548603001051,0.00358037941623479,1.0468364371045,0.00636942673008889,0.543399292146205,0.0954003380611539,0.465822785277851,0.0207305034273304,0.0111562826496083,0.000774743384681642,0.055704521771986,0.000517911073984578,0.0553669379150961,0.00134363456163555,0.028548770584166,0.000196714856429026,0.000423788675107062,0,0.000314886245178059,0,0.00474922645662446,0.000847158516990021,0.000969696964602917,0,0.0030852770578349,0,0.000695894239470363,0,0.00826562037400436,0.0043395715765655,0.298985039727995,0.00150419440615224,0.0294587146490812,0.000423758727265522,0.034033757270663,0.0004863419017056,0.0501150194759248,0,0.00883480555785354,0.000910885079065338,0.0319264715071768,0.00357495073694736,0.0976046901196241,0.00475142993673217,0.534081085934304,0.0650476277514827,0.721760737331351,0.00441651084111072,0.127738652823609,0.00196078428416513,0.171910582983401,0.0123362908489071,0.0027689874114003,0.000392965914215893,0.0387460382626159,0.000504668161738664,0.0544607087649638,0.000488997568027116,0.0472803556040162,0.000216251282836311,0.00861218268983066,0.0005004587728763,0.00960938520438503,0.000119817879749462,0.0161436782218516,0.0181910060928203
0.00524170074641006,1.82878499098297,0.116492447967175,7.10680135989969,0.00846473008277826,0.391254137619399,0.0587997586699203,0,0.00487558827444445,0.382055692170979,0.00229527000919916,1.52930254625971,0.0196907622885192,2.41925411413831,0.00678616217919625,0.317362196801696,0.00115131583879702,0.0377652925963048,0.26153418168542,1.36823054755223,0.00859491777373478,0.00947603097301908,0.378515362914186,1.00601450406248,0.00312147758086212,0.0575951496139169,0.00322143112134654,0.0144181255018339,0.0147111852129456,0.380597023875453,0.548153917305171,1.54665411240421,0.115887848602142,0.484381377755199,0.00669259286951274,0.00370164721971378,0.00664396618958563,0.0248653130256571,0.00818918664299417,0.00532773642044049,0.000946252839639783,0.00638677546521649,0.00136630682391115,0.00387903176306281,0.000758552705519833,0.00169217752409168,0.00319955496524926,0.00546261551789939,0,0.00154798763105646,0.000239721921388991,0.00111537124030292,0,0,0.00135538080940023,0.0124770164984511,0.00457614823972108,0.110779619368259,0.00140232790727168,0.00655782502144575,0.000400133372750133,0.046812828804832,0.000632311101071537,0.0688181208242895,0.000641128397546709,0.0118646549235564,0.0162181216583122,0.0239463595789857,0.035126234870404,0.0754748855251819,0.062634631380206,1.17744988050254,0.00773217099776957,0.257058917486575,0.00392376680974849,0.0509363301098347,0.0645318187016528,0.166138861779473,0,0.01238390133949,0.00081771716941148,0.051065394494799,0.0011015815398423,0.0155294121068437,0.000898966187378392,0.0329872993170284,0.00017201341688633,0.00785949156852439,0.000484672229504213,0.00570696478825994,0.126455584686482,0.045686746831052
0.00796359505329747,0,0.1814479646564,0.0372632859216537,4.55694845726248,0.0818181834183633,0.310266280153883,0.00487558827444445,0,0.0147718286607414,0.0507986375014298,0,1.05034055880969,0.000997174676740542,11.2555535003776,0.0165162280318327,0.0492063498822972,0.000450856634415686,0.000332667987095192,0.000305810390273109,0.0309810668695718,0.0302013424225152,0.0766764971485827,0.0663927673595026,0.0888043141458184,0.0881006824783981,0.537470703595318,0.105134479003027,1.08802627670229,0.00529500737320632,0.996209562057629,0.107522021920886,0.0108499091584235,0.0015918497228995,0.00298841996118426,0.000824402319267392,0.0131111713126302,0.000542740861419588,0.00501812074799091,0.000499001995194703,0.0109689217060804,0.00264666957082227,0.00319590937579051,0,0.0020820320060011,0,0.00466900132596493,0.000319233833579347,0.00446927384473383,0,0.00890922202961519,0,0.00611790851689875,0,0.00658720193314366,0.000584112131036818,0.0115316069422988,0.000213106017326936,0.00884053041227162,0,0.00665154960006475,0,0.0102996255736798,0.000353544281097129,0.0190336749656126,0,0.00439916636969429,0.000240269102505408,0.00137174210976809,0,1.06070458272006,0.0282440723967738,0.286470750463195,0.00826019607484341,0.0662650596932508,0.000869565235916525,0.0596713029081002,0.00355781457619742,0.0171790239401162,0.00175515573937446,0.0889594887848943,0,0.30769230768783,0.000457665912108496,0.0365885085775517,0,0.0751462875632569,0.00146735151065513,0.00886044802609831,0.000454959052149206,0.00298359012231231,0.0100250623654574
0.000220628789975308,0.00388527024188079,0.017334064366878,0.290383275714703,0.0395437268307433,4.52004998119082,0.00461893758620135,0.382055692170979,0.0147718286607414,0,0.000488519784994423,0.0024849865003489,0.00227628392167389,0.0349650339921936,0.00843727085157298,2.71068963571452,0.000493218249175698,0.00849076604936272,0.000954350223764777,0.00733675697119907,0.0700269347871654,0.0917638224782422,0.0225414913729765,0.0921383633103687,0.0210035007912666,0.829488190822303,0.0276347860344686,0.29940795886796,0.00867754279170185,0.519863389141392,0.226890758494847,0.530412585416343,0.00275624450296164,0.00579533333075233,0.00203252036590129,0.00518326566088945,0.000508130062371492,0.0762626297073439,0.000517866399604827,0.0891898190020584,0,0.0952006301959045,0.00244910456240177,0.00859697393025272,0.0011815675534308,0.00612745105172507,0.00510204071179032,0.0152905195136555,0,0.000830737291835248,0.000233073064009659,0.000641025661025196,0,0.000501253118272871,0,0.0255510320712347,0.000407581013860181,0.00372670809156261,0.000324833526974544,0.000612182426266372,0.00029027575510554,0.00297113758279011,0.000439850438851863,0.00269723543897271,0,0.00144170119892806,0.00403904399718158,0.0093034072779119,0.0012906001356896,0.00320855621248484,0.0645649433135986,0.566534258134197,0.00197433377616107,0.202458422281779,0,0.0543689331971109,0.0269503543095198,0.0736342038726434,0,0.00469851214438677,0.0012176560703665,0.00948097729997244,0.000434404879342765,0.169644780107774,0.000167813384905457,0.00956585723906755,0,0.115490374504589,0.000238066902966239,0.0105878461617976,0.0542432205984369,0.0193832603981718
2.39788841013797,0.00113908186904155,0.724488696316257,0.00335802478366531,0.0125849488540553,0,1.78940185127431,0.00229527000919916,0.0507986375014298,0.000488519784994423,0,0.00123533047735691,6.24202932158369,0.00189873419003561,0.95766419544816,0,3.58804810239235,0.000844059919472784,0.0978622322436422,0.00993716245284304,0.003806623572018,0.0014886490534991,0.0239447057247162,0.00626174092758447,0.00231481483206153,0.001052908715792,0.00215111579746008,0,1.48877376894234,0.00178858885192312,0.0651629084022716,0.00761099386727437,0.128578776639188,0.0176157942041755,0.0100671144900844,0.00293147680349648,0.0741675066528842,0,0.0730077151674777,0.00139178847894073,0.0698514645919204,0,0.00487730512395501,0,0.00352526450296864,0,0.00476190456538461,0.00030450671329163,0.00418585172155872,0,0.0151004766667029,0,0.0041036163456738,0,0.00808504261658527,0.004195217625238,1.1617557406862,0.00268373252765741,0.0879547274671495,0.000914355361601338,0.103787220112281,0,0.307322411477799,0,0.0577141553512774,0.000358615739969537,0.04160608354141,0.00672307873901445,0.0491768243955448,0.00690021266927943,0.380165274662431,0.0187376728281379,0.750490240461659,0.00335168786114082,0.186524555028882,0.00307337683625519,0.1470173834241,0.00707881059497595,0.0564612334128469,0.00232377997599542,0.561079112172592,0.00145366447395645,1.49265975420712,0,0.133768628889811,0.000183486234163865,0.0585915520787239,0,0.0220666740060551,0,0.0337078658631071,0.0313315917737782
0.0028490029508248,3.151566012064,0.0127556187508162,0.692817702685716,0,0.00962745895958506,0.00289063761010766,1.52930254625971,0,0.0024849865003489,0.00123533047735691,0,0.00179671464138664,3.68561291645165,0,0.158206559310202,0.00207555000088178,1.56704426754732,0.173333342070691,0.600950137566542,0.00475907186046243,0.00292226759484038,0.0398325223941356,0.0715990459138993,0,0.00308778116595931,0,0.00371229695156217,0.00643678187043406,4.07587735750712,0.0988593125366606,0.239707234140951,0.0676004903507419,0.373497281369055,0.0113055179826915,0.00692840642295778,0.00978931700228713,0.0440398042555898,0.0112432430614717,0.00237812125124037,0.0018598884344101,0.00665658095385879,0.00109649123623967,0.00577595384675078,0.00171203559148125,0.00424103206023574,0.00227434257976711,0.0060249213129282,0,0.00645392609294504,0.000214041094295681,0.00399828661466017,0,0,0.00107903964817524,0.0154704545566346,0.00415996980154887,0.278038944496075,0.00289017334580421,0.00712621613638476,0.00182934800977819,0.0624657554144505,0.00112994349910878,0.144585508154705,0,0.0110899872379377,0.0179826368694194,0.0316171757876873,0.0413895044475794,0.0977126363432035,0.0384940770454705,0.762680044979788,0.0112149534397759,0.611156330589438,0.00475907186046243,0.111443982808851,0.0312437417451292,0.189020707330201,0,0.188121796119958,0.00190917775034904,0.0958843129192246,0.000372647657059133,0.0288461542222649,0.000630865048151463,0.03987967222929,0.000466744444565848,0.00819192524068058,0.00152771711873356,0.00793489304487593,0.224991804512683,0.0461589178303257
1.20435649168212,0.00119515112601221,1.91687368869316,0.040581927751191,0.0865663020231295,0.00917168240994215,4.31199684931198,0.0196907622885192,1.05034055880969,0.00227628392167389,6.24202932158369,0.00179671464138664,0,0.00713128034840338,5.71241837351408,0.00118413263408002,0.66628669394413,0.00130310145323165,0.0899459444917738,0.00961341777292546,0.00215749733615667,0.00177872643689625,0.185920080752112,0.0787300248048268,0.00406822093646042,0.00475200498476624,0.0120228435844183,0.00245775724761188,2.49673359026201,0.00445695506641641,0.244464590679854,0.0339204174815677,0.176322991304914,0.0134453782811761,0.0108199492096901,0.00105932203587145,0.071894477121532,0.00231113680638373,0.0589011000702158,0.00110405741725117,0.0464430515421554,0,0.00821398466359824,0,0.00298470351845026,0.000763455871492624,0.00974553338892292,0.000420919706812128,0.00544535185326822,0,0.0218295213708188,0,0.00790166831575334,0,0.0166423968039453,0.00277612538775429,0.425921586967888,0.00221817326382734,0.0618421065446455,0,0.0803816106054001,0.000521172652952373,0.153928089654073,0,0.050436202873243,0,0.044964634347707,0.00415153079666197,0.0304781922604889,0.00477398186922073,0.801963043457363,0.0311829485581256,0.959657923725899,0.00365579317440279,0.207838910049759,0.00216684717452154,0.234672597143799,0.0128258749609813,0.0249541278462857,0.000362515856977552,0.291408799850615,0.000714924011845142,0.891502566431882,0.0005257623270154,0.173644242109731,0.000433682682341896,0.0752505777636543,0,0.0339669133682037,0.000332502066157758,0.0213373978622258,0.0267532971338369
0.00389690900919959,0.574838306783931,0.0407371467445046,0.945711240070523,0.000972289766650647,0.0333279920741916,0.0189696047455072,2.41925411413831,0.000997174676740542,0.0349650339921936,0.00189873419003561,3.68561291645165,0.00713128034840338,0,0.00130242246086709,0.0640892602677923,0.00222894450416788,0.0873576463200152,0.233525198098505,0.609003410878358,0.00538860118831508,0.00859774844138883,0.274174763122573,0.460750055150129,0.000353731884388253,0.00800400227308273,0,0.00346440327120945,0.00701051589567214,2.41751173933153,0.385628415795509,1.3129330171505,0.0899016303301323,0.332005019212374,0.00540749309584498,0.00202963259653188,0.00843881827313453,0.0210151953797322,0.00591327185975388,0.00276540176128037,0.00213265084312297,0.002097315446008,0,0.00149216613499448,0,0.000842460023704916,0.00164744645007886,0.001368925353745,0.000860091706272215,0.00113620224874467,0.000185065233381465,0.000472478161100298,0,0,0.0011265066859778,0.0111241847043857,0.00132890359964222,0.0943967731436715,0.00119289034046233,0.00388127847691067,0.000219394467421807,0.0219083302654326,0.000590580224525183,0.0777151253132615,0,0.00360128621105105,0.00897746649570763,0.0133025402901694,0.0279272720217705,0.0455916873179376,0.0403811973228585,1.30284618982114,0.0114686207380146,0.29113726131618,0.00331606226973236,0.0474901073612273,0.0579306083673146,0.134244871325791,0.000424358149757609,0.0200836826115847,0,0.0438151715497952,0,0.00873235316248611,0.00042420816316735,0.0219880894292146,0.000347947119735181,0.00364188174717128,0.000564599584322423,0.00442752134404145,0.142287229537033,0.0524911027750932
0.114247444653301,0,0.293495865451405,0.0247322138457093,1.57381348239142,0.0248102206678595,0.360327299218625,0.00678616217919625,11.2555535003776,0.00843727085157298,0.95766419544816,0,5.71241837351408,0.00130242246086709,0,0.00582411186769605,0.455430984293343,0.000984090525889769,0.00625570211559534,0.00146323617082089,0.280552067095414,0.00988875166513026,0.0663847798423376,0.0498321705963463,0.0693809699150734,0.0267597431957256,0.455387025256641,0.0287857289367821,3.61835485848133,0.00259030066081323,0.530426295299549,0.0558475675643422,0.0250312886782922,0.00503588060382754,0.00875979717238806,0.000978713040240109,0.119879748061066,0.00374111492419615,0.0358231693971902,0.000352795905200765,0.937905944301747,0.00101832998916507,0.016163656488061,0.000277700630249456,0.00773514839238487,0,0.0156698876526207,0.000504668161738664,0.0117340284632519,0,0.0357178680133075,0,0.0117937989125494,0,0.0542490976513363,0.00117522620712407,0.078749999156571,0.000362122023943812,0.038711387431249,0.000505050527863204,0.0379410340974573,0.000327976391417906,0.0370807349099778,0.000273298704996705,0.0652891108766198,0.000288392213406041,0.0260219432238955,0.00260390582843684,0.00563380282255821,0.00195083892322145,2.33227442018688,0.0295530096627772,1.13313721210579,0.00542005422175862,0.196737764403224,0.00201969197951257,0.156695155892521,0.00571837043389678,0.0609346749261022,0.00152284267824143,0.345651100360556,0.000624154796241783,4.17295502166962,0.00066323991632089,0.159651233669138,0.000326317502185702,0.730643827089807,0.00173913038452156,0.0731582686130423,0.000191332626855001,0.00871459674090147,0.0218818383291364
0.00114492894499563,0.0289170838950668,0.0108251828496577,0.125423439283622,0.0223838828969747,3.67188353236998,0.0033569848164916,0.317362196801696,0.0165162280318327,2.71068963571452,0,0.158206559310202,0.00118413263408002,0.0640892602677923,0.00582411186769605,0,0.00548345808056183,0.218377670855261,0.00441386492457241,0.0352326560823712,0.146948946930934,0.639018432470039,0.0202318229712546,0.100565840577474,0.0491329493524972,0.482745324843563,0.0630507134483196,0.891396307153627,0.0203399285965133,4.3000430171378,0.22765543468995,0.589735188172199,0.0185569866152946,0.0295999003574252,0.0311355312587693,0.0344911348365713,0.00373692077118903,0.400297626503743,0.00682076532393694,0.441831899690442,0.00051559682469815,0.427993936580606,0.0304440818435978,0.0716261059278622,0.0187865718908142,0.0377059566089883,0.0460457879235037,0.129713431117125,0.00129743758589029,0.0195795211184304,0.00360108038876206,0.00809822342125699,0,0.000369959307136014,0.000743770884582773,0.164422063651728,0.002849510172382,0.0330444194114534,0.00369734584819525,0.0125786158605479,0.00168552849208936,0.015665796585381,0.00201240991009399,0.0117038644093554,0.0038003109220881,0.0209619523957372,0.0400813248124905,0.0964553143421654,0.0108821104222443,0.0302560126874596,0.17543207318522,1.39786919680773,0.0069495246571023,1.60071873402921,0.00298879214096814,0.220496128313243,0.069075450883247,0.513686439953744,0.00256213155807927,0.0826196479611099,0.00350613560294732,0.143731200383627,0.00132890359964222,1.1710939106124,0.00164991748169996,0.102376305134385,0,0.506228381098481,0.0016298257978633,0.0692549847444752,0.334413837466855,0.0515463916235603
1.53280314676522,0.00617848981346469,0.16300527396379,0.00198294670553878,0.0188103703549132,0.0029970029136166,0.121232879930176,0.00115131583879702,0.0492063498822972,0.000493218249175698,3.58804810239235,0.00207555000088178,0.66628669394413,0.00222894450416788,0.455430984293343,0.00548345808056183,0,0.0182978720113169,0.0369662202429026,0.00764256296679378,0.00540958251804113,0.00453172205016017,0.00917772497632541,0.00283509204746224,0.000585308764129877,0,0.00380434765247628,0.00395927618956193,2.09076678205747,0.0317002872470766,0.0227416303823702,0.00511617993470281,0.224024851777358,0.0601894279825501,0.167290037032217,0.0468401489197277,0.187515913508832,0.0481134481378831,0.0680342776468024,0.00936329597607255,0.0864600334316492,0.00474120886065066,0.107022386073368,0.0254952616523951,0.161042032297701,0.0221084959921427,0.0491934201563708,0.0196048393845558,0.0751213328330778,0.00957535378984176,0.187864638937754,0.00353186693973839,0.0523316084290855,0.000502638868056238,0.035542169411201,0.0210911144677084,2.09466487717873,0.0120219714881387,0.471851612383034,0.0082783997640945,0.348887918516994,0.0157413315901067,0.605820087483153,0.00878230010857806,0.339752402534941,0.0144456478301436,0.430465075769462,0.102701442141552,0.0702889198728371,0.0219898086506873,0.207384924869984,0.0293751560384408,0.775055671459995,0.0256162395817228,0.202472945675254,0.011700468021445,0.324721499346197,0.144320078281453,1.10258484142832,0.0125835631042719,3.09406918441528,0.010954235913232,2.2020466493268,0.00690548121929169,0.348534473596374,0.00883896485902369,0.110509824822657,0.00321617265581153,0.0646007163159084,0.00309187281527556,0.0509890120010823,0.0283311195671558
0.00597322342218831,0.567475533753168,0.00245901639573276,0.0212250970071182,0,0.0266094423714094,0.00129701686091721,0.0377652925963048,0.000450856634415686,0.00849076604936272,0.000844059919472784,1.56704426754732,0.00130310145323165,0.0873576463200152,0.000984090525889769,0.218377670855261,0.0182978720113169,0,0.0129832654783968,0.0646112593240105,0.010480887547601,0.0199757877853699,0.00435829808702692,0.00456816563382745,0.000491038546897471,0.00452898559160531,0.000461254618130624,0.0252862596244086,0.0287185889901593,8.08408480309299,0.0136910270957742,0.0347858619934414,0.109457359823864,0.129130793065997,0.0889630243182182,0.0394500908441842,0.00742196015198715,0.0877307259943336,0.00710006663575768,0.0166396103741135,0.00193050195230171,0.0156887355842628,0.0100306497188285,0.0148583804257214,0.00629040721105412,0.0166035011061467,0.00780685248901136,0.0139178839162923,0.00111214086064138,0.0190476194256917,0.00195100806013215,0.00900508317863569,0.000442869786638767,0,0.000274122809059918,0.0239443883474451,0.0235204137861729,1.0734594543901,0.0155836518970318,0.0604541025531944,0.00477770419092849,0.104536123108119,0.00924499263055623,2.57868323940784,0.0035870865394827,0.0787859203992411,0.102113414090127,0.195153609354747,0.0668681522947736,0.1760547272861,0.0429501084436197,0.818317969329655,0.01660634460859,2.65581982140429,0.00431565957842395,0.161490680184215,0.0697435901383869,0.44613799767103,0.00383141753263772,3.7030322899227,0.00914760914747603,2.71753836394055,0.00266717473277822,0.105482039245544,0.00382074352819473,0.0837023501517251,0.000959923199843615,0.032341785292374,0.000221092195715755,0.0168863258149941,0.29750937782228,0.0295025722007267
0.617402100295294,0.0807510055601597,3.32921672350494,0.256210435152752,0.00194615637883544,0.00416933945962228,0.209028183075134,0.26153418168542,0.000332667987095192,0.000954350223764777,0.0978622322436422,0.173333342070691,0.0899459444917738,0.233525198098505,0.00625570211559534,0.00441386492457241,0.0369662202429026,0.0129832654783968,0,4.10557763164979,0.00954356856527738,0.00573770492337644,2.31063617381733,0.202540492624394,0,0.00133511354215443,0.000338294979883358,0.00208044389728457,0.125266189570539,0.0639773920120206,1.52356396621326,0.991188797837822,6.90755066927522,2.93096379004419,0.0421418907353655,0.00853311672108248,0.0344323538593017,0.00485358337755315,0.0387966451817192,0.00153751534526236,0.0371477357984986,0.00251942058093846,0.00022846698993817,0.000995396287180483,0,0,0.00494524918030947,0.00205455992545467,0,0.000284252426354215,0.000370301801012829,0.000236378677072935,0,0,0.00293056812370196,0.00577910954598337,0.105691732722335,0.021547008305788,0.0264979709027102,0.00159908618661575,0.00614641635911539,0.00576950842514634,0.00561465721693821,0.00932172202738002,0.00151653017383069,0.00231660244753584,0.0952038799005095,0.0314232896198519,3.06899562041508,0.306659948721062,0.54251535149524,0.507281175232492,0.219352789688855,0.116483517253073,0.0352697099151555,0.0796497077099048,0.107270191831049,0.361374606145546,0.000424808822572231,0.00418848154367879,0.00614264578325674,0.00516845345555339,0.00498168508056551,0.00145645215525292,0.00466793980740476,0.00244405400007963,0.0013930001296103,0.00182232353836298,0.00414234597701579,0.000708717212546617,0.325271802750649,0.074370964022819
0.0634839998383541,1.45739126222907,0.0987862479523756,4.20566720417992,0.000298775034025311,0.0204021279641893,0.0220221605122788,1.36823054755223,0.000305810390273109,0.00733675697119907,0.00993716245284304,0.600950137566542,0.00961341777292546,0.609003410878358,0.00146323617082089,0.0352326560823712,0.00764256296679378,0.0646112593240105,4.10557763164979,0,0.0347793578985147,0.0281065092422068,0.388062449928839,1.03809417563025,0.000323781772749498,0.0064417177636642,0.00031055900035426,0.0114358317805454,0.0321936323161935,0.165062559884973,0.474097751430236,0.738424382958328,1.34814125616685,1.95099938154453,0.0196456764824688,0.00733944936655462,0.050860132323578,0.0199731699249242,0.0617153205676004,0.0119453921215609,0.0141980041807983,0.00756000750698149,0.00172376644331962,0.00303561013424769,0.000511051504872739,0.00313930667471141,0.00620773731498048,0.00602863618405536,0,0.00185087256249972,0.000529567507328466,0.00133496493799612,0.000302114814985543,0,0.00723404242307879,0.0158022688119672,0.0386850282229716,0.2214521773858,0.0134740621433593,0.00667887544841506,0.00165992323309183,0.034579813334858,0.00274122809059918,0.0419306535914075,0.000842460023704916,0.00915883338893764,0.0754587561823428,0.0495241450407775,0.973776665399782,1.4618585324788,0.284778069355525,1.4094732447993,0.0570504310890101,0.534937659977004,0.0157068067928776,0.321187077497598,0.243014760315418,1.11424056926626,0.000763941963668913,0.0192343957023695,0.00193153768486809,0.0256924207642442,0.00299197604181245,0.0124425204121508,0.00245448973146267,0.0149768740811851,0.000318928388878703,0.00674820737913251,0.00322869967203587,0.0038930263108341,0.995034767693141,0.208009559777565
0.007107133831596,0.0112575509410817,0.00470711285015568,0.0187717267399421,0.041162226407323,0.502354800701141,0.00254303596739192,0.00859491777373478,0.0309810668695718,0.0700269347871654,0.003806623572018,0.00475907186046243,0.00215749733615667,0.00538860118831508,0.280552067095414,0.146948946930934,0.00540958251804113,0.010480887547601,0.00954356856527738,0.0347793578985147,0,1.6526845714543,0.00847585930023342,0.0179848769912496,1.96940345573239,1.75086806860054,0.853417285659816,0.829807693080511,0.631897548621055,0.08154296875,1.23838444851572,0.566924247890711,0.00737667130306363,0.0302554038353264,0.00404040387365967,0,0.080194408132229,0.0553549927426502,0.0985386215616018,0.0454545468091965,2.51807219535112,0.102325583575293,0.00355309896986,0.00321913076913916,0.0016615895438008,0.00408282305579633,0.00457856396678835,0.00985610095085576,0.000609198876190931,0.0017921146354638,0.000843407353386283,0.000419023679569364,0.000831946730613708,0,0.0189043211285025,0.0176803398062475,0.00407331982569303,0.00561454892158508,0.00298507453408092,0.0027629760443233,0.00184399774298072,0.000616332807112485,0.000649350637104362,0.00134378497023135,0.00412938755471259,0.00195982353761792,0.00429760944098234,0.00729108281666413,0.0069138907128945,0.0237571492907591,3.14571651228471,0.850449045421556,0.270793028175831,0.141685306443833,0.0689045941689983,0.240072200656869,0.434310548007488,0.325920537114143,0.00784313771873713,0.0165593371493742,0.0137174213887192,0.00443786979303695,0.775263022631407,0.0503461295738816,0.0118648937495891,0.0074428494554013,0.239416053635068,0.0400414218893275,0.0129795211250894,0.00421052612364292,0.285714295925573,1.11581565439701
0.0023504831478931,0.0114379082224332,0.00492994309752248,0.0207134638912976,0.0228526399005204,2.90490790782496,0.00097238429589197,0.00947603097301908,0.0302013424225152,0.0917638224782422,0.0014886490534991,0.00292226759484038,0.00177872643689625,0.00859774844138883,0.00988875166513026,0.639018432470039,0.00453172205016017,0.0199757877853699,0.00573770492337644,0.0281065092422068,1.6526845714543,0,0.00779960991349071,0.0121138704707846,0.243443825980648,0.832487292587757,0.162872151006013,3.96168236428639,0.0335246851900592,0.171799807227217,0.806441953871399,0.786039477097802,0.0086402909073513,0.0201941751874983,0.0129449833184481,0.0309119001030922,0.0276789237977937,0.551508046686649,0.0448065169621259,2.83379697648343,0.00568181835114956,1.9559471856337,0.00624268455430865,0.013154910353478,0.00381367467343807,0.007451991958078,0.010688592097722,0.0241574121173471,0.000598265032749623,0.00410798127995804,0.00167270691599697,0.00248292979085818,0,0.00154858687892556,0.00305110611952841,0.116515048022848,0.00214107295323629,0.00872410013107583,0.00126315787201747,0.00234055006876588,0.0003647638077382,0.00544629350770265,0,0.00441988959209993,0.00134861771948636,0.00338000975898467,0.00879296593484469,0.0211345930583775,0.00863664376083761,0.0300042860908434,1.32369040691992,2.28767639491707,0.0355387515737675,0.416484322864562,0.0184563759248704,0.556506845168769,0.287637262139469,0.39243666396942,0.00370370363816619,0.0156931125093251,0.00154948676936328,0.0126099711633287,0.00375351891852915,0.174181597307324,0.000570830568904057,0.0143687271047384,0.00189125293400139,0.365911411179695,0.00142979697557166,0.0120104437810369,5.2104662777856,0.47276939637959
0.0312093640677631,0.0139509365253616,2.86961816767871,0.5330024707946,0.305293610610534,0.0578337258193642,0.679278928029817,0.378515362914186,0.0766764971485827,0.0225414913729765,0.0239447057247162,0.0398325223941356,0.185920080752112,0.274174763122573,0.0663847798423376,0.0202318229712546,0.00917772497632541,0.00435829808702692,2.31063617381733,0.388062449928839,0.00847585930023342,0.00779960991349071,0,3.63985342218075,0.829209222312784,0.0617045885883272,0.171191072236979,0.0145598946255632,0.123439102622797,0.0833768697775668,4.43065689923242,1.9839265756309,2.55212475440931,0.420634172711289,0.104022988118231,0.0247428821458016,0.0133434038143605,0.00878514023497701,0.004320203413954,0.00144735255162232,0.00370885489974171,0.00213740454637446,0.000189735321328044,0.000203583054826595,0.00132071317057125,0.000898472615517676,0.00116731517482549,0.00265453165047802,0.000228362638154067,0.000906721048522741,0.00127095088828355,0.00019516002794262,0,0,0.000938174343900755,0.00197646213928238,0.0269136173010338,0.0111208665184677,0.0116084603068884,0.00132802124426235,0.00220223888754845,0.00229357799980789,0.00350672111380845,0.00503018090967089,0.000238635009736754,0.00167416548356414,0.0708923483907711,0.0293487747694599,0.143005662990618,0.0472379963030107,0.112630129326135,0.526630160980858,0.0588089352822863,0.0416819920064881,0.0118056611681823,0.0127601396525279,0.0738043212331831,0.0827451911754906,0.000923787534702569,0.00365742144640535,0.00586122121603694,0.00245198192715179,0.0109150021307869,0.00208020344143733,0.00401858612895012,0.00147849465429317,0.000796812790213153,0.00238891545450315,0.000805866729933769,0.000611854658927768,0.044804576667957,0.033131571020931
0.00369750872778241,0.013761883310508,0.488561656762613,4.52538128547894,0.101939415209927,0.771596130274702,0.197640335478354,1.00601450406248,0.0663927673595026,0.0921383633103687,0.00626174092758447,0.0715990459138993,0.0787300248048268,0.460750055150129,0.0498321705963463,0.100565840577474,0.00283509204746224,0.00456816563382745,0.202540492624394,1.03809417563025,0.0179848769912496,0.0121138704707846,3.63985342218075,0,0.384830467955908,0.327452595432987,0.0895572263980284,0.02191405557096,0.0732373383652885,0.194221707701217,1.5009923169855,2.08576327934861,0.159031987888739,0.108914249314694,0.0190621431102045,0.00360360360355116,0.00481540948385373,0.0127918133512139,0.00649772584438324,0.00334499005111866,0.00126129909767769,0.00496277923230082,0.00135946524096653,0.00147965474752709,0.000271296798018739,0.000556328217498958,0.00256829321733676,0.00384876622410957,0,0.000844000547658652,0.00018390805053059,0.00070307006535586,0,0,0.000894354365300387,0.00318572783726268,0.00280806070077233,0.00568847238901071,0.000709975138306618,0.000679655655403621,0.000653310111374594,0.00199828724726103,0.000584709865506738,0.00364697305485606,0.00029998499667272,0.000510008947458118,0.0130275716946926,0.00679335348831955,0.0184358339756727,0.01093801780371,0.0881930014584213,1.17715911750565,0.0264733687508851,0.12820115237264,0.0102186801086646,0.0205380987608805,0.0864500316674821,0.112853626342257,0,0.00123762380098924,0.00203068590781186,0.00285144007648341,0.00695853866636753,0.0135466206993442,0.00112580915447325,0.00470909915748052,0.00137551582884043,0.00630820050719194,0.000374006544006988,0.00140832678880543,0.0419213986024261,0.06967572341091
