0,0.0109994309605099,5.84890213119797,0.0254280377703253,0.00116959062870592,0.00113895221147686,6.32304818733246,0.0120156200136989,0.0159621632192284,0.00058055151021108,4.9725353368558,0.00689838145626709,3.25898668088485,0.009244279935956,0.151689604099374,0.00100578321143985,2.90300229121931,0.00535762112122029,1.10355915769469,0.110356906196102,0.0172771251527593,0.00138456211425364,0.0504560439730994,0.0166310285567306,0.00122324156109244,0.0018148819799535,0.00119617220479995,0.000619195052422583,4.70752223016461,0.00875912391347811,0.977649268228561,0.0181768111651763,0.855816225986928,0.149809375288896,0.0276497688610107,0.0134998315479606,0.307782334042713,0.00175849936204031,0.295034640177619,0.00903444364666939,0.542194081528578,0.00139130430761725,0.00310077526955865,0.000972762645687908,0.0015612801653333,0.000541271991096437,0.0378151261538733,0.00453309156000614,0.00478596141329035,0,0.024319629999809,0,0.00290528754703701,0,0.126444599154638,0.0401776279613841,14.5577538905782,0.00638977624475956,1.23518516332842,0.00136332650436088,0.98349107435206,0,1.1140496263979,0.00140023333369754,0.186431320151314,0.00049937580479309,0.265476647356991,0.0251643191440962,4.77006513811648,0.0417769949999638,1.1048271888867,0.0825975494808517,5.24868641467765,0.0138848712667823,1.24296496401075,0.0207828189013526,0.733202125877142,0.062111800070852,0.0528144566342235,0.00138217001222074,0.552838214207441,0.00235109712230042,0.302714574616402,0.000540832872502506,0.68908351479331,0.00163853837875649,0.0386029425426386,0.00165700080106035,0.0932821514143143,0.000729926978237927,0.0962643674574792,0.114347358816303
0.0109994309605099,0,0.0117714067455381,3.06491724553052,0.001207364955917,0.0370044062146917,0.00564705894794315,4.26377666450571,0,0.0209706419263966,0.00119331746827811,8.20808261580532,0.00133008204284124,1.88246443262324,0.00051440327661112,0.0583979304064997,0.0142984804697335,4.30115809035487,0.208568734320579,2.38609858887503,0.00717617513146251,0.025161754747387,0.0336900510592386,0.0443686008220538,0.000632311101071537,0.0168802755069919,0.00185356813017279,0.00960614823270589,0.0241736552561633,1.55033725261455,0.0638528137933463,0.152667430811562,0.247427851660177,1.14613971015206,0.0341180479153991,0.0294117653975263,0.00604047090746462,0.0357034796616063,0.0119154003914446,0.0122270741849206,0.00146145420148969,0.0187861267477274,0.00680580764310434,0.0284644208732061,0.00642398279160261,0.0323299897136167,0.00718218827387318,0.0134727058466524,0,0.0162822258425876,0.00157666532322764,0.0172125273384154,0,0.00361772684846073,0.00510914993355982,0.0783210716035683,0.0219621964206453,11.3935231115902,0.0242107764061075,0.0992081958102062,0.00225428317207843,0.424699638970196,0.00397388584678993,1.5347055979073,0.00227337307296693,0.243201650446281,0.0817988012568094,0.341126879502553,0.187098573660478,2.03219935210655,0.0612846217118204,1.54347823176067,0.017475143133197,0.970746238483116,0.017100106459111,0.826618697145022,0.146666659973562,0.834934494341724,0.00144352216739208,0.175098673207685,0.014252873690566,0.708825313980924,0.00282485882053152,0.0378724609035999,0.00445363437756896,0.376917954708915,0.00126702571287751,0.0159362545236945,0.00117577897617593,0.0606737394700758,0.642510291654617,0.131637999787927
5.84890213119797,0.0117714067455381,0,0.63329372392036,1.05096661811695,0.298916154541075,19.6927119721659,0.398977753444342,1.31003852048889,0.172143056988716,1.85693605756387,0.0228541058604605,4.69037302397192,0.175885212956928,1.92679868463892,0.0438176760217175,0.62232505902648,0.00912261876510456,8.42216584371636,0.681868030660553,0.0734072001650929,0.0104058271972463,6.77948308744817,1.37425652286038,0.349877463362645,0.345454547787085,0.115038949996233,0.0694789076223969,4.69410361163318,0.0735867451876402,10.3286811051075,0.94013797910884,4.65149283490609,0.66921175312018,0.141820586286485,0.0405816722195596,0.282532230834477,0.00645918963709846,0.28744939994067,0.0107466068002395,0.459478487027809,0.00209132098825648,0.00399201601976529,0.000487092067487538,0.00677612755680457,0.000542152323760092,0.0322580649226438,0.00499319125083275,0.000532623147591949,0,0.0231884059030563,0,0.00407450529746711,0,0.0871341023594141,0.0262544986908324,1.51591233498766,0.00604122260119766,0.445989787694998,0.00136518772342242,0.133127614797559,0.00108695647213608,0.146247240481898,0.00186959572602063,0.0325966835953295,0.000500125053804368,0.252091248898068,0.0300808413885534,1.78164045326412,0.0554081911686808,2.51845505047822,0.401711851358414,5.71754378842888,0.0770791111863218,1.79573591455119,0.0395695951301605,1.23852437396999,0.109728511539288,0.0111420610919595,0.00138504151254892,0.162210743583273,0.0058846604952123,0.286185113713145,0.00325027084909379,0.172510962554952,0.0032803017529659,0.0583179856766947,0.00221300148405135,0.0699461941840127,0.00146145420148969,0.0863930862396955,0.171531535685062
0.0254280377703253,3.06491724553052,0.63329372392036,0,0.0330033013597131,1.63681476988131,0.276246254274156,17.1832233957248,0.0486929801991209,1.31382440356538,0.0155857223435305,1.33722011811915,0.0689118172740564,3.41271159530152,0.0341160823591053,0.614323838410201,0.00954054773319513,0.19943555793725,1.85063601966249,8.89186027855612,0.0738353374181315,0.0997652596561238,2.63540206174366,7.26903538405895,0.0675640031695366,0.310588230611756,0.0445249818731099,0.128567619307432,0.0709401715430431,1.23871246882482,1.42480331342085,4.97831323591527,0.481891124451067,1.56247491843533,0.0342985657043755,0.0264215971110389,0.0177800355595537,0.0503688636235893,0.0376600568415597,0.0241319878259674,0.00713648507371545,0.0312315860646777,0.00754866900388151,0.0306629245460499,0.00504355793236755,0.0261034644790925,0.0224859456648119,0.0490772658667993,0,0.0222686156630516,0.00280701764859259,0.0137242666678503,0,0.00202891207300127,0.0117599347431678,0.0594512172974646,0.0165021834836807,0.396554539329372,0.0157057241885923,0.0491869907418732,0.00316080590710044,0.178834720281884,0.00385635090060532,0.317235634254757,0.00386007246561348,0.176834664307535,0.0739844428026117,0.223819309612736,0.294271453865804,0.713629425270483,0.295024889463093,5.91116648225579,0.0476552605396137,2.19064378616167,0.126420047075953,1.41045213711914,0.430814524996094,1.61487322614994,0,0.0421916213817894,0.0112540191039443,0.242930816690205,0.00480076821986586,0.0839459336420987,0.00289310002699494,0.145273325324524,0.00105736183468252,0.0439613515336532,0.00593471797765233,0.0336722777865361,0.999091731500812,0.513333336799406
0.00116959062870592,0.001207364955917,1.05096661811695,0.0330033013597131,0,0.41365978110116,0.26846528344322,0.00510855694301426,9.45467314578127,0.0511784490663558,0.0280186798190698,0,0.2866817075992,0.000844951428007334,4.57002448383719,0.0317302942276001,0.0146276591112837,0,0.00167014612816274,0.00306866131722927,0.152034259401262,0.0516684595495462,0.573128727846779,0.184081814659294,7.32366414600983,1.3610698110424,7.15751429088414,0.771653540432453,1.42480690591037,0.0241860470268875,6.61964187165722,0.409335710573941,0.00375234521925449,0.00160064024385065,0.00371057516895235,0,0.00548696843907237,0.0041322314646095,0.011968084727414,0.00379266764502972,0.0248868789058179,0.006557377288118,0.00469667336437851,0.000929368019569665,0.00106213486287743,0,0.00774526671739295,0.00163132138550282,0.00222098827362061,0,0.00558832642855123,0,0.00539811048656702,0,0.00326131260953844,0.00144456478301436,0.00324149115476757,0.000544365786481649,0.0144067794899456,0,0.00542005407623947,0,0.00119760481175035,0,0.00480192061513662,0,0.0030248032999225,0.00118870730511844,0.00115740741603076,0,3.59117459040135,0.0670535117387772,0.508867670083418,0.0106880431994796,0.0691823875531554,0.00862998887896538,0.0325610528234392,0.00252844509668648,0.0065359475556761,0,0.0688826600089669,0,0.311796099762432,0.00460299197584391,0.0446549383050296,0.00144822592847049,0.134969322010875,0.00481637567281723,0.00984615366905928,0,0.00485436897724867,0.00487210741266608
0.00113895221147686,0.0370044062146917,0.298916154541075,1.63681476988131,0.41365978110116,0,0.0632856520824134,1.00751565181417,0.22310231719166,16.9384911563247,0,0.0547080487012863,0.0312727264827117,0.312322072684765,0.0592383646289818,11.209104184527,0.0137844610726461,0.049329758156091,0.088459990802221,0.103001111187041,0.927875250577927,4.70127314329147,0.452968058176339,0.940623633563519,1.46362343570217,15.1835885115433,1.70731710735708,16.6842875692528,0.0348887918516994,4.11864394816803,3.0677001317963,6.51616558618844,0.0449640298029408,0.0679274406284094,0.0239316241350025,0.0712328755762428,0.0012903226306662,0.928756453329697,0.00877192977350205,4.17562710063066,0.00204918021336198,1.42403177241795,0.0317340383771807,0.0846702296985313,0.0243037976324558,0.0821018067654222,0.115066225058399,0.246855337405577,0.00105652399361134,0.0166320167481899,0.0018110474338755,0.00495458312798291,0,0.0167095115175471,0.000785854645073414,0.519398796895985,0.00263574067503214,0.0201805623946711,0.0138662317767739,0.00947493058629334,0.00224299065303057,0.00990099005866796,0.0022701476700604,0.0157219694228843,0.00227531278505921,0.0159101539757103,0.0429664487601258,0.108186288620345,0.0109890114981681,0.062704112380743,0.461726870620623,4.94217874016613,0.0269576387945563,1.84015103592537,0.0478011468658224,0.757605497259647,0.144464183133096,0.557945023174398,0.00396039616316557,0.00974658876657486,0.00617999210953712,0.145241036661901,0.0101180436322466,2.83606567711104,0.00441891286754981,0.182762693526456,0.00286532961763442,4.42555634910241,0.00119688804261386,0.152823921991512,0.344978171400726,0.208105156198144
6.32304818733246,0.00564705894794315,19.6927119721659,0.276246254274156,0.26846528344322,0.0632856520824134,0,0.216752585343784,0.946711235563271,0.0519023517845199,3.27779005092452,0.00862245968892239,9.42762274309644,0.0806778433034196,1.32548558071721,0.0106320138147566,0.311432331742253,0.00124095141654834,0.936045451555401,0.16616687134956,0.0575575567199849,0.00300676538608968,1.68025576233049,0.537375246291049,0.057639523933176,0.054900181654375,0.0445344143954571,0.0193905819905922,3.23427695583086,0.0253261696198024,4.90642201827723,0.397633641900029,0.89603388478281,0.197086861822754,0.0381642502325121,0.0123001227620989,0.121681415475905,0.00132919801399112,0.118265442433767,0.00387596909422427,0.138874815544114,0,0.0014242478646338,0,0.00364004052244127,0.000416927243350074,0.0111399928573519,0.00217627856181934,0.00205634380108677,0,0.0155976444657426,0,0.00396126753184944,0,0.0395285577687901,0.0106328247347847,1.08426961224177,0.00267220914247446,0.206934703543084,0.000726876256521791,0.318511950550601,0.000417710951296613,0.30262045445852,0.00259884903789498,0.0740270712412894,0,0.0590452254982665,0.0105803640326485,0.319415447011124,0.0217729393043555,1.4142950065434,0.162150447664317,2.57906362405629,0.0271989466855302,0.956673335283995,0.0100275757722557,0.692423265485559,0.032299742451869,0.00351758790202439,0.00100100098643452,0.231336562515935,0.00290041902917437,0.245104238565546,0.00125000003026798,0.347918881569058,0.00249826500657946,0.0535959696862847,0.000423459656303748,0.0399239540565759,0.000607718015089631,0.0272774073528126,0.065413341333624
0.0120156200136989,4.26377666450571,0.398977753444342,17.1832233957248,0.00510855694301426,1.00751565181417,0.216752585343784,0,0.00643638704787008,3.27122584494646,0.00548870611237362,4.28531806345563,0.0491858895111363,10.7050844348269,0.00493077939609066,1.23501428315649,0.0046393925731536,0.235082815197529,1.28847865661373,1.75534648122266,0.0460210936143994,0.0547156223910861,2.02270261477679,3.83306007564534,0.0246262087021023,0.173647471237928,0.0233665075502358,0.0567879341542721,0.0393454670265783,1.20675578864757,1.03286756947637,3.76410669906181,0.259217876242474,0.833536712016212,0.0217794255295303,0.0245225180406123,0.00766609859419987,0.0289978669025004,0.0160269925254397,0.0132780084386468,0.000970402732491493,0.0163737053517252,0.00448817521100864,0.023005565686617,0.00585823087021708,0.0277498485229444,0.0118662353488617,0.0260105454945005,0.000396904157241806,0.00828402340994217,0.00154822730110027,0.00431034481152892,0.000423728808527812,0.00170140364207327,0.00702864199411124,0.0582653592573479,0.0080691643524915,0.526620374293998,0.0075026793347206,0.0348652937100269,0.00206150149460882,0.161160354036838,0.00244498770916834,0.495416148158256,0.000815660692751408,0.0885860327398404,0.0461491463065613,0.129335146542871,0.1252517143148,0.315159300691448,0.172002513078041,3.99290045496309,0.0297619041521102,1.06145722841029,0.0744274811586365,0.514285710349213,0.229989662533626,0.666390048514586,0,0.0450623208307661,0.00732345250435174,0.410842980549205,0.00284263954381458,0.0510450152214617,0.00208550575189292,0.221650191175286,0.00176133867353201,0.0302102476125583,0.000616522796917707,0.0369931949535385,0.392909904127009,0.256713484122884
0.0159621632192284,0,1.31003852048889,0.0486929801991209,9.45467314578127,0.22310231719166,0.946711235563271,0.00643638704787008,0,0.0400552501669154,0.123119020136073,0,3.14154893858358,0,17.2232229725923,0.022222223225981,0.0627130218781531,0,0.00424088211730123,0.000778210116550326,0.100334450835362,0.0336322886869311,0.22623573965393,0.114828212652355,1.69049492711201,0.553093981696293,1.96436531329527,0.309813453233801,2.45933459739899,0.0113582583144307,3.02325584809296,0.27906977199018,0.00763723161071539,0.00162469537463039,0.00384245906025171,0.00207039341330528,0.0253342709038407,0.00282685505226254,0.0259032046888024,0,0.00708382506854832,0,0.00476568716112524,0.000945626467000693,0.0021668472327292,0,0.00961958925472572,0,0.0022675737272948,0,0.018216080206912,0,0.00415224919561297,0,0.00662251655012369,0,0.0120054568396881,0,0.0206629363819957,0,0.0125687355175614,0,0.0171463559381664,0,0.0110497236019,0,0.00367084750905633,0.0018028846825473,0.00473092822358012,0,2.42021268932149,0.0237780720926821,0.736179162282497,0.0082191783003509,0.314067598432302,0.0112359551712871,0.152564107323997,0.00517799332737923,0.00681044301018119,0,0.128455281606875,0.000643707753624767,0.672727277269587,0,0.0873322729021311,0,0.282557214843109,0.0012315270723775,0.0273887333460152,0,0.0127064797561616,0.015306122135371
0.00058055151021108,0.0209706419263966,0.172143056988716,1.31382440356538,0.0511784490663558,16.9384911563247,0.0519023517845199,3.27122584494646,0.0400552501669154,0,0.00262467190623283,0.0523445997387171,0.0245993285207078,0.833612033340614,0.014563107106369,11.6268361425027,0.00130804441869259,0.0367074511013925,0.0661157025024295,0.0813069918658584,0.208550575189292,0.352201245725155,0.368551892112009,1.17853998788632,0.266666669398546,4.34573309216648,0.278211500495672,1.51505788648501,0.0269541784655303,1.20643679238856,0.896145599428564,4.54834912437946,0.0333796930499375,0.0316957221366465,0.00906618312001228,0.00778210116550326,0.00134861771948636,0.0731211898382753,0.00784826651215553,0.166770384879783,0.00220022001303732,0.155319144017994,0.014728682115674,0.0202113003470004,0.0115303979255259,0.0136363632045686,0.0263942108722404,0.0581348394043744,0.00109529029577971,0.00538502936251462,0,0,0,0.00402955000754446,0.000807102478574961,0.0501073716441169,0.00268312316620722,0.0205460928846151,0.00335429771803319,0.00243308994686231,0,0.00228440901264548,0,0.0127659572171979,0,0.00386473420076072,0.0126088260440156,0.03067846596241,0.015972618944943,0.0382513650692999,0.174968067323789,3.17639587400481,0.00536552630364895,0.813403395819478,0.0551583271007985,0.300420183455572,0.10480887547601,0.168014939990826,0,0.0083420230075717,0.00237906421534717,0.0435468621435575,0.00116822426207364,0.626205327920616,0.000897062127478421,0.0302303254720755,0,0.409252679091878,0,0.0214386462466791,0.131919911131263,0.158392435172573
4.9725353368558,0.00119331746827811,1.85693605756387,0.0155857223435305,0.0280186798190698,0,3.27779005092452,0.00548870611237362,0.123119020136073,0.00262467190623283,0,0,11.1983689412591,0.00748129701241851,2.19479265762493,0.000972762645687908,8.79455569258425,0.00551876379176974,0.224322105583269,0.0347694638185203,0.0205549853853881,0.00206611561588943,0.082301978894975,0.0218531466089189,0.00296515948139131,0.00433213007636368,0.00421644409652799,0.00152788392733783,4.67946431186283,0.0063956145895645,0.490967050893232,0.0269005844602361,0.168585900741164,0.0527974783908576,0.0232766333501786,0.0153550859540701,0.12157649139408,0,0.0959170407149941,0.00246761250309646,0.145178764592856,0.00419287197291851,0.00848111003870144,0,0.0114464105572551,0.0011273956624791,0.0270842146128416,0.00080289039760828,0.0217391294427216,0.00106894713826478,0.0662576684262604,0,0.0197238667169586,0,0.0353130016010255,0.00569800566881895,3.28414861112833,0.00215459195896983,0.332638590771239,0.00161290320102125,0.555301313754171,0,1.48741956870072,0,0.178299127146602,0.000959692872129381,0.0621823640540242,0.0199764978606254,0.143746465910226,0.0175913389539346,0.449367091641761,0.0327044019941241,1.41129562282003,0.00911458360496908,0.559919435530901,0.00828157365322113,0.286063582403585,0.032078962540254,0.114942525979131,0,1.56545744423056,0.0037700281245634,3.35110072139651,0.00112549238838255,0.851330210454762,0,0.346984370495193,0,0.0887807860272005,0,0.0370799526572227,0.0744186043739319
0.00689838145626709,8.20808261580532,0.0228541058604605,1.33722011811915,0,0.0547080487012863,0.00862245968892239,4.28531806345563,0,0.0523445997387171,0,0,0.00266045890748501,12.8321060786257,0.000838926178403199,1.26880810654256,0.0129519696347415,10.6936851055361,0.539358620299026,1.12449251313228,0.0233826966723427,0.0344287946354598,0.0852625619154423,0.137798302050214,0,0.0235988199710846,0.00230813608504832,0.0111179742962122,0.0180392154143192,13.8959582769894,0.153284670319408,0.393069319194183,0.206368401646614,0.587780904897954,0.0476524156983942,0.0384615389630198,0.00221361382864416,0.0466407537460327,0.00323799240868539,0.00932159519288689,0.00162205996457487,0.0379746844992042,0.00619834719691426,0.0319872051477432,0.0107526881620288,0.0335892505245283,0.0119715677574277,0.0314173507504165,0.00186046515591443,0.0155891790636815,0.00224089645780623,0.00821201968938112,0,0.00441257562488317,0.00214132759720087,0.0711994892335497,0.012342631816864,1.88118322985247,0.0155038765515201,0.0537634390639141,0.00341064122039825,0.203373493277468,0.00594353629276156,0.928945430321619,0.000992555869743228,0.0843776121619157,0.0738714073668234,0.241787818376906,0.159845931339078,0.749440719373524,0.0603174611460418,1.6378946620971,0.0231404966907576,2.4268689006567,0.0214888711925596,0.639498417265713,0.0822199415415525,0.44950803485699,0.00473559577949345,0.980514413793571,0.0140548136550933,0.85485259804409,0.00196463661268353,0.226161950733513,0.00669036153703928,0.284505795221776,0.001209921319969,0.027860697824508,0.00111141987144947,0.0434220721945167,0.465473152580671,0.111111112055369
3.25898668088485,0.00133008204284124,4.69037302397192,0.0689118172740564,0.2866817075992,0.0312727264827117,9.42762274309644,0.0491858895111363,3.14154893858358,0.0245993285207078,11.1983689412591,0.00266045890748501,0,0.0218793822568841,12.681719934335,0.00497667165473104,1.81939297600184,0.00201952212955803,0.198163086082786,0.0341655730153434,0.0544090056791902,0,0.481439295050222,0.154337100218982,0.0510366819798946,0.0345911937765777,0.0464755995199084,0.0113452186342329,7.01853515999392,0.0131421739934012,1.56527460901998,0.128964794275817,0.242042047902942,0.0378685403848067,0.0228471003938466,0.00726942298933864,0.145331319887191,0.00150943396147341,0.136935598275159,0.00215827336069196,0.127761763753369,0.000946521526202559,0.0170530248433352,0.00119402981363237,0.00778967840597034,0,0.0522430422715843,0.00219178083352745,0.0193397796829231,0,0.08508712251205,0,0.0208955225534737,0,0.062448646989651,0.00806654896587133,1.65591836647945,0.00205254516913556,0.26419336150866,0.00109920313116163,0.600370286847465,0.000683994556311518,1.15481171803549,0.000567697978112847,0.152932956407312,0.00061671290313825,0.0550621681613848,0.00964277907041833,0.11209842376411,0.0136518770596012,1.93939396552742,0.0487449966021813,2.42192198056728,0.00742115022148937,1.12267656764016,0.00470588245661929,0.737030385644175,0.0302158270496875,0.0264650289900601,0.000938086304813623,1.11231394170318,0.00414555493625812,2.65649913437665,0.000681198900565505,1.23046878667083,0.00149784679524601,0.494804155954625,0.00069954531500116,0.148830938647734,0,0.0187932731350884,0.081228329334408
0.009244279935956,1.88246443262324,0.175885212956928,3.41271159530152,0.000844951428007334,0.312322072684765,0.0806778433034196,10.7050844348269,0,0.833612033340614,0.00748129701241851,12.8321060786257,0.0218793822568841,0,0.00203942897496745,1.96922032762086,0.00580671901116148,1.8052238948876,1.33858262270223,1.94649965967983,0.0239000548608601,0.041394334519282,0.933658537454903,1.54435993707739,0.0108254395890981,0.077230361464899,0.00960279331775382,0.0293982550501823,0.0238095240783878,9.60745831369422,0.672727255732752,2.61598140466958,0.234945712436456,0.701115675154142,0.0322418138384819,0.0314136128872633,0.00761099386727437,0.0356083087390289,0.0132725005969405,0.0144636402837932,0.00223338906653225,0.00987925368826836,0.00751010951353237,0.0228832944412716,0.00358422927092761,0.0227100681513548,0.0111420617904514,0.0309615957085043,0,0.00949251564452425,0.000968992244452238,0.00308928021695465,0,0.00168705184478313,0.00357142870780081,0.0642002158565447,0.00477326961117797,1.21370877779555,0.00673400668893009,0.0268817195319571,0.00171919766580686,0.154956326354295,0.00465657748281956,0.785891076666303,0.00233190832659602,0.0596205973997712,0.0550676482962444,0.142790263635106,0.147248577908613,0.491048600524664,0.137254903558642,3.89178189530503,0.0286557091167197,1.38851909339428,0.0386888785287738,0.484187547583133,0.194089453434572,0.492567305220291,0,0.24008691473864,0.00352526432834566,0.686744034290314,0.000771010003518313,0.0937618126627058,0.0011233850964345,0.244356432493078,0.00361827225424349,0.0303738308139145,0.000962232355959713,0.0393042685172986,0.422876935685053,0.180555556900799
0.151689604099374,0.00051440327661112,1.92679868463892,0.0341160823591053,4.57002448383719,0.0592383646289818,1.32548558071721,0.00493077939609066,17.2232229725923,0.014563107106369,2.19479265762493,0.000838926178403199,12.681719934335,0.00203942897496745,0,0.00462962966412306,0.605098616739269,0,0.0188552180770785,0.00251414207741618,0.392312807030976,0.00664893595967442,0.202760095358826,0.0601982994703576,0.820159155060537,0.155127544305287,0.6962736309506,0.0791327895130962,9.16282393655274,0.009541284176521,1.33085196412867,0.0997328609228134,0.0376800873200409,0.00455432676244527,0.018148819799535,0.00760456267744303,0.238071806030348,0,0.0702260715770535,0.000927213695831597,0.736120641580783,0,0.0338658140972257,0.000733406690414995,0.0195280713960528,0,0.0531217677635141,0,0.0328282820410095,0,0.123814536491409,0,0.0311132725328207,0,0.0785997383063659,0,0.153378540417179,0.000470698985736817,0.14514480996877,0.00132625992409885,0.0702976558241062,0,0.10423162614461,0,0.117804550565779,0.00152671756222844,0.0288585419766605,0.00862944184336811,0.0147633517626673,0.00893743790220469,3.6436673841672,0.0225776103325188,1.89024980203249,0.00868725852342322,0.427730524912477,0,0.282688771083485,0.0194714876124635,0.0321500329300761,0.00265076220966876,1.01367190520978,0.0026888947468251,9.88240521482658,0,0.728289091028273,0.00127172531210817,2.83874412579462,0.000894454366061836,0.323660125839524,0.000488400517497212,0.00571837043389678,0.0272206313675269
0.00100578321143985,0.0583979304064997,0.0438176760217175,0.614323838410201,0.0317302942276001,11.209104184527,0.0106320138147566,1.23501428315649,0.022222223225981,11.6268361425027,0.000972762645687908,1.26880810654256,0.00497667165473104,1.96922032762086,0.00462962966412306,0,0.00679281912744045,0.409442064876202,0.0758807603269815,0.130214922479354,0.274983223062009,1.13055179826915,0.0976000010850839,0.607270153239369,0.23460096004419,2.60851286863908,0.23802163079381,1.99890532204881,0.02102973125875,16.6538597702165,0.500000012107193,1.92549376341049,0.0446262548211962,0.0739528803387657,0.039143729954958,0.0525641042040661,0.00297766760922968,0.688899945933372,0.000970402732491493,1.38569426711183,0.00138792500365525,0.815217406488955,0.0745501283090562,0.178663720260374,0.0401639344636351,0.136998256202787,0.21450885781087,0.444001323310658,0.000848176423460245,0.0318124730838463,0.00423504505306482,0.0117769307107665,0,0.0227610081201419,0.000664451799821109,0.53698136220919,0.00751350075006485,0.0425431327312253,0.023311622440815,0.0186791198793799,0.00191082805395126,0.008760403143242,0.00179613835643977,0.0229007625603117,0.00269905541790649,0.0299769403645769,0.0776598521042615,0.218256001826376,0.0157549238065258,0.0861723457928747,0.190657773055136,2.79601515748072,0.015818091109395,3.92599815130234,0.0158835207112134,0.630727748852223,0.0947075192816556,0.652641429449432,0.00406779663171619,0.0912139471620321,0.0117878193268552,0.429613635933492,0,6.63180847419426,0.00480865559075028,0.397446801362094,0,3.48331835749559,0.000525348063092679,0.1976943751215,0.304127444978803,0.0885341070825234
2.90300229121931,0.0142984804697335,0.62232505902648,0.00954054773319513,0.0146276591112837,0.0137844610726461,0.311432331742253,0.0046393925731536,0.0627130218781531,0.00130804441869259,8.79455569258425,0.0129519696347415,1.81939297600184,0.00580671901116148,0.605098616739269,0.00679281912744045,0,0.0638414979912341,0.123001233441755,0.0241418331861496,0.0184049075469375,0.0102774926926941,0.0216249615186825,0.00436109898146242,0.00295420968905091,0.00431654672138393,0.00420168077107519,0.00608828011900187,5.46369712089654,0.105742934625596,0.137784840771928,0.0233236141502857,0.488970590056852,0.135273303370923,0.399286977946758,0.162368671735749,0.282290268223733,0.0360962573904544,0.10852713463828,0.00861008593346924,0.157327585620806,0.0166840460151434,0.413235867919866,0.00546448084060103,0.371562027139589,0.0123664977727458,0.118243246106431,0.0136217950494029,0.500812996644527,0.00639658863656223,0.654211303219199,0.00336983986198902,0.0851900421548635,0,0.100921106524765,0.0177746172994375,6.79284587170696,0.0204410966252908,2.05324453115463,0.0128772631287575,0.926532177429181,0.0124293788103387,3.1855309533421,0.0185732380487025,0.5532163673779,0.0258496887981892,0.74328355898615,0.234086233831476,0.387133192038164,0.156439655460417,0.586750778602436,0.0639498441014439,1.21854306664318,0.067488644272089,0.344689383171499,0.0597322375979275,0.859232145594433,0.348093474167399,1.60914762038738,0.0224948870018125,7.09720562701114,0.0401505641639233,3.7273251216393,0.0246913591399789,1.56275124696549,0.0195844279660378,0.397626110352576,0.0105571851599962,0.157255610276479,0.00336700351908803,0.117511520627886,0.0693641602993011
0.00535762112122029,4.30115809035487,0.00912261876510456,0.19943555793725,0,0.049329758156091,0.00124095141654834,0.235082815197529,0,0.0367074511013925,0.00551876379176974,10.6936851055361,0.00201952212955803,1.8052238948876,0,0.409442064876202,0.0638414979912341,0,0.0930576052051038,0.225342471734621,0.0192461907863617,0.0740740748587996,0.015972618944943,0.039032005588524,0.00492914346978068,0.0349608195247129,0.00117855041753501,0.0151610858738422,0.0867143984651193,16.268778280064,0.0519480523653328,0.130040318705142,0.407361971097998,0.620910377707332,0.264557878486812,0.25835866574198,0.00677583273500204,0.0657223800662905,0.00110071548260748,0.0147757255472243,0.00501253141555935,0.0521172620356083,0.0139470014255494,0.0365111563587561,0.0145719489082694,0.0986328125,0.0159271899028681,0.0419529820792377,0.00189214758574963,0.0195804195245728,0.0130164122674614,0.00681044248631224,0,0.00337647716514766,0.000723065808415413,0.0720311491750181,0.0498132023494691,4.30499126820359,0.0980172110139392,0.22803195414599,0.0214088406064548,0.139283967437223,0.0231971760513261,4.86732381395996,0.00707427994348109,0.130619169212878,0.295661780110095,1.04458949778927,0.0940715298056602,1.1883561151335,0.0938511290587485,0.997854075394571,0.0539628993719816,5.0596682773903,0.0157853192649782,0.549999991548248,0.121465969830751,0.4696569906082,0.0276198213687167,8.96391335874796,0.066192171361763,5.17095747427084,0.011000000522472,0.381277426844463,0.0261217606603168,0.269748660095502,0.00494743371382356,0.0303951383102685,0.00168397411471233,0.0453952542738989,0.48900614422746,0.0705467350780964
1.10355915769469,0.208568734320579,8.42216584371636,1.85063601966249,0.00167014612816274,0.088459990802221,0.936045451555401,1.28847865661373,0.00424088211730123,0.0661157025024295,0.224322105583269,0.539358620299026,0.198163086082786,1.33858262270223,0.0188552180770785,0.0758807603269815,0.123001233441755,0.0930576052051038,0,13.640315948287,0.0395933639956638,0.0160944205708802,10.1715115900151,1.60489948029863,0.0151447661919519,0.0491012716665864,0.0163863739580847,0.0154195013456047,0.569515294453595,0.400000015681144,4.76385876373388,3.21258624328766,18.5236390837235,10.7216075372417,1.08097372204065,0.399380823830143,0.0668616779148579,0.0326770003885031,0.0623206249438226,0.012713547796011,0.137438153615221,0.0172972977161407,0.00401146122021601,0.00907029502559453,0.00567778572440147,0.0104868914932013,0.00920527760172263,0.0236197235062718,0.00292397662997246,0.00289121782407165,0.0110683349194005,0,0,0.00166736135724932,0.0277449815184809,0.022138228348922,0.355833517096471,0.106313732248964,0.166312599787489,0.0136255929246545,0.0233086989610456,0.0225479149958119,0.0207293669809587,0.058895705267787,0.00461361010093242,0.0187919470481575,1.2284838364576,0.866046530078165,11.1475779004977,2.37236726284027,0.663974168244749,3.08849566528806,1.16451479319949,0.973684217780828,0.381154054775834,1.06229863036424,0.567930496938061,1.743345241528,0.00971397722605616,0.00963081826921552,0.0407925416948274,0.0769796509412117,0.0167810836574063,0.0179573516361415,0.0163903898792341,0.0358408824540675,0.00446627964265645,0.0184899852611125,0.0100358425697777,0.00718294037505984,1.04945995809976,0.461275645648129
0.110356906196102,2.38609858887503,0.681868030660553,8.89186027855612,0.00306866131722927,0.103001111187041,0.16616687134956,1.75534648122266,0.000778210116550326,0.0813069918658584,0.0347694638185203,1.12449251313228,0.0341655730153434,1.94649965967983,0.00251414207741618,0.130214922479354,0.0241418331861496,0.225342471734621,13.640315948287,0,0.0634310430614278,0.0452793842414394,1.66774195499602,1.74852775066392,0.0048840050585568,0.0449257912114263,0.00869221624452621,0.0264791063964367,0.0961768187698908,0.739460112759843,1.13244144263444,1.70120654767379,3.26684973551892,5.28195306513226,0.187865168030839,0.104186048731208,0.0483685229555704,0.0346287040156312,0.0588457183912396,0.0227189452270977,0.00590841961093247,0.0329776922008023,0.00648298230953515,0.014549863524735,0.00264026410877705,0.0208188750548288,0.0144050703966059,0.0194498477503657,0,0.00671366229653358,0.00366300367750227,0.00747771066380665,0,0.00229797017527744,0.0172222226392478,0.0454545473330654,0.0503196524223313,0.388301194645464,0.0450527509092353,0.0568561888067052,0.00965147442184389,0.0807518272195011,0.0141995027661324,0.145161290187389,0.00497689284384251,0.0983709267457016,0.655288555572042,0.732269480358809,4.856347685738,7.95282262400724,0.324404767947271,4.82060802687192,0.115575963631272,2.22163380787242,0.15135650098091,2.49083894316573,0.623906728345901,2.9989007699769,0.00581113784573972,0.0442095148609951,0.0219538970850408,0.158471218892373,0.00846859579905868,0.0582322357222438,0.00895896810106933,0.0748582214000635,0.00081599346594885,0.0277777776354924,0.00864225617260672,0.0124276833957992,2.24556056468282,0.730691029690206
0.0172771251527593,0.00717617513146251,0.0734072001650929,0.0738353374181315,0.152034259401262,0.927875250577927,0.0575575567199849,0.0460210936143994,0.100334450835362,0.208550575189292,0.0205549853853881,0.0233826966723427,0.0544090056791902,0.0239000548608601,0.392312807030976,0.274983223062009,0.0184049075469375,0.0192461907863617,0.0395933639956638,0.0634310430614278,0,2.43176176678389,0.0667416548239999,0.0800928618991747,2.36989791062661,3.21463414933532,0.692307707620785,1.30376343964599,1.30865667574108,0.282019699574448,4.05770676769316,2.35982539632823,0.0286425893427804,0.0314242283347994,0.0434782616794109,0.0461215917021036,0.304721029475331,0.0928725677076727,0.23721880838275,0.0909090936183929,2.16759770177305,0.308483289554715,0.0068999509094283,0.0369003682862967,0.00589535757899284,0.036393714370206,0.0456062271259725,0.0498442389070988,0,0.00765696808230132,0.00296846008859575,0.00554323720280081,0,0.010660981060937,0.0518941378686577,0.0811413293122314,0.0125944579485804,0.0088945358293131,0.0163576874183491,0.00417754566296935,0.00486144883325323,0.00500000012107193,0.0122377621009946,0.00333518616389483,0.00350877200253308,0.0118499009404331,0.0179856113390997,0.0493131385883316,0.0166389346122742,0.0613362565636635,6.34482777677476,3.72487805224955,0.704255296848714,0.933058745926246,1.02336445357651,1.97506241127849,1.15032680053264,0.93939396739006,0,0.00490196095779538,0.0182648396585137,0.0297937365830876,1.65891477232799,0.128712875302881,0.0230296823428944,0.0182471662410535,0.31362467771396,0.126872249878943,0.0425844340352342,0.0140280566993169,0.798657721839845,4.44067791337147
0.00138456211425364,0.025161754747387,0.0104058271972463,0.0997652596561238,0.0516684595495462,4.70127314329147,0.00300676538608968,0.0547156223910861,0.0336322886869311,0.352201245725155,0.00206611561588943,0.0344287946354598,0,0.041394334519282,0.00664893595967442,1.13055179826915,0.0102774926926941,0.0740740748587996,0.0160944205708802,0.0452793842414394,2.43176176678389,0,0.0240420736372471,0.0605355072766542,0.446726585738361,2.72392636863515,0.351699872408062,7.85385625297204,0.0275449106702581,0.779493531212211,1.17835361463949,1.98421056743246,0.0274828244000673,0.0396341448649764,0.0402193795889616,0.118644068017602,0.0345199555158615,0.581976134330034,0.0226104839239269,2.39771640859544,0.0339943338185549,1.42708337586373,0.0345849816221744,0.0925354688661173,0.0192307694815099,0.0930232536047697,0.0814277774188668,0.150963046471588,0.0031496062874794,0.0215219059027731,0.00371747213648632,0.00444691488519311,0,0.0064308678265661,0.0114464105572551,0.17694370157551,0.00441501103341579,0.0165447023464367,0.0185893921880051,0.0125654451549053,0.00487329438328743,0.00836820108816028,0,0.00891861785203218,0.00352422916330397,0.0369881121441722,0.0396396405994892,0.130557518568821,0.018379281857051,0.103524224832654,2.02574263745919,5.03137284656987,0.0470588244497776,1.24844722822309,0.297872340772301,2.33838383620605,0.377110694535077,0.71550902351737,0.0103359175845981,0.0049627791158855,0.0152594101382419,0.0750095658004284,0.00692041544243693,0.38276719849091,0.00256213155807927,0.0658914736122824,0,0.683185838162899,0.00514895195374265,0.0368016061838716,0.921501677948982,0.94482758268714
0.0504560439730994,0.0336900510592386,6.77948308744817,2.63540206174366,0.573128727846779,0.452968058176339,1.68025576233049,2.02270261477679,0.22623573965393,0.368551892112009,0.082301978894975,0.0852625619154423,0.481439295050222,0.933658537454903,0.202760095358826,0.0976000010850839,0.0216249615186825,0.015972618944943,10.1715115900151,1.66774195499602,0.0667416548239999,0.0240420736372471,0,12.2430938798934,3.67926398722921,1.03994799905922,1.38338145427406,0.299034290714189,0.337061501224525,0.339428282983135,11.8629754467402,7.31609856942669,5.92962476011598,1.47448018658906,0.461757383018266,0.171783627010882,0.0181761196581647,0.0226059656124562,0.0135928329546005,0.00784313754411414,0.00840657262597233,0.00377643504180014,0.00279850739752874,0.00308880326338112,0.000553097343072295,0.00519031123258173,0.00246487557888031,0.0124253288959153,0,0.00224403920583427,0.00524828411289491,0.000492247112561017,0.000622083956841379,0,0.00334448163630441,0.00799644616199657,0.0242870285874233,0.0229332348098978,0.0185682884184644,0.00479156675282866,0.00880444861832075,0.0046256142668426,0.00764031708240509,0.0147856090916321,0.00176522514084354,0.00370566442143172,0.247271289961645,0.140447230485734,0.313204277888872,0.241488020401448,0.321930370759219,1.70036548702046,0.203813696862198,0.302167185582221,0.110904354485683,0.114285715389997,0.228828834369779,0.342684778850526,0.00150886457413435,0.00449943740386516,0.0156028367055114,0.0196842318400741,0.029239765717648,0.0144050703966059,0.0113507382047828,0.00953029305674136,0.00921962433494627,0.0123747793841176,0.00441501103341579,0.0030458786059171,0.124364490620792,0.137823022902012
0.0166310285567306,0.0443686008220538,1.37425652286038,7.26903538405895,0.184081814659294,0.940623633563519,0.537375246291049,3.83306007564534,0.114828212652355,1.17853998788632,0.0218531466089189,0.137798302050214,0.154337100218982,1.54435993707739,0.0601982994703576,0.607270153239369,0.00436109898146242,0.039032005588524,1.60489948029863,1.74852775066392,0.0800928618991747,0.0605355072766542,12.2430938798934,0,1.81324437871808,1.14847773243673,1.25540729169734,0.397280223260168,0.109698993852362,0.571622983552516,3.41033438779414,5.78861775342375,0.64635397400707,0.367396590765566,0.0921264044009149,0.0245535725262016,0.00712060509249568,0.0142793394625187,0.0183166157221422,0.00674820737913251,0.00717274378985167,0.017605634056963,0.00299043051199988,0.00952057121321559,0.000748503021895885,0.00871632358757779,0.00449726940132678,0.0160444300854579,0.00077220075763762,0.00228920252993703,0.000997506198473275,0.00192369357682765,0,0.000887705304194242,0.00431832188041881,0.0174255195888691,0.00578935648081824,0.0246470978891011,0.00444585568038747,0.00557275547180325,0.00237247929908335,0.00477137183770537,0.00162667746189982,0.0218368661589921,0.00162932788953185,0.00635144684929401,0.0366300388122909,0.0418873374292161,0.0754866900388151,0.091561941197142,0.189699573034886,2.61794874019688,0.0620842591160908,0.61767280229833,0.0837636252399534,0.188811192987487,0.219614418572746,0.357654991094023,0.00117164617404342,0.0104468950303271,0.00304321350995451,0.0340706837014295,0.00646203570067883,0.0348239012528211,0.0034462951880414,0.0166261146368925,0.00286669854540378,0.0195918367244303,0.00148551614256576,0.00649802724365145,0.19466832280159,0.228571424260736
