0,0.0109489046735689,4.70238106296165,0.0233581578650046,0.00944444467313588,0.00168586685322225,6.28000006068032,0.0153645455138758,0.0292935098404996,0.00221668044105172,6.78445446986007,0.00763164600357413,2.81840901487158,0.0101612544676755,0.264727271336596,0.000964320148341358,3.26344982278533,0.00676027016015723,1.94631160926656,0.0679506611486431,0.0344941962976009,0.00133288907818496,0.0634107920341194,0.022854679467855,0.00240168115124106,0,0.00229819025844336,0,2.96563082953799,0.014035087369848,0.816294788673986,0.0277563622221351,1.62095668382244,0.20116227096878,0.0239294701023027,0.00261437916196883,0.236649798287544,0.00280820007901639,0.238706087227911,0.0156587468809448,0.525752494926564,0,0.00482985729468055,0.00186567159835249,0.0075642965384759,0,0.0261026109219529,0.00387680387939326,0.00656068610260263,0,0.0560265383683145,0,0.00960451998980716,0,0.0707048951881006,0.0564432439859957,15.5249698378029,0.00887372001307085,0.627870664000511,0.000879700877703726,1.98515370720997,0.00155239325249568,1.77030955877854,0.00273660197854042,0.236077812674921,0.000954426126554608,0.425249185413122,0.0139194141956978,6.77407749032136,0.0480093656806275,0.681288152933121,0.0825309514766559,3.10358137759613,0.0245398781262338,0.586436151643284,0.0324933681404218,0.436681229621172,0.0476712331292219,0.0751930177211761,0.00596026499988511,0.828984266496263,0.00337711069732904,0.539384429226629,0.000512689060997218,0.647706955351168,0.00220994473784231,0.0445356003474444,0,0.109131818666356,0.000355808588210493,0.128965521114878,0.18676774459891
0.0109489046735689,0,0.0200788811780512,4.22618622359005,0.000577034021262079,0.0140145979821682,0.0104358500684611,4.51618639170192,0.000597371545154601,0.0241726606618613,0,4.47353198152268,0.00214224506635219,1.48782149574254,0.00100225512869656,0.0199302448891103,0.0103686635848135,2.06249999231659,0.330935259349644,2.00713173302938,0.00485942396335304,0.00348796660546213,0.0784789670142345,0.0781527548097074,0.0025023459456861,0.0065359475556761,0,0.00120373151730746,0.0199319402163383,0.682443854369922,0.0779569908627309,0.154378489241935,0.261748126882594,1.2682027798146,0.0473372801207006,0.0246069710701704,0.00408878491725773,0.120221771998331,0.0191193505888805,0.0156862752046436,0.00350140064256266,0.00631800619885325,0.00316670432221144,0.0168512277014088,0.00208768271841109,0.0135841167066246,0.00278422271367162,0.0168551787501201,0.000522329588420689,0.043271767674014,0.0011337868636474,0.0184842885937542,0,0.0023188404738903,0.00133185350568965,0.0712913555908017,0.0176684566831682,12.5637445837492,0.00873362441780046,0.356673475034768,0.00480244480422698,1.2827659957693,0.0043895747512579,1.61891319687129,0.00165791652398184,0.442691653966904,0.33800151431933,0.725873074232368,0.766047748969868,2.40036554716062,0.0420991911087185,1.30077120428905,0.010297482367605,1.06083427055273,0.00208768271841109,0.829285189684015,0.105382437002845,0.49146756157279,0.00140597543213516,0.207207202853169,0.00666222520521842,0.494996135297697,0.0016216216608882,0.0387576310313307,0.00303859007544816,0.348975966859143,0,0.0160044149961323,0.00269282556837425,0.130490253621247,0.267534349113703,0.13005780056119
4.70238106296165,0.0200788811780512,0,0.581751565565355,1.52947536343709,0.189773038495332,19.1976889447833,0.411319127393654,0.527374286204576,0.139735634438694,1.03381639870349,0.0382228848757222,2.70530612103175,0.130594592483249,0.555055649485439,0.0400376821926329,0.239740814315155,0.00456389441387728,7.82948724602466,0.330154684605077,0.0642467057332397,0.013552758784499,5.59389472240582,1.23606421911973,0.228638091124594,0.157309614063706,0.0379994413815439,0.044444446277339,2.36769447059487,0.0965012593369465,7.58704472519457,0.585109046311118,6.46702301781625,0.284776908141794,0.0562003683298826,0.0120329320780002,0.111050329520367,0.00710576632991433,0.113463630666956,0.00999473966658115,0.275259060435928,0.00129827973432839,0.000859660445712507,0.000455996341770515,0.00541338580660522,0.000492610852234066,0.00924702803604305,0.00379666738444939,0.00147746864240617,0,0.0173787111416459,0,0.00329851568676531,0,0.0278657387243584,0.0296929017349612,0.878934244683478,0.00772071164101362,0.17804931406863,0.00301399355521426,0.118013709783554,0.00302800897043198,0.127933968324214,0.0102609859313816,0.0254479359136894,0.000466309167677537,0.193981141783297,0.0111550920992158,1.23888059274759,0.0307342051528394,0.95189191494137,0.523975345655344,1.90987124107778,0.0950054323766381,0.465550567489117,0.0500963400118053,0.338649650220759,0.0725720366463065,0.00974975642748177,0.00256574735976756,0.12375923912623,0.0062638174276799,0.163275688479189,0.0110027511836961,0.0815967119997367,0.00497435079887509,0.0262033605249599,0.00674273894401267,0.0346160918707028,0.00279769184999168,0.075383590941783,0.152666665031575
0.0233581578650046,4.22618622359005,0.581751565565355,0,0.0467385703232139,3.13521947013214,0.455933179298881,16.5783399669454,0.0529661017935723,2.31514207588043,0.0183579814620316,1.50295858838945,0.0985086366999894,2.49948151467834,0.0271554646315053,0.49707339098677,0.00923076889012009,0.205314004415413,2.6558654702967,9.2272633172106,0.0658809327869676,0.173596363281831,2.55994048446883,7.82643932907376,0.105931039899588,0.64048498403281,0.0397350973798893,0.13436416676268,0.0959929577074945,1.18362882360816,1.54387655749451,3.56750308492337,0.613151133409701,1.58515101409284,0.0449567728210241,0.0310077513568103,0.00986500561702996,0.122438391670585,0.0304123722598888,0.0420210119336843,0.00426309398608282,0.0164784863591194,0.00453701784135774,0.0296813611639664,0.00422535222605802,0.0253759404877201,0.00759814283810556,0.0413206393131986,0,0.0237079191720113,0.00139860145282,0.0100925147999078,0.000521648384165019,0.00103145954199135,0.00283802961348556,0.0645413651363924,0.0177390741009731,0.806629848433658,0.00334798078984022,0.0941954136360437,0.00319425039924681,0.364029817545088,0.0034372698282823,0.370592004881473,0.00148257968248799,0.154738011653535,0.184873953927308,0.316649281157879,0.82467840766185,0.921832883614115,0.222792615531944,5.99949082511012,0.0290519865229726,2.15515471895924,0.0133252568775788,1.34138977853581,0.254168772255071,1.00202837353572,0.000611060182563961,0.0905250431969762,0.00932873648707755,0.241820765659213,0.00436046510003507,0.156376641709358,0.00485021411441267,0.189772209501825,0.00053951982408762,0.105626857024617,0.00142171676270664,0.0679628059733659,0.432060124003328,0.29849812790053
0.00944444467313588,0.000577034021262079,1.52947536343709,0.0467385703232139,0,0.280906138010323,0.418895613431232,0.0143295807356481,9.77247942751274,0.159247650997713,0.0508054533274844,0,0.426829270727467,0.000795861531514674,4.16106105688959,0.0328022497706115,0.0565326627111062,0,0.00389408087357879,0.00153433065861464,0.0559440543875098,0.0303951383102685,1.00652743061073,0.138719507027417,1.29992402438074,0.448183034313843,0.455351071897894,0.237006232026033,0.908683955785818,0.0176912872120738,4.27826067432761,0.152370806550607,0.0101010098587722,0.00325203244574368,0,0.00191204587463289,0.0284974086098373,0,0.0203562341630459,0,0.0266393427737057,0,0.00157418334856629,0,0,0,0.011522633722052,0,0.0010261673014611,0,0.00644783099414781,0,0.00917431223206222,0,0.00838095229119062,0,0.0118160802521743,0,0.00485633360221982,0,0.0118474643677473,0,0.00793201138731092,0,0.00805060402490199,0,0.00293772027362138,0.000580383057240397,0.00105820107273757,0,1.50503772485536,0.032078962540254,0.231435639900155,0.00636132317595184,0.217303815297782,0.00199600798077881,0.0242424244061112,0.00244498788379133,0.0165803115814924,0,0.0831109439604916,0,0.519780243863352,0.00529941695276648,0.0489153547096066,0,0.112937816069461,0.00458715576678514,0.0150647785631008,0.000554477388504893,0.00451467279344797,0.0630630645900965
0.00168586685322225,0.0140145979821682,0.189773038495332,3.13521947013214,0.280906138010323,0,0.13231773301959,0.959124717192026,0.235458995215595,17.5341057321057,0.00254291156306863,0.018123667803593,0.0378594845533371,0.0469255679054186,0.0328502407064661,6.12804592389148,0.0038684718310833,0.0189838070655242,0.0277008305420168,0.025720966339577,0.962500050198287,7.93868910870515,0.397618260816671,0.926054953597486,2.71159868105315,15.6429068029393,0.917251044418663,16.5691873349715,0.0492476049112156,2.5018018623814,3.06948299950454,3.93137245473918,0.0462526754708961,0.0463001225143671,0.0374665466370061,0.0378109470475465,0,0.942895114421844,0.0104506853967905,5.46027891244739,0.00641711242496967,1.75646551069804,0.0063999998383224,0.0447828031610698,0.0125588695518672,0.0146827478893101,0.0108832144760527,0.0788253452628851,0.00104821799322963,0.00963081826921552,0.000593295786529779,0.00332363927736878,0,0.00130804441869259,0.0023219813592732,0.358900133520365,0.000519210821948946,0.0115637324051932,0.000823045265860856,0.00561797752743587,0.000751879706513137,0.0165745848789811,0.00116009276825935,0.00429184554377571,0.00117785634938627,0.0112359551712871,0.0481712742475793,0.0798825277015567,0.0248783121351153,0.0308596616378054,0.698125425260514,4.45822787820362,0.00761904730461538,0.866100552259013,0,0.861602540127933,0.0894965808838606,0.715987470233813,0,0.0103626947384328,0.00387296662665904,0.0396946558612399,0.0134907248429954,1.71505958470516,0.000858184939716011,0.107009349070722,0.00294550810940564,4.11861419223715,0,0.126752670505084,1.17159762536176,0.0873671758454293
6.28000006068032,0.0104358500684611,19.1976889447833,0.455933179298881,0.418895613431232,0.13231773301959,0,0.308506633155048,2.32403715199325,0.115392896113917,3.36277882230934,0.0181195896584541,12.1747174990014,0.085924861690728,1.69153270020615,0.0335648150648922,0.388625590188894,0.00532568615744822,1.72730510053225,0.161569736461388,0.0814613699913025,0.0123854348203167,2.06902192148846,0.767712369386572,0.0893061625538394,0.094797175261192,0.0482621223782189,0.0298241714772303,3.89023467432708,0.0508378824451938,4.32760744597181,0.378729442512849,1.11610761960037,0.16079854342388,0.0223171884135809,0.00830078125,0.134958643466234,0.00435066351201385,0.150584159768187,0.00886075955349952,0.237456543720327,0.000995272421278059,0.00536576655576937,0.00187828700290993,0.00199920032173395,0.000800320121925324,0.020072991901543,0.00316957215545699,0.000800160050857812,0.000403225800255314,0.0269266493269242,0.000363768631359562,0.0104895103722811,0,0.0271365641092416,0.0222032458987087,1.51289062562864,0.00841067256988026,0.166274229821283,0.000358230347046629,0.407581282197498,0.00326463975943625,0.48431984113995,0.00479616291704588,0.0676550437929109,0.00114788601058535,0.0889370908553246,0.00954433481092565,0.36153845503577,0.0175202160025947,1.16170766955474,0.346392633771757,2.29061292670667,0.0527909985394217,0.659742799005471,0.0320829238626175,0.402127652341733,0.0413999152369797,0.0189290168927982,0.0029585799202323,0.354662437690422,0.00471253515570424,0.314989743987098,0.00688677321886644,0.302631593251135,0.00217066891491413,0.0440548436017707,0.00500625791028142,0.0577798725571483,0.00120174256153405,0.0599593473598361,0.165566281066276
0.0153645455138758,4.51618639170192,0.411319127393654,16.5783399669454,0.0143295807356481,0.959124717192026,0.308506633155048,0,0.00964967461186461,3.41193303387263,0.0118054142803885,3.62845083576394,0.0650566800031811,8.83448055767803,0.0125693158479407,0.978464902611449,0.00613371477811597,0.253751709504286,1.1723197879619,2.36031150911003,0.0451162800309248,0.094260384561494,1.82901148931705,2.67837238730863,0.0441941074677743,0.241170321503887,0.00965169951086864,0.0522986071882769,0.0560274727467913,1.42769782809773,1.17260170954978,2.94165369356051,0.478590312472079,1.28043059469201,0.052902938274201,0.0220943614840508,0.00536857324186713,0.11968634207733,0.00944364632596262,0.0260573269042652,0.00374268996529281,0.00890346779488027,0.00205479457508773,0.0233267537259962,0.00495143767329864,0.0175338287372142,0.00628381903516129,0.0303643714869395,0.000381097546778619,0.0211172971467022,0.000298018188914284,0.0125282756052911,0,0.000410761975217611,0.00168804865097627,0.0576671054586768,0.011123470030725,1.2585023981519,0.00519930676091462,0.0922496568819042,0.00233333330834284,0.437669912236743,0.00315955770201981,0.718165774946101,0,0.179327983671101,0.176935703027993,0.302742771164048,0.36423203870072,0.547543074499117,0.156742382969242,4.41788607754279,0.0191251268261112,1.06713203483378,0.00652224547229707,0.526854221650865,0.166094163665548,0.541843960032566,0.000938086304813623,0.168176535051316,0.00405268475878984,0.448979598004371,0.00273490921244957,0.0998843065463006,0.00374953131540678,0.327559053897858,0.000425713078584522,0.0670235986472107,0.000906618341105059,0.10744280682411,0.19593787874328,0.164795796299586
0.0292935098404996,0.000597371545154601,0.527374286204576,0.0529661017935723,9.77247942751274,0.235458995215595,2.32403715199325,0.00964967461186461,0,0.109681784757413,0.205882356967777,0,4.04868918005377,0.00167014612816274,19.3216257810127,0.0287698429310694,0.156037994311191,0,0.00816326530184597,0.000803535571321845,0.0520951289217919,0.0138089759275317,0.329938888200559,0.128491620358545,0.336947454605252,0.269005849957466,0.234247599029914,0.13283018860966,2.21739135752432,0.0102659824769944,1.56562133459374,0.126208077301271,0.0124003540258855,0.0042698546894826,0.00574712629895657,0,0.039270686917007,0,0.0151306741172448,0,0.0209790214430541,0.00470035243779421,0.00990507658571005,0,0.00218102498911321,0,0.0198961943970062,0.000796495412942022,0.00218459847383201,0,0.0188221000717022,0,0.0184659096412361,0,0.0175508577376604,0.000744324526749551,0.0249006610247307,0.000536480685696006,0.0135996602475643,0,0.0255516835022718,0,0.0230722517007962,0,0.0333127687918022,0,0.00730371242389083,0.0018028846825473,0.00338600459508598,0,2.05170070845634,0.039920158451423,0.29238986573182,0.0041265474865213,0.084474882343784,0.00226244353689253,0.0313315931707621,0.00790513842366636,0.021251475205645,0,0.236327338032424,0.000625390850473195,1.38072852860205,0.00113058229908347,0.136998256202787,0,0.220140511519276,0.00369003682862967,0.0362386759370565,0,0.00260416674427688,0.0207792203873396
0.00221668044105172,0.0241726606618613,0.139735634438694,2.31514207588043,0.159247650997713,17.5341057321057,0.115392896113917,3.41193303387263,0.109681784757413,0,0.00369685760233551,0.0508826605509967,0.0328923844499514,0.321966690476984,0.0245283022522926,13.0639293375425,0.0112429736182094,0.022813688730821,0.0737291434779763,0.0718654458178207,0.233663373626769,1.01405618712306,0.4022128226934,0.814280303195119,0.799396695801988,4.49230757751502,0.218157185940072,1.3925620035734,0.037449844297953,1.65638770675287,1.69172522518784,3.55143179104198,0.0452830191934481,0.0639935176004656,0.0495303143979982,0.0246445494703948,0.00128783006221056,0.240359896444716,0.00759013253264129,0.314302515587769,0.00203045690432191,0.259713695384562,0.00784313713666052,0.0280332900583744,0.00509943929500878,0.0214614202268422,0.00984009867534041,0.0485216081142426,0,0.00833767559379339,0,0.0032560033723712,0,0.00126662442926317,0.00227790424833074,0.0653873505070806,0,0.022308690007776,0,0.00629425654187799,0.00147601473145187,0.00967741955537349,0,0.0151260505663231,0.00114416470751166,0.0109789569396526,0.0451215950888582,0.0694645475596189,0.0200105321127921,0.0411055983277038,0.256731378030963,3.71042943187058,0.00615384604316205,0.91967105853837,0,0.421364966081455,0.0747438210528344,0.425531895598397,0.00205338816158473,0.0295566511340439,0.00531914900057018,0.0499248125124723,0.00546746829058975,0.910337508656085,0.00382084472221322,0.0766743653803132,0,0.75755849853158,0,0.0414823007304221,0.232402227818966,0.100334450835362
6.78445446986007,0,1.03381639870349,0.0183579814620316,0.0508054533274844,0.00254291156306863,3.36277882230934,0.0118054142803885,0.205882356967777,0.00369685760233551,0,0.00411311071366072,12.4204549156129,0.00314836669713259,2.3852267715265,0,12.2246919102035,0.00215053767897189,0.25346688128775,0.0197343454929069,0.0505344993434846,0.00197044340893626,0.0789133254438639,0.0241327304393053,0.00148698885459453,0,0.0040133778238669,0,4.51989401970059,0.00436872011050582,0.480728045571595,0.0283464565873146,0.209650576114655,0.0369774913415313,0.0184873951366171,0.00186219741590321,0.0992366415448487,0.0012698412174359,0.0837499981280416,0,0.278884470462799,0,0.0108991824090481,0,0.00707070739008486,0.00101214577443898,0.0195280713960528,0,0.012139605358243,0,0.0430232556536794,0,0.0180180182214826,0,0.0301545416004956,0.0148252731305547,3.63172663375735,0,0.152861143287737,0,0.530597301432863,0,1.20580037520267,0.00250104203587398,0.161856256891042,0.00181405898183584,0.0705128220724873,0.00633275782456622,0.148070908384398,0.00979021016974002,0.28960395581089,0.0533656757324934,1.24209244758822,0.00374999991618097,0.356164380908012,0.0174757285276428,0.201430272893049,0.0216346161905676,0.26384692825377,0.00580270809587091,2.28064880380407,0.000598086102399975,3.27922077616677,0,0.465961957874242,0.00137962747248821,0.187806579517201,0,0.0717060081660748,0,0.0437636766582727,0.124454150442034
0.00763164600357413,4.47353198152268,0.0382228848757222,1.50295858838945,0,0.018123667803593,0.0181195896584541,3.62845083576394,0,0.0508826605509967,0.00411311071366072,0,0.00320615596137941,7.84458492795238,0.000819000822957605,0.52251521544531,0.0083203325048089,5.87702247942798,0.634701640810817,1.11368281720206,0.00600600615143776,0.0197268587071449,0.15729013615055,0.152961082407273,0.0036407767329365,0.00550357741303742,0,0.00338218698743731,0.0155945424921811,10.4058642750606,0.119760475936346,0.388586963759735,0.319172504357994,0.957362960092723,0.0897521752631292,0.0580973131582141,0.00213333335705101,0.0756123522296548,0.00420388858765364,0.00791687238961458,0.00153022189624608,0.00307692307978868,0.000696378818247467,0.0199616126483306,0.004380201571621,0.0166739795240574,0.00289750099182129,0.0141891895327717,0,0.0249888440594077,0.000534330727532506,0.0122346171410754,0,0.00105207785964012,0.000676589959766716,0.0369897951604798,0.0108901518397033,1.65621261595516,0.00285510346293449,0.0844972042250447,0.00791556760668755,0.37488542200299,0.00763358781114221,0.783863776072394,0.00193236710038036,0.133971290197223,0.155287809902802,0.242520524421707,0.33048176538432,0.612810130580328,0.0396039590705186,1.51536876778118,0.00513610662892461,1.85181292286143,0,0.733683425467461,0.0908632040955126,0.396542942617089,0.00308641977608204,0.933433089405298,0.00473933637840673,0.621332632319536,0.00278940028510988,0.0640216420870274,0.00119213189464062,0.23731729038991,0.00115606933832169,0.0221686746226624,0.00219178083352745,0.0690705957822502,0.184059163555503,0.0836751437745988
2.81840901487158,0.00214224506635219,2.70530612103175,0.0985086366999894,0.426829270727467,0.0378594845533371,12.1747174990014,0.0650566800031811,4.04868918005377,0.0328923844499514,12.4204549156129,0.00320615596137941,0,0.015074023976922,13.1971026506508,0.00839328556321561,2.63493192888563,0.00197758729336783,0.182493369560689,0.0257285386323929,0.0771675011492334,0.00365463690832257,0.48570088064298,0.184004176408052,0.0412862258963287,0.0297619053162634,0.0397152477526106,0.00831758015556261,7.64842851553112,0.0121282120817341,1.25969762098975,0.111724582035094,0.188373390643392,0.0480611664243042,0.0186125207692385,0.00177935941610485,0.166788061556872,0.0029101490508765,0.144917084311601,0.00345781474607065,0.159779613255523,0,0.0245792134664953,0.000575373996980488,0.0139505392871797,0.0012698412174359,0.0468061654828489,0.00156617065658793,0.00634719152003527,0,0.0654529689345509,0,0.0329912023153156,0,0.0449438220821321,0.0104816565290093,1.88616285304306,0.00118858958012424,0.119248575065285,0,0.448373022663873,0.000655093346722424,0.920795409358107,0.00111950736027211,0.121047262568027,0.00177567335776985,0.0638297855621204,0.00258175557246432,0.0989650720730424,0.01228878647089,0.891039396752603,0.0843074733857065,1.83605395862833,0.0194664740120061,0.672131143393926,0.0127041742671281,0.31206170853693,0.0281888642348349,0.0895246861618944,0.00181159423664212,1.24653592891991,0.00265604245942086,2.41561877483036,0.00194237614050508,0.643631449202076,0.00144848809577525,0.224529024912044,0.00135777320247144,0.0999778796103783,0,0.0258620683453046,0.132057414622977
0.0101612544676755,1.48782149574254,0.130594592483249,2.49948151467834,0.000795861531514674,0.0469255679054186,0.085924861690728,8.83448055767803,0.00167014612816274,0.321966690476984,0.00314836669713259,7.84458492795238,0.015074023976922,0,0.000658327830024064,0.275073496391997,0.00396982941310853,1.04385648854077,0.955078727391083,1.39898135326803,0.0103734445292503,0.0198537090327591,0.715610161889344,0.894959177006967,0.0062388590304181,0.0132614998146892,0,0.00421940931119025,0.0208794683567248,6.21518186206231,0.507408728124574,1.36661915341392,0.248259157524444,0.793032216723077,0.0382958352565765,0.0141915869899094,0.00566572253592312,0.042845594114624,0.00640256097540259,0.0122277420014143,0.00315291644074023,0.0021097045391798,0.00173010374419391,0.00937207136303186,0.00138937134761363,0.00904347799951211,0.000595770019572228,0.00956130522536114,0,0.0105745505425148,0,0.00414814805844799,0,0,0.00112612615339458,0.0251875656540506,0.00788381751044653,0.748795315390453,0.00235432595945895,0.0410404615104198,0,0.18070553871803,0,0.508793203858659,0.000750187551602721,0.0637886578333564,0.0826598912244663,0.128058543195948,0.242101522162557,0.366680989216547,0.0556660047732294,3.2158556538634,0.0141565084923059,0.96358542679809,0.00312337337527424,0.430274744867347,0.10011641588062,0.354272348457016,0,0.272115894593298,0.00225352123379707,0.275748285348527,0,0.0447761204559356,0.00106590872746892,0.136051824199967,0,0.015724447905086,0.000942063110414892,0.0427878247282933,0.232763364212587,0.116804411867633
0.264727271336596,0.00100225512869656,0.555055649485439,0.0271554646315053,4.16106105688959,0.0328502407064661,1.69153270020615,0.0125693158479407,19.3216257810127,0.0245283022522926,2.3852267715265,0.000819000822957605,13.1971026506508,0.000658327830024064,0,0.00526513735530898,1.09022199257743,0,0.0122858065296896,0.00255427835509181,0.252948894398287,0.00793650769628584,0.19225411961088,0.0603366128052585,0.0998914260417223,0.0666335127316415,0.367469865828753,0.0365853644907475,8.1094600953511,0.00430725049227476,1.23044400854269,0.0441298913792707,0.0441227145493031,0.0100502511486411,0.0142264380119741,0.001273074420169,0.289995165076107,0.00193050189409405,0.0658082992304116,0.000902934523764998,1.37508331239223,0,0.0365296811796725,0.00142908177804202,0.0129188532009721,0,0.0595600674860179,0.00126823084428906,0.0258690379559994,0,0.0726441452861764,0,0.0750853244680911,0,0.165714278875384,0.00300300307571888,0.146220007824013,0,0.0547396552283317,0,0.097334161400795,0.000841750821564347,0.14410480769584,0,0.0998233223217539,0,0.0325782634317875,0.00100730289705098,0.0107660455978476,0.00518941378686577,2.10506387427449,0.0279589940328151,1.45072393986629,0.00762994773685932,0.151415400905535,0.00523903081193566,0.105747127381619,0.00925497442949563,0.0711409423965961,0,1.01080046460265,0,8.16801680368371,0,0.654295026033651,0.000825423048809171,1.54781705862843,0.00176289118826389,0.317898038658313,0,0.00708717212546617,0.0297239905921742
0.000964320148341358,0.0199302448891103,0.0400376821926329,0.49707339098677,0.0328022497706115,6.12804592389148,0.0335648150648922,0.978464902611449,0.0287698429310694,13.0639293375425,0,0.52251521544531,0.00839328556321561,0.275073496391997,0.00526513735530898,0,0.00560747680719942,0.259663868055213,0.0372272154781967,0.0500792400562204,0.300839250674471,1.86319215106778,0.197674420836847,0.332282471936196,0.34745307918638,1.36873161233962,0.0893300282768905,1.59819185780361,0.0150970528484322,13.3499466755893,0.753768836148083,1.03752575302497,0.0526675808359869,0.0538563812733628,0.05730994080659,0.0401505641639233,0.00382409174926579,0.692124114721082,0.00943396240472794,1.54691690619802,0.00131233595311642,0.995385604328476,0.0110067981295288,0.0815024794428609,0.007999999797903,0.0432692313333973,0.0167897916981019,0.114573495462537,0.000800961162894964,0.0138323839055374,0.00151515158358961,0.0113484651083127,0,0.00188857410103083,0.000630318303592503,0.232031005958561,0.00270209420705214,0.0204824756656308,0.00198741297936067,0.0129827973432839,0.00307787006022409,0.0141725715366192,0.00259403366362676,0.01781432016287,0.00174901622813195,0.0198165132896975,0.0769230788573623,0.127190788392909,0.0229696473106742,0.0379487165482715,0.536516859428957,2.47395113826497,0.00462107214843854,1.90660380199552,0,0.643870992702432,0.0891719742212445,0.852564105938654,0.00264375424012542,0.106821108027361,0.00378429517149925,0.206004144623876,0.000844594615045935,5.47104741772637,0.00342857139185071,0.258780044387095,0,2.41884819231927,0.00206878711469471,0.119855598779395,0.722454673843458,0.0515320325503126
3.26344982278533,0.0103686635848135,0.239740814315155,0.00923076889012009,0.0565326627111062,0.0038684718310833,0.388625590188894,0.00613371477811597,0.156037994311191,0.0112429736182094,12.2246919102035,0.0083203325048089,2.63493192888563,0.00396982941310853,1.09022199257743,0.00560747680719942,0,0.0391730130650103,0.0551670563872904,0.0191350933164358,0.0397219462320209,0.00604229606688023,0.0228013025480323,0.00760456256102771,0.00151171581819654,0,0.0149355052271858,0.00276052439585328,5.2776786009199,0.0476400522748008,0.110509208869189,0.00955921376589686,0.643157000769861,0.1549067266169,0.441780818626285,0.328897335799411,0.418064532335848,0.124919516034424,0.152091253548861,0.0235849060118198,0.30549899674952,0.00205128197558224,0.163329405710101,0.120175441086758,0.235955065931194,0.127942679682747,0.111658457200974,0.0888045547180809,0.124808185966685,0.0271398753393441,0.468110013753176,0.00733496312750503,0.152741516707465,0.0038071065209806,0.117825924535282,0.066880114027299,3.31213134300197,0.0233644869877025,0.926120288844686,0.00945254042744637,1.71481338568265,0.0269251468125731,2.20553355524316,0.0235591088421643,1.0017191732768,0.032065964769572,0.797653989866376,0.266512159723788,0.291139226406813,0.0681818202137947,0.393977410858497,0.0565457886550575,1.81504311412573,0.0861850436776876,0.354000016814098,0.0634920671582222,1.0374395995168,0.643118178471923,3.79402695363387,0.031620554625988,8.70216832560254,0.0288982540369034,4.38882821518928,0.01584785990417,1.13338993862271,0.0452969716861844,0.378647689940408,0.00799999991431832,0.167819550493732,0.017160254647024,0.100896866060793,0.064876957796514
0.00676027016015723,2.06249999231659,0.00456389441387728,0.205314004415413,0,0.0189838070655242,0.00532568615744822,0.253751709504286,0,0.022813688730821,0.00215053767897189,5.87702247942798,0.00197758729336783,1.04385648854077,0,0.259663868055213,0.0391730130650103,0,0.0732054032851011,0.163336834113579,0.00481154769659042,0.0113544197520241,0.0338368592783809,0.0383275252534077,0.00255918106995523,0.00923787523061037,0.00116754230111837,0.00355239794589579,0.0701612892444246,15.0674113677815,0.050814957532566,0.105511068366468,0.472158671997022,0.478196596028283,0.38636364787817,0.253869961947203,0.00670391041785479,0.0803123284131289,0.00550055003259331,0.00929752027150244,0.00163666123989969,0.00493827159516513,0.00861141015775502,0.0285714289639145,0.0127388534601778,0.0401093889959157,0.00523168907966465,0.0306086947675794,0.00182232342194766,0.0528756961575709,0.00328048097435385,0.0215293250512332,0.00338600459508598,0.00110132154077291,0.00278648547828197,0.0524418242275715,0.0333413872285746,3.06842619460076,0.0213470743619837,0.120906804688275,0.0128944691969082,0.247019557980821,0.0228741909377277,7.04165092506446,0.00604534009471536,0.153528687078506,0.546301372756716,0.727518958388828,0.275280901696533,0.680825249059126,0.0643402371788397,1.08087839582004,0.0171858221292496,3.52145213086624,0.00161290320102125,0.549679494346492,0.119198306463659,0.411264607566409,0.00495458312798291,11.499999796506,0.0160334609099664,4.96574973757379,0.00193610845599324,0.0900140628218651,0.0133387226960622,0.318370915891137,0.00243161083199084,0.0201005022972822,0.0016830294043757,0.0695561935426667,0.151943464064971,0.0546737196855247
1.94631160926656,0.330935259349644,7.82948724602466,2.6558654702967,0.00389408087357879,0.0277008305420168,1.72730510053225,1.1723197879619,0.00816326530184597,0.0737291434779763,0.25346688128775,0.634701640810817,0.182493369560689,0.955078727391083,0.0122858065296896,0.0372272154781967,0.0551670563872904,0.0732054032851011,0,16.2591259359033,0.0231971760513261,0.0142204167786986,6.44933233450865,1.82861897785915,0.043497173464857,0.0194489462301135,0.0171498575946316,0.0107216492760926,0.28233830188401,0.323157561244443,2.47767537506297,2.96747122623492,10.5795114003704,9.85241112951189,0.251865665777586,0.117357003502548,0.0229612033581361,0.0213523126440123,0.0563821457326412,0.00374251510947943,0.0694586341269314,0.00205023074522614,0.00170309393433854,0.00491400482133031,0.00204498984385282,0.00477815693011507,0.00234466581605375,0.00886181090027094,0,0.00345781474607065,0.00227583062951453,0.00174927106127143,0,0,0.00942611560458317,0.0153155534062535,0.230974360281834,0.13960232239333,0.0463365204632282,0.0182076822966337,0.02878088504076,0.0409459924558178,0.0305788144469261,0.0733671304187737,0.00514516711700708,0.0120291232015006,0.391244861239102,0.184733517700806,9.31963772460585,2.03020135173574,0.327626459067687,3.04802147735609,0.399538093653973,0.967893501743674,0.0951417027972639,1.04334674309939,0.285714289173484,0.829640972544439,0.00102722132578492,0.0382293749134988,0.015533980447799,0.035830618289765,0.00856531038880348,0.0216103168786503,0.00738916234695353,0.0301716011017561,0.00251994951395318,0.00880410871468484,0.00651011394802481,0.010023970331531,0.473233398981392,0.233155084773898
0.0679506611486431,2.00713173302938,0.330154684605077,9.2272633172106,0.00153433065861464,0.025720966339577,0.161569736461388,2.36031150911003,0.000803535571321845,0.0718654458178207,0.0197343454929069,1.11368281720206,0.0257285386323929,1.39898135326803,0.00255427835509181,0.0500792400562204,0.0191350933164358,0.163336834113579,16.2591259359033,0,0.0257171106059104,0.0169322714209557,1.73904535733163,1.08477366040461,0.0102651841007173,0.0111687276512384,0.00562700955197215,0.00568181817652658,0.0356374800903723,0.532602053368464,0.731212841928937,1.66666660399642,2.27082716359291,4.812984948745,0.0677966112270951,0.0396710214554332,0.014814815367572,0.0327102793380618,0.0377940619364381,0.0051641458994709,0.0120180272497237,0.00301507534459233,0.00280741165624931,0.00606980291195214,0.00403632677625865,0.00606264732778072,0.0028977109468542,0.00767123291734606,0.000673400645609945,0.00409416574984789,0.00315813210909255,0.00461228005588055,0.000785237527452409,0.000771902734413743,0.00493691739393398,0.0188186089508235,0.038665040046908,0.397780964383855,0.0143184428452514,0.0495216650888324,0.0123589473078027,0.119777156738564,0.0114860013127327,0.147405662573874,0.00362318853149191,0.0431519686826505,0.231864403031068,0.222968428919557,5.20508413109928,3.41807684511878,0.140283638087567,3.96971991285682,0.0492984449374489,1.62514466326684,0.0168734497856349,1.81018280133139,0.332459755707532,1.20511859306134,0.0080563947558403,0.0522940297378227,0.00878155883401632,0.0894627649104223,0.00281590991653502,0.0151306741172448,0.00139786826912314,0.0617746167699806,0,0.00940325460396707,0.00506912448327057,0.0211754541960545,0.730991091346368,0.369827149435878
0.0344941962976009,0.00485942396335304,0.0642467057332397,0.0658809327869676,0.0559440543875098,0.962500050198287,0.0814613699913025,0.0451162800309248,0.0520951289217919,0.233663373626769,0.0505344993434846,0.00600600615143776,0.0771675011492334,0.0103734445292503,0.252948894398287,0.300839250674471,0.0397219462320209,0.00481154769659042,0.0231971760513261,0.0257171106059104,0,2.25870641507208,0.144413069239818,0.0980873010121286,1.89344257093035,1.24972257227637,0.328798190457746,0.680652695707977,1.16434201598167,0.268496430362575,2.91314745461568,1.49690398294479,0.0335008359979838,0.0234666669275612,0.0207972270436585,0.0130151845514774,0.175182483159006,0.0914760921150446,0.249240134144202,0.11221719509922,5.16112527763471,0.177083338610828,0.0020449897274375,0.00473653059452772,0.00438917346764356,0.0058694058097899,0.00758807570673525,0.0244618393480778,0.00293255131691694,0.00603773584589362,0.00212239130632952,0.00322061183396727,0,0,0.0588235328905284,0.0441441452130675,0.0175332532962784,0.00613308802712709,0.00530222721863538,0.0030800822423771,0.00850661646109074,0.00315955770201981,0.01355932187289,0.00335946260020137,0.0121317157754675,0.00376884418074042,0.0134799578809179,0.0216707438812591,0.0291187745751813,0.0122399022802711,5.44566309591755,3.1795366195729,0.717749771429226,0.0891590723767877,0.0831295880489051,0.479616317898035,1.16244134574663,0.827783045824617,0.0105263162404299,0.0047505940310657,0.0284592738607898,0.0102526545524597,1.10121455509216,0.242703532800078,0.0140879283135291,0.0160599569790065,0.144963142229244,0.219154450693168,0.0387710322975181,0.00992720044450834,0.817275728099048,2.33003307599574
0.00133288907818496,0.00348796660546213,0.013552758784499,0.173596363281831,0.0303951383102685,7.93868910870515,0.0123854348203167,0.094260384561494,0.0138089759275317,1.01405618712306,0.00197044340893626,0.0197268587071449,0.00365463690832257,0.0198537090327591,0.00793650769628584,1.86319215106778,0.00604229606688023,0.0113544197520241,0.0142204167786986,0.0169322714209557,2.25870641507208,0,0.122515213559382,0.171851851511747,0.958217253908515,1.52423893567175,0.267281105741858,12.0687208287418,0.0171253818552941,0.749699177104048,1.07493956142571,2.04225349996705,0.0270118173211813,0.0397635695990175,0.0355239794589579,0.0402684565633535,0.0253968257457018,2.11814335733652,0.0431654693093151,4.92392295110039,0.0053050396963954,3.13513521105051,0.00720906315837055,0.0417910434771329,0.0103473761118948,0.0340993340360001,0.0131075908429921,0.0788177363574505,0.00148148147854954,0.0228832958964631,0.0021329540759325,0.00648999447003007,0,0.00205973233096302,0.00888450199272484,0.178603807464242,0.00242865807376802,0.00739143812097609,0,0.00620475690811872,0,0.00638977624475956,0.00171526591293514,0.00790067738853395,0,0.0114068440161645,0.0292335113626905,0.0660344249336049,0.0185902398079634,0.0348692391999066,0.986855430528522,7.12524456530809,0.0176991156768054,0.772867450490594,0.0101265823468566,2.69975183904171,0.388201704248786,1.08968176762573,0,0.0343980337493122,0.000988142332062125,0.0279720284743235,0,1.14596275426447,0.00146234463318251,0.0918860865058377,0,1.94934503501281,0.0058823530562222,0.0711436147685163,11.9581882786006,0.692041544243693
0.0634107920341194,0.0784789670142345,5.59389472240582,2.55994048446883,1.00652743061073,0.397618260816671,2.06902192148846,1.82901148931705,0.329938888200559,0.4022128226934,0.0789133254438639,0.15729013615055,0.48570088064298,0.715610161889344,0.19225411961088,0.197674420836847,0.0228013025480323,0.0338368592783809,6.44933233450865,1.73904535733163,0.144413069239818,0.122515213559382,0,13.6528523101006,3.33667251287261,0.811066100606695,0.459762318525463,0.208832586940844,0.38631465373328,0.429526615131181,10.5979504979914,7.26974684715969,4.90762861823896,1.94413412245922,0.272727264091372,0.0776545192347839,0.0125744538963772,0.0376859497628175,0.0111475409939885,0.0157828282681294,0.00896495493361726,0.00817327352706343,0.000995272421278059,0.0127931772731245,0.00291545176878572,0.00291885575279593,0.00307062431238592,0.0131482836732175,0,0.00059031875571236,0.00490797555539757,0.00152827310375869,0.00133155786897987,0.000656167976558208,0.000974896422121674,0.0191454585292377,0.0305343500804156,0.0447032306692563,0.00759686023229733,0.00698080274742097,0.0105288345366716,0.0162210870184936,0.0117175451596268,0.0363730837125331,0.00435188057599589,0.00711354293162003,0.164686602714937,0.0796100733568892,0.53978624677984,0.235416672367137,0.218525771342684,3.33139718312304,0.126696836436167,0.592131148092449,0.0428802603273652,0.258870963763911,0.201406647975091,0.381502897012979,0.00163733109366149,0.0128824478015304,0.0238966106262524,0.0392156869638711,0.0357792598661035,0.0659732554340735,0.0142394816502929,0.0306949479563627,0.00417101138737053,0.0446927393786609,0.00333541794680059,0.00825958719360642,0.131133669055998,0.149619610165246
0.022854679467855,0.0781527548097074,1.23606421911973,7.82643932907376,0.138719507027417,0.926054953597486,0.767712369386572,2.67837238730863,0.128491620358545,0.814280303195119,0.0241327304393053,0.152961082407273,0.184004176408052,0.894959177006967,0.0603366128052585,0.332282471936196,0.00760456256102771,0.0383275252534077,1.82861897785915,1.08477366040461,0.0980873010121286,0.171851851511747,13.6528523101006,0,1.32484072353691,1.18938197317766,0.312175639090128,0.327287386986427,0.15220049576601,0.565625944524072,3.58373885345645,4.10222974856151,0.646162864984944,0.54373927594861,0.0509090912528336,0.027831093291752,0.00232377997599542,0.0495164394378662,0.01072796958033,0.0219941348768771,0.00397219462320209,0.0139511714223772,0.00223526125773787,0.0187198065104894,0.00468227412784472,0.00736771587980911,0.00230680499225855,0.0212707937462255,0,0.00203527818666771,0.00134831460309215,0.00401606422383338,0,0.00153374229557812,0.000546000548638403,0.0255009093671106,0.0125735143956263,0.0618345621332992,0.00341977772768587,0.00784094061236829,0.00374431669479236,0.0221529938280582,0.00356760603608564,0.0416544426116161,0.00144040328450501,0.00870917539577931,0.0603331833262928,0.0709188204200473,0.200136606523301,0.137704918161035,0.178217827342451,3.6607747868984,0.0422004512511194,0.652107293775771,0.0177165353670716,0.23823530820664,0.139136907353532,0.338818260817789,0.000998502247966826,0.0225048922002316,0.00600928685162216,0.0440973825752735,0.0132960114860907,0.0991452982998453,0.00243902433430776,0.0362007829244249,0.00164136232342571,0.066139469621703,0.00137709430418909,0.0129171152366325,0.147609148640186,0.168224306311458
0.00240168115124106,0.0025023459456861,0.228638091124594,0.105931039899588,1.29992402438074,2.71159868105315,0.0893061625538394,0.0441941074677743,0.336947454605252,0.799396695801988,0.00148698885459453,0.0036407767329365,0.0412862258963287,0.0062388590304181,0.0998914260417223,0.34745307918638,0.00151171581819654,0.00255918106995523,0.043497173464857,0.0102651841007173,1.89344257093035,0.958217253908515,3.33667251287261,1.32484072353691,0,8.06737887405325,19.4874785647262,4.29301521275192,0.0488549619913101,0.227911638095975,6.16549941687845,1.35447758040391,0.0768865681020543,0.0209949788986705,0.0111982086673379,0.0051480052061379,0.0015686274273321,0.0234741781605408,0,0.0323715683771297,0,0.0228571426123381,0.00176056334748864,0.00199501239694655,0,0.00595592602621764,0.00370198977179825,0.0118644066387787,0,0,0.00063633470563218,0.00183570443186909,0.00159108988009393,0,0,0.0110410096822307,0.00110375275835395,0,0.000908265239559114,0.000883392232935876,0.00164473685435951,0,0,0.00380589906126261,0.00136054423637688,0.00209643598645926,0.0038277511484921,0.0119609693065286,0.0148056750185788,0.00706090033054352,0.19863533321768,0.426035508513451,0.0148478103801608,0.093630081624724,0.00551724154502153,0.0736698503606021,0.0130340333562344,0.0702267754822969,0,0.00542740849778056,0.00509770587086678,0.00459468341432512,0.0116054154932499,0.103831890039146,0.00135348518961109,0.0133267529890873,0.00530973449349403,0.0800000004237518,0.000655737705528736,0.00599161197897047,0.0291734193451703,0.0129240714013577
