0,0.0436113240430132,7.11945999943418,0.0450542014441453,0.0208937900606543,0.00174266629619524,5.00991336104926,0.0176694598048925,0.0421865705866367,0.00287935516098514,6.29520487453556,0.00853105820715427,2.88681291043758,0.00922083912882954,0.453520445735194,0.00693069328553975,2.91942015662789,0.0242980555049144,2.53467242000625,0.169521301751956,0.0249048764817417,0.00478959985775873,0.0514191706315614,0.0100571428774856,0.00125865323934704,0.002976190589834,0.0150693187606521,0.00245549413375556,3.46463177003898,0.0251417309045792,0.17511520057451,0.0176046947599389,0.8358797673136,0.34839289583033,0.0635857118759304,0.0109401708468795,0.790847727330402,0.00700934557244182,0.468416495714337,0.0212885163491592,0.5222572592902,0.00487974897259846,0.0112082496343646,0.00242013556999154,0.00925687851849943,0.00158144440501928,0.0760139058111235,0.0126496496377513,0.0101225360995159,0.000538793101441115,0.0345622119493783,0.000925497442949563,0.00584624358452857,0,0.142056909651728,0.0257360955583863,16.0715418284526,0.0438085158821195,0.297922013211064,0.00449539220426232,1.24365706581739,0.0037533511640504,1.07734349509701,0.0128755368059501,0.0717891231179237,0.00149551348295063,0.411665114166681,0.0715408780379221,7.1188735665055,0.17632995150052,1.47468903579284,0.116151401947718,4.14114909945056,0.033448672387749,0.60344829398673,0.0213866857229732,0.777777788462117,0.119794642087072,0.0955036584637128,0.00695894239470363,0.626549455337226,0.0155309645924717,1.06720864761155,0.00431266846135259,0.737979276163969,0.00390879472251981,0.217457877006382,0.00111607147846371,0.106578176171752,0.00036643460043706,0.0862318870495073,0.116045849514194
0.0436113240430132,0,0.0344504762906581,7.74349208560307,0,0.0569524401798844,0.00918593641836196,6.02241953104385,0,0.0336235361173749,0.00240963860414922,5.34330820315517,0.00493162983912043,1.75405151210725,0.00155884644482285,0.114417654112913,0.00665054435376078,3.78888277127407,0.565841601812281,3.06708974950016,0.0254638041951694,0.0762315725442022,0.069915253407089,0.165839834546205,0.00790513842366636,0.0242386573227122,0.00188916869228706,0.0487804892472923,0.0336176619748585,2.42349941376597,0.139836485497653,0.209037975466345,0.288049041526392,3.22033900010865,0.0240632516215555,0.0122170321992598,0.0471380468225107,0.326020707725547,0.0848120308946818,0.0834305725875311,0.0250829943688586,0.0410707746632397,0.00694605216267519,0.0215538840857334,0.00427008280530572,0.0208105156198144,0.028277019620873,0.0233372222282924,0,0.00504201703006402,0.00157915509771556,0.00334928225493059,0,0,0.0444341590628028,0.159351789217908,0.0708505689399317,17.1516575466376,0.0260806568549015,0.229394010966644,0.00902934523764998,0.772575271432288,0.00284333247691393,0.751727585273329,0.00292056065518409,0.0268733839038759,0.200270636705682,0.452486857830081,0.730498459772207,5.0493132530828,0.203318257874344,1.37210003152722,0.0705810750368983,1.99939868907677,0.0261058732867241,0.811026477371342,0.288836396648549,1.14625444309786,0.00220022007124498,0.248901903396472,0.00419091962976381,0.76222800152027,0.00169109349371865,0.0952914846129715,0.00653188154683448,0.336112033110112,0,0.0412550831679255,0.0208793409401551,0.0165537993889302,0.679144405701663,0.267169811180793
7.11945999943418,0.0344504762906581,0,0.338706998532871,1.89491434302181,0.087176606466528,16.2788860413712,0.255465713678859,1.16182810429018,0.044617960229516,1.57258747355081,0.038819876499474,4.36683631618507,0.0903167852084152,1.53021443635225,0.0202263419050723,0.430536048661452,0.0125753204338253,9.7834690468153,0.458967204031069,0.123834881815128,0.0204216075944714,10.7690451107919,1.23707661917433,0.563962318003178,0.138209047727287,0.246575348486658,0.0545832123607397,4.37962740467628,0.057074341137195,7.10678594186902,0.50958053721115,7.91177182691172,0.425690489180852,0.145385593059473,0.0184331792406738,0.584894929779693,0.0107435676618479,0.421787697123364,0.0146619603037834,0.36277816654183,0.000670690787956119,0.00480979462736286,0.00188457011245191,0.00999500276520848,0.00307141011580825,0.0465221328195184,0.0114537447807379,0.00465477100806311,0,0.03082127351081,0.000450958294095472,0.00565930968150496,0,0.1131992994342,0.0234142193221487,1.60625860912842,0.028056805516826,0.269790717924479,0.00175361684523523,0.138313767733052,0.00676554738311097,0.0843054127763025,0.00325052242260426,0.0206577867502347,0,0.637435538228601,0.0511440104746725,2.11350498744287,0.0688060122192837,4.48851560498588,0.303861226129811,3.81253521889448,0.0536163076758385,0.504480605013669,0.0325365215539932,0.951386980712414,0.101685546804219,0.0261569407302886,0.00401740882080048,0.131428574037272,0.00949848035816103,0.490139385685325,0.00837039016187191,0.131637989543378,0.0089557011378929,0.135583188268356,0.00703272892860696,0.0584415602206718,0.00107700593071058,0.0619561432977207,0.169363168417476
0.0450542014441453,7.74349208560307,0.338706998532871,0,0.0256281404290348,2.92230312083848,0.0866952829237562,21.8146219050104,0.00820512790232897,1.50736203417182,0.00600600591860712,2.04294043386471,0.0182986181462184,2.70977013229276,0.00972375710261986,0.840402297617402,0.00552208814769983,0.275129771791399,2.84775234176777,12.3231127829058,0.0981021858751774,0.204223314882256,2.20570800921996,14.9716844871873,0.0862068962305784,0.72419103467837,0.0202492220560089,0.332278464920819,0.0527670545561705,1.79002390120877,2.66540375025943,4.85780987999169,0.356271780736279,2.81637567467988,0.0323570419568568,0.0185024570673704,0.0933299553580582,0.240525518078357,0.187453144462779,0.109649123623967,0.0496014193631709,0.0599471032619476,0.0380380380374845,0.0505786536959931,0.0113045447506011,0.0328096122539137,0.0647556182811968,0.0737754459260032,0.000466417899588123,0.00659444177290425,0.00104493205435574,0.00411861605243757,0,0.00151630025357008,0.0932559560460504,0.151201409316855,0.0349527022917755,1.14221142767929,0.0157774547114968,0.056191049516201,0.00587544083828107,0.219043152173981,0.00286191265331581,0.219120130874217,0.000487804878503084,0.0180378355726134,0.127201225957833,0.234791889670305,0.357227344502462,1.25824746926082,0.58281135733705,5.16695842874469,0.0888215964660048,2.00049980345648,0.100757135311142,0.904165497981012,0.641063527786173,1.58168321766425,0.00176315009593964,0.0762910809135064,0.00482800242025405,0.331750227982411,0.00284090917557478,0.21347784914542,0.00422178432927467,0.178303861321183,0.002105817431584,0.121418161143083,0.0307583524554502,0.0166889192769304,0.648451705696061,0.621166570170317
0.0208937900606543,0,1.89491434302181,0.0256281404290348,0,0.152732056565583,0.0701676970347762,0.00818789060576819,5.86546482774429,0.0451904453802854,0.0520156044512987,0,0.197088472545147,0.000828500429634005,3.10401553241536,0.0160680533153936,0.0393184809945524,0.00112359551712871,0.0194862706121057,0.00456273753661662,0.0703205782920122,0.0200200197286904,1.96392110490706,0.251325987512246,2.42583729035687,0.573816146235913,2.79913918382954,0.224887562217191,1.17785844276659,0.00468823243863881,2.51671389874537,0.275068494607694,0.152764763217419,0.0102970295702107,0.015971606480889,0.00399600388482213,0.0592592568136752,0.00533333327621222,0.0492546965833753,0.00364520063158125,0.228202363010496,0,0.00236499798484147,0.000905797118321061,0.00508905854076147,0.00106951873749495,0.00585529074305668,0.000799041124992073,0.00437158485874534,0,0.0103532282519154,0,0.00400801619980484,0,0.00630169361829758,0.000751597166527063,0.0248743047122844,0.00053518865024671,0.0161085206200369,0,0.0158610271755606,0.00110741972457618,0.0080691643524915,0.00176211458165199,0.0109622416784987,0,0.0176938954973593,0.00379266764502972,0.00678349379450083,0.00140646973159164,3.43118076794781,0.0351333778817207,0.619269077433273,0.00777202052995563,0.129098353441805,0,0.0698254387825727,0.00505689019337296,0.0190476193092763,0,0.0453641072963364,0,0.45300112105906,0.00111982086673379,0.0494836484722327,0.00237191648920998,0.183445186237805,0.00120481930207461,0.0250078155659139,0,0,0.0161290322430432
0.00174266629619524,0.0569524401798844,0.087176606466528,2.92230312083848,0.152732056565583,0,0.00485758448485285,0.756791744643124,0.0361362071707845,13.3415266443044,0,0.0614035092294216,0.00448430492542684,0.215678134700283,0.0290697673335671,11.6573591167107,0.00262639531865716,0.0967923454008996,0.0461197353433818,0.0708031984395348,0.995850674808025,6.10843350738287,0.347529826685786,1.85539217846235,1.37809751997702,16.2233073068783,0.467289731022902,12.183320815675,0.0245343025890179,3.76338038267568,1.31101027945988,3.26673988625407,0.0403566407621838,0.0507533699274063,0.0266903912415728,0.0641282573342323,0.010796220973134,1.1850367897423,0.014285714016296,2.61107719154097,0.00647948146797717,1.95753725571558,0.0812943942146376,0.126984128728509,0.0305810384452343,0.0707016591913998,0.0737018417567015,0.175199995574076,0,0.0134453787468374,0,0.00417536532040685,0,0.00401069526560605,0.00473186129238456,0.356659132288769,0.0105932203587145,0.0632029983680695,0.0110356538789347,0.00713719264604151,0.00378071825252846,0.0354963950812817,0.0011547344038263,0.0352889276109636,0,0.0230215829797089,0.0838252633111551,0.168933880340774,0.0181200448423624,0.066243830951862,0.705882373731583,3.56062574812677,0.0213049259036779,1.76119404379278,0.0575539590790868,0.588477348443121,0.128669586963952,0.683977191802114,0.00424628471955657,0.0422386499121785,0.00318725104443729,0.10359801404411,0.00453771976754069,2.64946732507087,0.00129171152366325,0.13292190968059,0.00448430492542684,2.75437531434,0.00125156447757035,0.0328518822789192,0.756302496884018,0.194219648838043
5.00991336104926,0.00918593641836196,16.2788860413712,0.0866952829237562,0.0701676970347762,0.00485758448485285,0,0.0734544500010088,1.0902965189307,0.00219346344238147,3.56860149317072,0.011163944582222,10.8588507771492,0.0202802359126508,1.37403974402696,0.00351151006179862,0.348324504448101,0.00250521919224411,0.949506420845864,0.079787231516093,0.0387226536404341,0.00149663264164701,1.49058502211119,0.200695842504501,0.0492495310027152,0.00989653653232381,0.0326975486241281,0.00920810329262167,3.70732645387761,0.0116663423250429,1.18198949162615,0.0645294736605138,1.09914465295151,0.0773261068970896,0.022721778601408,0.00398903014138341,0.240266955806874,0.00399113094317727,0.230177902849391,0.00730240560369566,0.154353901743889,0.00252844503847882,0.00396610773168504,0,0.00804020091891289,0.00040983606595546,0.0277726350759622,0.00435334676876664,0.00289256198448129,0,0.0200190661707893,0,0.00310627915314399,0,0.0511803925619461,0.0116381590487435,1.00014734489378,0.00652141694445163,0.0979698304145131,0.00180668474058621,0.178861788357608,0.0016611295286566,0.15932560589863,0.00265151506755501,0.0236457445134874,0.00078462139936164,0.134666461119195,0.0103660514578223,0.252772549632937,0.0166967507975642,1.85560200465261,0.0892896390869282,2.44606871978613,0.0136144050629809,0.337180132046342,0.00602258462458849,0.480277414433658,0.0344076658657286,0.0131479142000899,0.00151515158358961,0.153539738152176,0.00256533594802022,0.436767164501362,0.00166805670596659,0.214416296046693,0.0011071132030338,0.116754768532701,0.000428265513619408,0.0454179436492268,0,0.0197607896989211,0.0954100076342002
0.0176694598048925,6.02241953104385,0.255465713678859,21.8146219050104,0.00818789060576819,0.756791744643124,0.0734544500010088,0,0.00350800273008645,2.33976006146986,0.00257676624460146,5.00768297351897,0.0117281824932434,9.41984477278311,0.00655611278489232,1.00171922415029,0.00258342304732651,0.340885902114678,1.71433878617245,4.03583225829061,0.0538423878606409,0.121418161143083,1.64470857079141,4.80718113435432,0.0301852280390449,0.125137211725814,0.00576113461283967,0.177857620292343,0.0323126060538925,3.56435654684901,2.1076986178814,3.06593861340662,0.291262141690822,1.89617290216847,0.0329722088645212,0.0228155344666447,0.0364900098647922,0.259363500925247,0.0716430740721989,0.0839454354718328,0.0192687754752114,0.0383858266286552,0.0258132961171214,0.0529378641222138,0.0118017310160212,0.0300661464279983,0.0413793091429397,0.0618996800039895,0.000404122052714229,0.00733645824948326,0.00218647500150837,0.00362515856977552,0.000433275563409552,0.00129926379304379,0.0311063979752362,0.148788929509465,0.0159466511104256,1.1881563711504,0.00620664484449662,0.0389794466900639,0.00520201123435982,0.252588828036096,0,0.36815735977143,0.000840159656945616,0.0122911464422941,0.0854070643545128,0.151838294084882,0.125613750162302,0.40255449450342,0.355546012957348,4.30240556038916,0.0514705898531247,1.72506965411594,0.0556776589946821,0.389350268640555,0.384501367923804,0.82450542220613,0.000984251964837313,0.108626199129503,0.00142045458778739,0.497636300686281,0.00286591614712961,0.195310907234671,0.00257499690633267,0.269938636338338,0.00134529144270346,0.124712284421548,0.00823045271681622,0.0231474519241601,0.258912771940231,0.331577630888205
0.0421865705866367,0,1.16182810429018,0.00820512790232897,5.86546482774429,0.0361362071707845,1.0902965189307,0.00350800273008645,0,0.012253233930096,0.142661179415882,0,3.62370149354683,0.00171379605308175,14.6572714797221,0.0029469549190253,0.0926694351946935,0.00117647054139525,0.00918273639399558,0.000784313713666052,0.0225479132495821,0.00652883551083505,0.436669008806348,0.0868831700063311,0.541737633990124,0.135693214833736,0.55403349082917,0.0909090897766873,1.99529186467407,0.00487092067487538,0.76439168676734,0.12034383660648,0.0535540422424674,0.00817995925899595,0.00573065900243819,0,0.0370106764603406,0,0.041011618450284,0,0.0329799777828157,0.00462427735328674,0.00569800590164959,0.00187969929538667,0.00848806370049715,0,0.0086542620556429,0,0.00685714278370142,0,0.0199750307947397,0,0.00846859579905868,0,0.0113867422332987,0,0.042714245733805,0.000546896364539862,0.0245721803512424,0.000817995925899595,0.028816198464483,0,0.0181268888991326,0,0.0243277852423489,0,0.0163092714501545,0.00194552529137582,0.00828892854042351,0.00149031297769397,1.83620099932887,0.0178448862861842,0.829473715159111,0.00136612018104643,0.194196437252685,0,0.137795275077224,0.00266311573795974,0.0115606933832169,0,0.100287710665725,0,0.523131685447879,0,0.0809982471400872,0,0.360031717922539,0.00126582279335707,0.0512984953820705,0,0,0.0253807101398706
0.00287935516098514,0.0336235361173749,0.044617960229516,1.50736203417182,0.0451904453802854,13.3415266443044,0.00219346344238147,2.33976006146986,0.012253233930096,0,0,0.0431499443948269,0.000739098293706775,0.179434656689409,0.00764087866991758,9.34671040973626,0.00128783006221056,0.0597675733733922,0.0271334798890166,0.0248400459531695,0.14688128256239,0.426900587975979,0.178077577147633,0.72558512823889,0.251366115990095,2.70950092561543,0.0647431367542595,1.38280674291309,0.00896458979696035,1.20277775649447,0.463169663562439,1.5323973671766,0.0166589539730921,0.0211598741007037,0.0173310225363821,0.0369649805361405,0.00132275128271431,0.323510152637027,0.00636942684650421,0.190077710431069,0,0.286008221795782,0.0304212168557569,0.0456375846988522,0.0120481923222542,0.0337374806404114,0.0297766753938049,0.0671936746221036,0,0.00661157048307359,0.000604047090746462,0.00412371126003563,0,0.00393184809945524,0,0.110119049670175,0.00262743036728352,0.0255047818645835,0.000838222971651703,0.00862068944843486,0.00373831775505096,0.0120021824259311,0,0.0148019157350063,0.00359496718738228,0.00851063820300624,0.0339379759971052,0.0645565629238263,0.0111358577851206,0.034506554948166,0.207692314172164,1.71611251798458,0.00913838134147227,0.655633326387033,0.0358923235908151,0.20159680605866,0.0858369108755141,0.208825355395675,0,0.0225179116241634,0.00078740157186985,0.0430239696288481,0,0.865967966383323,0.00042780747753568,0.0641055842861533,0,0.529934815946035,0.000619962811470032,0.0157259204424918,0.0672074141912162,0.0849161986261606
6.29520487453556,0.00240963860414922,1.57258747355081,0.00600600591860712,0.0520156044512987,0,3.56860149317072,0.00257676624460146,0.142661179415882,0,0,0.00325556157622486,12.0912800558726,0,1.61209796823096,0.000938086304813623,8.55901426519267,0.00111358577851206,0.202286714338697,0.0188964477274567,0.0325534082949162,0,0.019634393567685,0.00567490898538381,0.0031496062874794,0,0.0382978711277246,0.00148148147854954,2.74414421059191,0.00837598869111389,0.057271197787486,0.00869092904031277,0.0930232577957213,0.0196772918570787,0.01749781309627,0.00786627363413572,0.199866760522127,0.0105540901422501,0.123155873268843,0.00842358625959605,0.196825399529189,0.00208116555586457,0.0297689002472907,0,0.0141342761926353,0,0.0216036553028971,0.00317586353048682,0.0292524376418442,0,0.0836363642010838,0,0.0237937881611288,0,0.0328767135506496,0.00448262994177639,5.42397921672091,0.00639488431625068,0.202105259522796,0,0.581831845920533,0,1.19474591361359,0.000874890654813498,0.148371533607133,0.000950570334680378,0.127971821697429,0.0150943393819034,0.133333339239471,0.0152990266215056,0.739832148654386,0.0257566012442112,1.54635115060955,0.00641025661025196,0.243951605632901,0.00201816344633698,0.248148159356788,0.0225281605962664,0.38709679339081,0.00414078682661057,1.48359031556174,0.0037002774188295,3.86756470892578,0.00110987795051187,0.565180118312128,0.00094517960678786,0.561532809399068,0,0.1082426084904,0.000563380308449268,0.0164319251198322,0.0723981931805611
0.00853105820715427,5.34330820315517,0.038819876499474,2.04294043386471,0,0.0614035092294216,0.011163944582222,5.00768297351897,0,0.0431499443948269,0.00325556157622486,0,0.00268096523359418,9.83964718360221,0,0.574969005770981,0,8.57937659043819,0.659383556048851,1.30562185868621,0.0141509429086,0.062883434118703,0.0869565193424933,0.248185775591992,0.00641436839941889,0.0137851811014116,0,0.0341671737842262,0.0127540854737163,9.40114850644022,0.308212552510668,0.373708930215798,0.161541619920172,0.778798566898331,0.0377094961004332,0.0336906595621258,0.0256983232684433,0.249307477497496,0.0432900432497263,0.0481804225128144,0.0113452186342329,0.0431999989086762,0.022519351914525,0.0445682457648218,0.00881057290825993,0.0422988509526476,0.0207715132273734,0.0377492875559255,0,0.0105112279998139,0.000557258317712694,0.00295967445708811,0,0.00332594232168049,0.0154711670475081,0.0977747846627608,0.0142017626203597,2.14250359043945,0.0165165169164538,0.0431095395470038,0.00745005067437887,0.320227376418188,0.00392156885936856,0.527378652011976,0.00205444265156984,0.0250731292180717,0.0762987012276426,0.17065436206758,0.115718417800963,0.455124504282139,0.120783456950448,1.55700331460685,0.0209944741800427,2.50838286266662,0.0296643242472783,0.465625006938353,0.179151395335793,0.473767875577323,0.0015999999595806,0.750597620964982,0.00354861607775092,0.783691939432174,0.00193143414799124,0.109995218226686,0.00161518272943795,0.220305239141453,0,0.0447837151587009,0.00228310492821038,0.0166710074990988,0.306748467846774,0.187553284922615
2.88681291043758,0.00493162983912043,4.36683631618507,0.0182986181462184,0.197088472545147,0.00448430492542684,10.8588507771492,0.0117281824932434,3.62370149354683,0.000739098293706775,12.0912800558726,0.00268096523359418,0,0.00504060467937961,13.5744415767258,0,2.02310841227882,0.00544773600995541,0.179795025556814,0.0158436759375036,0.0348399240174331,0.000927643792238086,0.132356540241744,0.041019955300726,0.0232268760446459,0.0038565369322896,0.0838886699057184,0.00321156159043312,5.24248734000139,0.00729483249597251,0.249828892992809,0.028169013094157,0.16469158208929,0.0271591532509774,0.0131348508875817,0.00185356813017279,0.267221801914275,0.00225818599574268,0.214814814389683,0.00856225448660553,0.211888785182964,0.000951474765315652,0.0335679469862953,0,0.0115310701075941,0.00132144032977521,0.0558060852927156,0.00273224053671584,0.0301305661560036,0.000679117161780596,0.12024319221382,0,0.0301431794650853,0,0.0773809523088858,0.00890518631786108,2.44692054757616,0.00449530043988489,0.179749710019678,0.0010863661300391,0.517214213032275,0.00337495788699016,0.857538057025522,0.00116720166988671,0.140764555137139,0.000616332807112485,0.114335968974046,0.016662809648551,0.10731373494491,0.00465296627953649,2.25353160913801,0.0415738690644503,2.62434260046575,0.00888559827581048,0.441631495719776,0.00281425891444087,0.530967056751251,0.0284775469335727,0.111322547541931,0,0.891553178196773,0.0022810218797531,3.33492995810229,0.00271831476129591,0.826873350888491,0.00148892612196505,0.853482769685797,0.000709975138306618,0.206611568864901,0,0.0170597090618685,0.0908641973510385
0.00922083912882954,1.75405151210725,0.0903167852084152,2.70977013229276,0.000828500429634005,0.215678134700283,0.0202802359126508,9.41984477278311,0.00171379605308175,0.179434656689409,0,9.83964718360221,0.00504060467937961,0,0.000675904040690511,0.519281898450572,0.00165425974410027,1.88847312424332,0.904761867423076,1.48438383149914,0.0204410966252908,0.0444209414999932,0.598955609428231,1.49865390703781,0.0102516311453655,0.0352233682060614,0,0.0682839187793434,0.0167958660749719,8.49322299391497,1.00037639611401,1.41553186200326,0.139458036166616,0.636230626609176,0.0148588407319039,0.00739566795527935,0.0159865381428972,0.144648828252684,0.0435318290255964,0.0346729708835483,0.0186710600974038,0.0315732156159356,0.010498687857762,0.0187096781446598,0.0084004201926291,0.0282404056051746,0.0201035629143007,0.024153166974429,0,0.000746268662624061,0,0.00121580541599542,0,0,0.00874380668392405,0.0698001675773412,0.00984799824072979,1.04558220249601,0.00738234375603497,0.0175592629238963,0.00395480234874412,0.16382506134687,0.0022839741432108,0.350411118590273,0.000789265963248909,0.00402684579603374,0.0522997891530395,0.0818540444597602,0.0781661053188145,0.254105450352654,0.114639173028991,2.52614239626564,0.0308719237800688,1.66174056893215,0.0406852243468165,0.241028383607045,0.193108976876829,0.337914308300242,0.0010887315729633,0.257328999694437,0.000587371527217329,0.362709394481499,0,0.10828977014171,0.00108303251909092,0.146045419154689,0,0.0478056414867751,0.00391102442517877,0.00948938063811511,0.195601853309199,0.171590903657489
0.453520445735194,0.00155884644482285,1.53021443635225,0.00972375710261986,3.10401553241536,0.0290697673335671,1.37403974402696,0.00655611278489232,14.6572714797221,0.00764087866991758,1.61209796823096,0,13.5744415767258,0.000675904040690511,0,0.00225479149958119,1.0149686447694,0,0.0378166239825077,0.00251968507654965,0.419312156620435,0.00259067350998521,0.349124327301979,0.0841121531557292,0.266814893111587,0.0615850605536252,1.29345026565716,0.046833423897624,6.744997962669,0.00373413000488654,0.580952396034263,0.118143460713327,0.0776409134268761,0.00651465787086636,0.0143540664575994,0.00388098321855068,0.595073909498751,0.0019559902139008,0.0929118751664646,0.000912825169507414,2.43826326762792,0,0.0395846855826676,0,0.0294820721610449,0.000828157353680581,0.0599455032497644,0.00262467190623283,0.0437894728966057,0,0.146252284757793,0,0.04505386762321,0,0.154993514879607,0.00187149090925232,0.455596671527019,0.0023353572760243,0.168044079560786,0.000651465787086636,0.262449111440219,0.000850701821036637,0.192982460139319,0,0.175582990050316,0.000759589835070074,0.0924796713516116,0.0113238069461659,0.0319792573573068,0.00813421420753002,3.88257939694449,0.0163304510060698,2.31219512410462,0.00382958352565765,0.380013165413402,0.00263157906010747,0.430898084887303,0.0244475790532306,0.140939602861181,0.00133779260795563,0.898626515641809,0.000530222721863538,9.44353075511754,0.00257400266127661,0.779510893393308,0.000840159656945616,2.50477213808335,0.00181405898183584,0.333867537847254,0,0.00144822592847049,0.0438782718265429
0.00693069328553975,0.114417654112913,0.0202263419050723,0.840402297617402,0.0160680533153936,11.6573591167107,0.00351151006179862,1.00171922415029,0.0029469549190253,9.34671040973626,0.000938086304813623,0.574969005770981,0,0.519281898450572,0.00225479149958119,0,0.00754716992378235,0.486099400091916,0.0568022435763851,0.0924317610333674,0.262652152450755,2.14187071030028,0.169309168995824,0.541871905443259,0.249999999767169,1.36059117387049,0.0674044241895899,2.71473043330479,0.0343102226033807,11.5034839391592,0.362865622388199,0.926829238189384,0.0689149559475482,0.0763065118808299,0.0929692015051842,0.146708465879783,0.00673400686355308,1.51193886680994,0.0102948055136949,1.33035715029109,0.00525279063731432,1.34372970461845,0.154583198716864,0.241256242617965,0.0742477545281872,0.19886363617843,0.166834169067442,0.350661924399901,0.000825082533992827,0.0268681775778532,0.00361010839696974,0.0260695192264393,0,0.0200668898178264,0.00766038964502513,0.580030710436404,0.0146352620795369,0.140845066052862,0.0264138160273433,0.0262904788833112,0.0154225781443529,0.075000001816079,0.00171747535932809,0.0851955282269046,0.00626118056243286,0.0521998497424647,0.176662482321262,0.410324657103047,0.0236986877862364,0.0972222278360277,0.329102025716566,2.27029567450518,0.0228680321015418,3.889616437722,0.0229299366474152,0.525175266899168,0.152866241522133,0.931985297589563,0.0025990903377533,0.178756472188979,0.00450595427537337,0.465323219425045,0.000847457617055625,6.84957989811664,0.00190766877494752,0.403326417435892,0,3.40816336072749,0.00369100994430482,0.0915697671007365,0.426573443110101,0.140902878600173
2.91942015662789,0.00665054435376078,0.430536048661452,0.00552208814769983,0.0393184809945524,0.00262639531865716,0.348324504448101,0.00258342304732651,0.0926694351946935,0.00128783006221056,8.55901426519267,0,2.02310841227882,0.00165425974410027,1.0149686447694,0.00754716992378235,0,0.0112107628956437,0.0981432386906818,0.0136674254899845,0.0432543789502233,0.00797607190907001,0.0129163835081272,0.00570264761336148,0.00317965028807521,0.00138888892251998,0.0243204584112391,0.00448430492542684,2.14764496753924,0.0364997650031,0.0260033928789198,0.0065609619487077,0.301216087769717,0.0751285074511543,0.302387275965884,0.302487576380372,0.730691734701395,0.0624999980209395,0.117647062405013,0.0145454546436667,0.188638789579272,0.0147523703053594,0.986225867876783,0.0180831830948591,0.982224501785822,0.0309498391579837,0.314822545158677,0.0183486239984632,1.19738271902315,0.00446428591385484,1.84610704134684,0.00333055783994496,0.243837447836995,0,0.23279591742903,0.0255159474909306,7.10917229548795,0.0310077518224716,2.24291152262595,0.0166073542786762,1.83484166121343,0.0154696125537157,2.08280626987107,0.00967458199011162,1.13973273080774,0.0191204587463289,1.30309281335212,0.207070706877857,0.216582074761391,0.0420757359825075,0.528301904443651,0.0311486050486565,1.50033141067252,0.0258397939614952,0.25102039729245,0.0102145050186664,0.677860680734739,0.201765447854996,3.4478396885097,0.00628930795937777,5.70838296040893,0.01733209611848,4.76045208435971,0.0122905024327338,1.17368877312401,0.00568720372393727,0.569516731309704,0.006009615608491,0.344052439962979,0.00113058229908347,0.0309523821342736,0.032110090367496
0.0242980555049144,3.78888277127407,0.0125753204338253,0.275129771791399,0.00112359551712871,0.0967923454008996,0.00250521919224411,0.340885902114678,0.00117647054139525,0.0597675733733922,0.00111358577851206,8.57937659043819,0.00544773600995541,1.88847312424332,0,0.486099400091916,0.0112107628956437,0,0.116852148086764,0.224376725032926,0.0342857142677531,0.112967381486669,0.0525657080579549,0.0930232593091205,0.00396825384814292,0.0259740252513438,0.00242130761034787,0.0552763813175261,0.0584890334866941,16.3563364556758,0.0958971773507074,0.16034565854352,0.366220732801594,0.360043125401717,0.144404335878789,0.10007943038363,0.0218014915008098,0.276450503384694,0.0322043299674988,0.0567226919811219,0.0202190391719341,0.0798005014657974,0.0329159201355651,0.0884022680693306,0.0350877204327844,0.177631583414041,0.0203850514953956,0.067366898059845,0,0.0322580644860864,0.00395256909541786,0.0165662644430995,0,0.00455321557819843,0.0135859848815016,0.132237068901304,0.0797622002428398,4.22628263302613,0.075659153633751,0.107078693981748,0.035099794215057,0.419573641847819,0.00602107378654182,6.78006346162874,0.00526315765455365,0.0664961646543816,0.357358190463856,0.693161873496138,0.137148493085988,0.728571456391364,0.203238405054435,1.72144851065241,0.0385706180240959,5.68812449637335,0.0178282007109374,0.619626906467602,0.233082712627947,0.724999966914766,0.00997506268322468,16.2582781305537,0.0101046551717445,3.95007159828674,0.00592885399237275,0.290606651455164,0.00815328152384609,0.286544479313307,0.00500312680378556,0.0959332645870745,0.00462829042226076,0.0200421931222081,0.442413175478578,0.145648315781727
2.53467242000625,0.565841601812281,9.7834690468153,2.84775234176777,0.0194862706121057,0.0461197353433818,0.949506420845864,1.71433878617245,0.00918273639399558,0.0271334798890166,0.202286714338697,0.659383556048851,0.179795025556814,0.904761867423076,0.0378166239825077,0.0568022435763851,0.0981432386906818,0.116852148086764,0,17.4278070686851,0.0669406926026568,0.0414985595270991,7.17964035790646,1.30718544888077,0.0582914566621184,0.0294659305363894,0.00845070445211604,0.0299516900558956,0.485034020268358,0.432903444569092,6.80847661569715,2.78875439963304,16.7602783612674,14.7451702348189,0.503488983376883,0.0829015569761395,0.200810445996467,0.0661896230885759,0.226415090379305,0.0403022663667798,0.146546550095081,0.0118976796511561,0.00672166200820357,0.00475543487118557,0.00444279913790524,0.00767459685448557,0.0575631600804627,0.0197591856122017,0.000779423222411424,0.00237717916024849,0.00248756230575964,0,0,0,0.0934351130272262,0.0370915507664904,0.796899244276574,0.278113125474192,0.100807758746669,0.0398650721763261,0.0319148936541751,0.0566483088769019,0.0161877786740661,0.057218893780373,0.00420521449996158,0.00495750701520592,0.913011885015294,0.426153830427211,11.164869915694,3.72289158945205,2.99955935683101,2.15926090220455,0.79518071631901,0.740350892534479,0.182242984883487,0.61952073010616,0.774358980939724,1.65487494657282,0.00594883982557803,0.0510083049302921,0.0240073864697479,0.0817562422016636,0.0567545962403528,0.0253766849637032,0.0174591378599871,0.033117932965979,0.00962927297223359,0.0225375619484112,0.0233799243578687,0.00608899287180975,0.653944022487849,0.492518719984218
0.169521301751956,3.06708974950016,0.458967204031069,12.3231127829058,0.00456273753661662,0.0708031984395348,0.079787231516093,4.03583225829061,0.000784313713666052,0.0248400459531695,0.0188964477274567,1.30562185868621,0.0158436759375036,1.48438383149914,0.00251968507654965,0.0924317610333674,0.0136674254899845,0.224376725032926,17.4278070686851,0,0.0636144576128572,0.0873279538936913,0.837864513450768,2.9924136644695,0.0152413205942139,0.0227987413527444,0.00159872102085501,0.0573300576070324,0.0664251198759302,0.622030212543905,1.62965540966252,1.64473229879513,2.28500917786732,6.3963663673494,0.0697986589511856,0.0151730682700872,0.118010030128062,0.123466254794039,0.189362504053861,0.0421205520397052,0.0589101598598063,0.0214320509694517,0.00603566528297961,0.0138721352559514,0.00585746829165146,0.00940228335093707,0.0491569030564278,0.0354472436010838,0,0.00207182328449562,0.000910746806766838,0.00171135202981532,0,0.00153433065861464,0.0992596702999435,0.0795967091107741,0.148557402135339,0.851599615445593,0.0392269971780479,0.0798238336574286,0.0159744406118989,0.126286887563765,0.00633134023519233,0.1409117851872,0.00290909083560109,0.00750938686542213,0.457434981391998,0.359082400682382,5.6746609925176,6.9865611330606,0.650511153275147,2.90207933064085,0.156142361462116,1.33408750459785,0.0844529727473855,1.07153146667406,0.684365779161453,2.25204462028341,0.00292255240492523,0.0719144798349589,0.00828500400530174,0.170703578041866,0.00695894239470363,0.0497581204399467,0.00451702589634806,0.0807663411251269,0.0016333197709173,0.0346820801496506,0.0273972604190931,0.00603188277455047,1.03909461875446,0.626518234377727
0.0249048764817417,0.0254638041951694,0.123834881815128,0.0981021858751774,0.0703205782920122,0.995850674808025,0.0387226536404341,0.0538423878606409,0.0225479132495821,0.14688128256239,0.0325534082949162,0.0141509429086,0.0348399240174331,0.0204410966252908,0.419312156620435,0.262652152450755,0.0432543789502233,0.0342857142677531,0.0669406926026568,0.0636144576128572,0,4.04054063837975,0.66974401823245,0.313291124068201,2.45493568433449,3.36208869935945,0.424314657691866,2.11810019100085,1.37416615011171,0.126742711290717,3.5950413235696,1.94960629194975,0.115262823062949,0.0517766510602087,0.0279720276594162,0.0403587464243174,0.427956998115405,0.118518520146608,0.176113364752382,0.115490374504589,5.63636374659836,0.19487180095166,0.0181634710170329,0.030248032999225,0.0113475173711777,0.0273764252196997,0.0337690623709932,0.0359342928277329,0.0015686274273321,0.00324411992914975,0.01245877641486,0.00217037438414991,0.00424628471955657,0.00211864407174289,0.084677416831255,0.0493827147874981,0.0167493795161135,0.0169704590225592,0.0288248334545642,0.00609137071296573,0.0143334927270189,0.0175859312294051,0.00169491523411125,0.0163265299052,0.0165593371493742,0.0104370517656207,0.0359661506954581,0.0551935625262558,0.0197693570517004,0.046136099845171,7.08588940557092,1.95519357919693,0.715789441019297,0.39635996799916,0.532066531479359,0.51904763886705,0.427073411643505,0.379746844992042,0.0769230793230236,0.0050632911734283,0.0837589411530644,0.0149700604379177,1.86952936695889,0.126726239221171,0.0561935044243,0.0103796772891656,0.501272266265005,0.126696833176538,0.0325264738639817,0.00268546491861343,0.562277575489134,1.04153352789581
0.00478959985775873,0.0762315725442022,0.0204216075944714,0.204223314882256,0.0200200197286904,6.10843350738287,0.00149663264164701,0.121418161143083,0.00652883551083505,0.426900587975979,0,0.062883434118703,0.000927643792238086,0.0444209414999932,0.00259067350998521,2.14187071030028,0.00797607190907001,0.112967381486669,0.0414985595270991,0.0873279538936913,4.04054063837975,0,0.176397516333964,0.259336113231257,1.14363889815286,2.37239878065884,0.264064287766814,11.9284830747638,0.0261748952325433,0.788819860899821,1.61674719909206,2.19047618843615,0.0707635040162131,0.0479520466178656,0.0695364237762988,0.138075310271233,0.0415800418704748,1.83213917305693,0.0686274550389498,5.90561012178659,0.0344827580265701,7.21327041089535,0.0556107247248292,0.100890207104385,0.0582524291239679,0.0861173002049327,0.0674518193118274,0.14343434991315,0,0.0205533592961729,0.00144875049591064,0.0106666667852551,0,0,0.0158730167895555,0.235734329558909,0.00921375903999433,0.056004979996942,0.0163398688891903,0.0199800194241107,0.00847058842191473,0.031176928896457,0.00165016506798565,0.0194619342219085,0.00178731011692435,0.0217252392321825,0.0878661089809611,0.168875421630219,0.0369181380374357,0.08453837223351,3.97623774781823,6.10059179551899,0.0835030591115355,1.45935353823006,0.331125827506185,1.78318583406508,0.382978724897839,1.13125588651747,0.00947867333889008,0.0889929705299437,0.00100502511486411,0.0443786988034844,0.00482703151647002,1.07996832346544,0.00145454544690438,0.0492824263637885,0.00244498788379133,1.19085309223738,0.00298953661695123,0.0172700094990432,21.6549516934901,1.59420295385644
0.0514191706315614,0.069915253407089,10.7690451107919,2.20570800921996,1.96392110490706,0.347529826685786,1.49058502211119,1.64470857079141,0.436669008806348,0.178077577147633,0.019634393567685,0.0869565193424933,0.132356540241744,0.598955609428231,0.349124327301979,0.169309168995824,0.0129163835081272,0.0525657080579549,7.17964035790646,0.837864513450768,0.66974401823245,0.176397516333964,0,13.7895005129976,6.34531841706485,1.1472650677897,1.17224200250348,0.486545442254283,0.207734797149897,0.498168512014672,21.2360883802176,7.17617990245344,5.04338052123785,1.27226592920488,0.372001584270038,0.0455109641188756,0.0337814533268102,0.044581618567463,0.0364988181972876,0.0254735456546769,0.0119402981363237,0.0186361715896055,0.012648620759137,0.00993377482518554,0.0029577047098428,0.00791235512588173,0.0136590496404096,0.0188823679927737,0.000616142933722585,0.000624219712335616,0.005957446701359,0.00104876770637929,0,0.00205831899074838,0.0121365361846983,0.0220750542939641,0.0465832523477729,0.0628759932587855,0.0286092701135203,0.00761228118790314,0.0103346456307918,0.0105524523532949,0.00444303406402469,0.0151926206890494,0.000654022209346294,0.00399543362436816,0.306220101192594,0.110917033802252,0.243642073823139,0.124031002633274,1.01186847011559,1.52726038824767,0.128723037196323,0.468918930273503,0.0585284276166931,0.0719364291289821,0.337086098326836,0.200800538703334,0.00592969096032903,0.0101437023840845,0.0132349195191637,0.0262761151825543,0.0251414207741618,0.041224236600101,0.00824538292363286,0.0184659096412361,0.0130576713709161,0.0279583873925731,0.00260021671419963,0.00363636374822818,0.0577264666208066,0.158493867376819
0.0100571428774856,0.165839834546205,1.23707661917433,14.9716844871873,0.251325987512246,1.85539217846235,0.200695842504501,4.80718113435432,0.0868831700063311,0.72558512823889,0.00567490898538381,0.248185775591992,0.041019955300726,1.49865390703781,0.0841121531557292,0.541871905443259,0.00570264761336148,0.0930232593091205,1.30718544888077,2.9924136644695,0.313291124068201,0.259336113231257,13.7895005129976,0,1.72698124544695,2.43974636745406,0.299612577538937,0.498453371459618,0.0631982145714574,1.38536898291204,7.23236843617633,7.90777053724742,0.699314400844742,0.451071232615504,0.0885214007575996,0.0259067368460819,0.0339685176149942,0.12597776617622,0.0550161830615252,0.0551456322427839,0.0129171148873866,0.0405549616552889,0.0253894969355315,0.0306024877354503,0.00967519008554518,0.0250089311157353,0.0325301211560145,0.0541958053945564,0,0.00441663607489318,0.000949442212004215,0.00360685307532549,0,0.00164744642097503,0.0178777386900038,0.0752089155139402,0.011045029386878,0.110158593219239,0.00669099751394242,0.0104226985713467,0.00391389441210777,0.026325412094593,0,0.0356361371814273,0.00155581487342715,0.00530328135937452,0.073611109808553,0.0977278337813914,0.0593031896278262,0.10378562216647,0.481722178577911,4.10218965040985,0.0640920301666483,1.17832591931801,0.078740157186985,0.20798320393078,0.408211592759471,0.430107522988692,0,0.0308674839325249,0.0023242300376296,0.0654475456103683,0.011873840354383,0.161325972236227,0.00322754165972583,0.0489795909379609,0.00881057290825993,0.110467358957976,0.0106589146889746,0.00582567768287845,0.120113315293565,0.45075127040036
