0,0.0419030995108187,7.24153412505984,0.102422328840476,0.0325892858963925,0.00845383733394556,6.64769605756737,0.108265423768898,0.0935170526790898,0.00395343726268038,5.04951799285482,0.0463414623518474,1.70643726142589,0.052779731049668,0.386899054574315,0.00956754665821791,2.17472290503792,0.0197327854111791,2.49742048064945,0.521358875266742,0.0766203126404434,0.00526177347637713,0.0933828113484196,0.0340304849669337,0.0018836825620383,0.000911577022634447,0.00686184808728285,0.00422932341462001,2.02118562284159,0.0361786326393485,0.442156272183638,0.0409185801399872,2.69434659171384,0.247885369346477,0.0165829143952578,0.00621278816834092,0.424719099974027,0.00578806782141328,0.293557680153754,0.00727739720605314,0.498529022792354,0.00211752252653241,0.00728660626919009,0.00149114627856761,0.0114105842076242,0.00321737374179065,0.0510819456540048,0.00377552775898948,0.0139287176425569,0.000814995903056115,0.0291734188213013,0,0.00313479622127488,0,0.0864154862938449,0.0287385129486211,13.7644519401947,0.0273373414529487,0.761443193012383,0.00346560380421579,0.387659275438637,0.00493725563865155,0.843776121619157,0.00767123312107287,0.0629385517677292,0.00113058226997964,0.573389381141169,0.0422345366387162,4.33704156568274,0.119650255073793,1.03493058105232,0.162281671655364,3.41939762263792,0.0515621582162566,0.47798740491271,0.0194839391624555,1.03518239868572,0.119141482748091,0.0682484656572342,0.00688924203859642,0.288645702763461,0.0107784433057532,0.31203008061857,0.00907216477207839,0.250207513672649,0.00355375063372776,0.0837209320161492,0.00506008858792484,0.0837914145668037,0.00199033273383975,0.0368638249929063,0.0482720811851323
0.0419030995108187,0,0.0340057640569285,4.2547511588491,0,0.101435848802794,0.00924349296838045,3.42517542862333,0,0.050731262890622,0.00729427859187126,4.28083494538441,0.0034094782313332,0.833847863366827,0.00356859632302076,0.10417904285714,0.0355411960335914,2.19453918118961,0.102130784944165,1.93933083466254,0.0506329121999443,0.0458057394716889,0.0349705916596577,0.0505032035289332,0.00196560192853212,0.0246972218155861,0.00476758053991944,0.0303996073780581,0.0453497302951291,1.05730998096988,0.0820770510472357,0.0984175176999997,0.243004990566988,0.425213673035614,0.0320799383334816,0.0119370591128245,0.0374444178305566,0.0732329092570581,0.0571428578114137,0.0271412672300357,0.00505334098124877,0.0299916680669412,0.00859137251973152,0.0242868151108269,0.0118222582095768,0.0362802333547734,0.0168467313051224,0.0162831855122931,0.00170031876768917,0.038469668943435,0.00665658095385879,0.00293577974662185,0.000466309167677537,0,0.0131930825591553,0.0767906347173266,0.0683547800290398,8.49250618048245,0.042639971798053,0.104755093954736,0.0196993267745711,0.5520922113501,0.0299284316715784,0.499811262590811,0.0128148473158944,0.0869395743939094,0.203935084282421,0.47507691453211,0.155655339825898,2.04797317378689,0.110515272739576,1.0013805963099,0.0281170775997452,1.38136364569073,0.0164880469674245,0.192764426523354,0.276481155771762,0.760082027642056,0.00895355362445116,0.146232971223071,0.0165755598573014,0.354298017919064,0.00303621770581231,0.0744703591335565,0.00823643407784402,0.103349780547433,0.00194033468142152,0.0665790638886392,0.00701861456036568,0.0455009472789243,0.127819552086294,0.151052171830088
7.24153412505984,0.0340057640569285,0,0.862847457581665,1.58917963557178,0.265234547841828,12.4913776231697,0.91371146547317,0.34045393098495,0.30173160956474,1.37680849933531,0.108682577643776,2.32405887800269,0.452443044487154,0.602117981296033,0.0884186628973112,0.411623330845032,0.0190592045837548,11.9229955321352,0.87676697364077,0.0428055709926412,0.0155118922702968,5.59755180292996,1.30986165537615,0.237366706132889,0.163860827306053,0.133363367523998,0.0282211423327681,1.72466957842698,0.164495720411651,3.71075702848611,0.484249547123909,5.45367988944054,0.285324228112586,0.0405238446546718,0.0127226463519037,0.261678113078233,0.00482561957323924,0.103839442599565,0.0050643595168367,0.166053599212319,0.0026007802807726,0.00788886996451765,0.00294550810940564,0.0108737866394222,0.00277777781593613,0.0161262046312913,0.00475059391465038,0.0084865631069988,0.00120603013783693,0.0215932308929041,0,0.00352967134676874,0,0.0287032288033515,0.010244547680486,0.672466862481087,0.0214005157176871,0.271727572020609,0.00137033232022077,0.0577018727199174,0.00730519479839131,0.112461378914304,0.00396968596032821,0.0230607968114782,0.00297729810699821,0.212571121868677,0.0237247929908335,0.712050396250561,0.06027645766153,1.30818444289616,0.493246201891452,1.65132010891102,0.145133509417064,0.201390680798795,0.0238033632049337,0.646382967097452,0.138571121759014,0.0220010485500097,0.00364488415652886,0.0956889258231968,0.00918926933081821,0.135530379717238,0.0126093144353945,0.053176471759798,0.00302038772497326,0.0279367995681241,0.00956340989796445,0.0217711100704037,0.000563300971407443,0.0275526748155244,0.0727174786152318
0.102422328840476,4.2547511588491,0.862847457581665,0,0.0103461999096908,1.13707597460598,0.341419778953423,11.6383535431232,0.00965212122537196,0.306334580818657,0.0465753441967536,0.857665556715801,0.121414475142956,2.13065818295581,0.0190740411926527,0.240817735757446,0.0241297474422026,0.0920347459323239,0.979730860475684,7.073937022069,0.0408537976909429,0.0262249823135789,1.97205585625488,12.5927605643519,0.00959732913179323,0.19821646384662,0.00284668555832468,0.0233236153144389,0.0678252053330652,0.603451215079986,0.925622807408217,1.5689655590686,0.411041905987076,0.593153489753604,0.0176756514701992,0.00544341118074954,0.048438750061905,0.0258038911852054,0.0580683385196608,0.0134151020029094,0.00746791111305356,0.0124884366814513,0.00380348658654839,0.0121806801762432,0.00426363490987569,0.0192063775612041,0.0139068565331399,0.0109838384378236,0.00110537954606116,0.00770077024935745,0.00327287614345551,0.000647983164526522,0,0,0.0138976620510221,0.0297044859325979,0.0316981119685806,0.232256426708773,0.009154814761132,0.0145638755639084,0.00368663587141782,0.085444794211071,0.00862392169074155,0.0315562210744247,0.0019051248091273,0.0160601399256848,0.0452771247946657,0.0708846747875214,0.0759259257756639,0.378168427414494,0.164405427291058,1.48115995380795,0.0691426292178221,0.646496189525351,0.0284273265278898,0.110036834346829,0.389650517317932,0.55868544022087,0.00465441000415012,0.0148148145526648,0.00813262432347983,0.0559092167532071,0.00562429675483145,0.051519645989174,0.0044548389269039,0.0239762612764025,0.00123813457321376,0.0461334831197746,0.00961934856604785,0.00976253295084462,0.0870605112286285,0.195610687660519
0.0325892858963925,0,1.58917963557178,0.0103461999096908,0,0.19116882327944,0.136558581201825,0.0129568100965116,4.34248767793179,0.0736258196411654,0.0501504517160356,0,0.120357045729179,0.00192678230814636,2.85326290968806,0.0165662644430995,0.0824742298573256,0.000871459720656276,0.0117994104512036,0.00118483416736126,0.148267525713891,0.0536149473628029,0.7742432289524,0.129557295527775,2.27549190726131,0.334433441981673,3.49167603231035,0.345195738016628,1.18178584467387,0.0160759962163866,2.36844313214533,0.10180180426687,0.15504424466053,0.00248215952888131,0.00709219835698605,0.00309358071535826,0.034042552113533,0.00208116555586457,0.00924499193206429,0.000951474765315652,0.0376390083692968,0.00331125827506185,0.00626174092758447,0.000715563481207937,0.00795861531514674,0.00166458589956164,0.00977835705270991,0.00122812401968986,0.00951557123335078,0.000855432008393109,0.0170737492153421,0,0.0031645568087697,0,0.00621890532784164,0.00117130309808999,0.0351675631827675,0.000421407487010583,0.0119960017036647,0,0.00530347687890753,0,0.0234445449896157,0,0.0168776367790997,0,0.0126914663997013,0.00243486734689213,0.00175131345167756,0.00337837846018374,3.32594920601696,0.0491551458835602,0.562178850290366,0.0159441959112883,0.0417335473466665,0.00162866443861276,0.0552593295578845,0.0120240482501686,0.0440304817166179,0,0.0622330665355548,0.000486617995193228,0.234445449896157,0.00614035100443289,0.0283131509495433,0.00150687515269965,0.0670520216226578,0.00368154630996287,0.0124969959142618,0.000896057346835732,0.00187793432269245,0
0.00845383733394556,0.101435848802794,0.265234547841828,1.13707597460598,0.19116882327944,0,0.0787132128607482,0.677713339537149,0.118589749443345,8.7487486214377,0.00497760076541454,0.104862582171336,0.0412844019010663,0.166826469416264,0.0660165045410395,5.89292404823937,0.0306905375327915,0.110822513699532,0.0606653633876704,0.159834855992813,1.83121021836996,6.18298555305228,0.618962461594492,2.52283777354751,0.869976360350847,10.6186581244692,0.793615862959996,9.82128130178899,0.0778485467890278,2.41061045613606,2.30525436764583,2.44742733630119,0.102816897793673,0.0679431762546301,0.0364912294317037,0.0504587172763422,0.0211081793531775,0.418172426288947,0.0275229346007109,1.71563530201092,0.00675675692036748,0.861815183772705,0.0442505455575883,0.112455516937189,0.0427215200616047,0.126550870423671,0.0596821289509535,0.146088026056532,0.0025784270837903,0.0263493417296559,0.0047258980339393,0.00065104168606922,0.0010465724626556,0,0.00309501716401428,0.499708433169872,0.00948649185011163,0.0575509365007747,0.0132625992409885,0.0068407958606258,0.00997359893517569,0.0234171730116941,0.00895656063221395,0.0150684935506433,0.00837988837156445,0.0145348836667836,0.0789531067130156,0.14944202080369,0.0217485867324285,0.135120038525201,1.69754053442739,4.15142260957509,0.0326364114880562,2.52423331793398,0.074544012080878,0.596942897536792,0.342637150548398,0.893087976612151,0.013377926312387,0.0311730927787721,0.0145763740874827,0.099393938871799,0.00626959244254977,1.7917211856693,0.00510377663886175,0.0965439519495703,0.00458452710881829,3.09506407473236,0.00287356314947829,0.08751953789033,0.461111102951691,0.339138401322998
6.64769605756737,0.00924349296838045,12.4913776231697,0.341419778953423,0.136558581201825,0.0787132128607482,0,0.406881990144029,0.229916891083121,0.102677058486734,2.6575343227596,0.0274365916848183,5.85416666121455,0.162092993559781,0.54490109148901,0.0319391621451359,0.31302270872402,0.00708078528987244,0.855380171036813,0.196298833587207,0.0139534883201122,0.00194174761418253,1.64922597276745,0.46173650433775,0.0471765560796484,0.0289349841477815,0.0115364450903144,0.0039250667905435,1.40118873590836,0.0700120218389202,1.12345289904624,0.190910566598177,0.688908676471328,0.078129372530384,0.0120097575709224,0.00191864921362139,0.11036385782063,0.001369628473185,0.0538697560550645,0.00166085374075919,0.071147796290461,0.00117027503438294,0.00506115553434938,0.00178731005871668,0.00404228846309707,0.00158177790581249,0.0105910980491899,0.00167224084725603,0.00738244238891639,0.000958926044404507,0.0172074735746719,0,0.00103181428858079,0,0.0154169583402108,0.00627215713029727,0.506112175571616,0.00669359489984345,0.0846820790320635,0.000561797758564353,0.056338029622566,0.00161030591698363,0.108196184039116,0.00205158258904703,0.0135492404806428,0.0006009615608491,0.0424078226205893,0.00797408446669579,0.0735128161031753,0.0105355572304688,0.75356836876017,0.183242504252121,1.00664963107556,0.0566992925014347,0.129719266551547,0.00816009312984534,0.359745896537788,0.0331360944546759,0.0211764702689834,0.000390396249713376,0.0972627458395436,0.00298916443716735,0.0980935283005238,0.00225842886720784,0.062972805055324,0.00151712179649621,0.0169941578060389,0.00525279063731432,0.0153465351322666,0,0.00361155698192306,0.0240240240236744
0.108265423768898,3.42517542862333,0.91371146547317,11.6383535431232,0.0129568100965116,0.677713339537149,0.406881990144029,0,0.0117311878420878,1.27490557846613,0.04128440504428,2.79721364931902,0.135830140934559,6.72757482680026,0.0251442106673494,0.983446611673571,0.0198347104014829,0.204839965328574,0.903505096212029,2.43494512536563,0.040740049968008,0.0322037060977891,2.09215778394719,2.67307170745335,0.0165889067575336,0.159581641259138,0.00778078453731723,0.0248447195626795,0.0852477933221962,1.39418724656571,1.18435238618986,2.34944697737228,0.434318673389498,0.569207709282637,0.0184782615106087,0.0066629649954848,0.0343906518828589,0.0411140576470643,0.0379725929815322,0.0202833234798163,0.0071983330999501,0.015419330826262,0.00711938692256808,0.0240405508957338,0.00936131703201681,0.0227237833314575,0.0161604912136681,0.0263336509815417,0.00124571786727756,0.0105459056212567,0.00264200786477886,0.000837170344311744,0.000333000323735178,0,0.00764400768093765,0.049169433186762,0.0386851513321744,0.551490525947884,0.0132189559808467,0.0268089169985615,0.00826226032222621,0.178722078329884,0.0110619472980034,0.102922314457828,0.0044850233825855,0.0280414782464504,0.0783410147414543,0.121698918519542,0.067250547290314,0.327556928736158,0.194805189385079,1.8733300944732,0.0703434632741846,0.757887879153714,0.0250186710327398,0.0899213156662881,0.350234900426585,0.456272515992168,0.00415800412883982,0.044410991249606,0.0105576607456896,0.178588804235915,0.00537294583045878,0.0798122087144293,0.00621678517200053,0.0543582104146481,0.00102739728754386,0.072895113931736,0.0062870268302504,0.0249591794563457,0.0610628022113815,0.180871582124382
0.0935170526790898,0,0.34045393098495,0.00965212122537196,4.34248767793179,0.118589749443345,0.229916891083121,0.0117311878420878,0,0.0611398989567533,0.261720754206181,0.000870700925588608,1.63157892704476,0.00457366858609021,14.5727478089975,0.0122935073450208,0.502384727122262,0.000892060634214431,0.00733822566689923,0.00300932879326865,0.107744105160236,0.0458404084201902,0.195578677114099,0.0973832359886728,0.355911323917098,0.128045326680876,1.1172098267125,0.161665641702712,2.56272656098008,0.0163934427546337,0.803433485794812,0.0479926152620465,0.0541125540621579,0.00441640370991081,0.0103168757632375,0.00161290320102125,0.0547345378436148,0.00214018183760345,0.0190073924604803,0,0.0430107526481152,0.00692640710622072,0.0171919770073146,0.00145878922194242,0.0178861784515902,0.000851063814479858,0.0305140967248008,0.000624219712335616,0.0416113318642601,0.000875273544806987,0.0307396724820137,0,0.00434074876829982,0,0.0233955107396469,0.00297441991278902,0.117130310973153,0.0021308331633918,0.0271370424889028,0,0.0341215215157717,0.00178731011692435,0.0942263285396621,0.00140252453275025,0.0365384615724906,0.000745156488846987,0.0199247294222005,0.00641341874143109,0.00179291795939207,0,2.4395008077845,0.0410526297055185,0.848388766869903,0.0143295801244676,0.127409891691059,0.00510638288687915,0.110447766375728,0.0154400418978184,0.079787231516093,0.00173761951737106,0.238139525055885,0.00197190046310425,0.56443418370327,0.00628648424753919,0.0777969025657512,0.00114155252231285,0.155038756784052,0.00377358496189117,0.021421616896987,0.000906823843251914,0,0.00391006842255592
0.00395343726268038,0.050731262890622,0.30173160956474,0.306334580818657,0.0736258196411654,8.7487486214377,0.102677058486734,1.27490557846613,0.0611398989567533,0,0.0125786165590398,0.0982253428082913,0.0451212655752897,0.88484468695242,0.0293685751967132,5.10443398408825,0.0188772984547541,0.0819256776594557,0.0512163899838924,0.0968396631069481,0.178082193480805,0.30214723222889,0.554016593378037,1.31192368484335,0.134857141412795,1.88365944789257,0.071466667461209,0.435474717174657,0.057558947824873,1.03629894088954,1.20358302013483,3.25774093915243,0.0731538964901119,0.0594660199712962,0.0310182075481862,0.0234260614961386,0.0112647209316492,0.111278192256577,0.0168316836934537,0.0588505752384663,0,0.0624512089416385,0.0177532903617248,0.0557880057021976,0.0170146939344704,0.0508885311428457,0.0241961157880723,0.0684684701263905,0.0016771488590166,0.00912484416039661,0.00326340325409546,0.000638977624475956,0.00101574405562133,0,0.00364852545317262,0.0418577963719144,0.00611371520790271,0.0336169320798945,0.0123617440694943,0.00488698855042458,0.00346120563335717,0.0126903550699353,0.00436490605352446,0.00940228335093707,0.00543970987200737,0.00996441289316863,0.0460908905661199,0.0722488029277883,0.00933389889542013,0.0724716049153358,0.471305241808295,2.50740389572456,0.0227835557889193,0.979807693220209,0.0212282035499811,0.155265178298578,0.203183522680774,0.29869502002839,0.00797448155935854,0.0297572435811162,0.011339899036102,0.0564188396092504,0.00349192484281957,0.539736516075209,0.00336927216267213,0.0497956137405708,0.00332778703887016,0.452359762042761,0.00141709964373149,0.012783777579898,0.0509666085708886,0.264577886089683
5.04951799285482,0.00729427859187126,1.37680849933531,0.0465753441967536,0.0501504517160356,0.00497760076541454,2.6575343227596,0.04128440504428,0.261720754206181,0.0125786165590398,0,0.00821692694444209,10.3857181495987,0.0375234510283917,1.5685558039695,0.00510948884766549,8.07905170693994,0.00336275738663971,0.217543856939301,0.088439304381609,0.0513207546900958,0.00760456256102771,0.142139627831057,0.051964511629194,0.00113571831025183,0.0021030493080616,0.0106044544372708,0,1.97167533019092,0.0198511162307113,0.28374544926919,0.0347222224809229,0.195943620346952,0.0344723329762928,0.0160642568953335,0.00145243282895535,0.168024448212236,0.00598205393180251,0.0965041869785637,0.00091491307830438,0.183559457655065,0,0.0152532025822438,0.00138937134761363,0.0107816711533815,0.00321672693826258,0.02157360361889,0.00239449273794889,0.0342237051809207,0.000825763854663819,0.0441757732187398,0,0.00606060633435845,0,0.0266666668467224,0.0045727351680398,4.2427814900002,0.00579710147576407,0.108265806513373,0.000608828035183251,0.309948254958726,0.0016842104960233,1.14943531074096,0.00066912011243403,0.0857013967470266,0.000708968436811119,0.057155133690685,0.0119303265819326,0.0371621630620211,0.0247311833081767,0.658585888333619,0.0697103558341041,1.26206900342368,0.024868484120816,0.270676694344729,0.0106707313098013,0.402421977370977,0.0201923077111132,0.319367582909763,0,1.30398568976671,0.00286123040132225,1.98001744004432,0.00423011835664511,0.214225658157375,0.000370851106708869,0.145534734707326,0.00265839602798223,0.0320376919116825,0.000879507453646511,0.0104438639245927,0.0155172413215041
0.0463414623518474,4.28083494538441,0.108682577643776,0.857665556715801,0,0.104862582171336,0.0274365916848183,2.79721364931902,0.000870700925588608,0.0982253428082913,0.00821692694444209,0,0.00817786902189255,6.9482272596797,0.00194111937889829,0.541989678342361,0.0260504204197787,6.45191974751651,0.376396445150021,1.15251568355598,0.0582986302906647,0.0383004173636436,0.0949746430269442,0.127562647685409,0.00566839857492596,0.0434012390905991,0.00802854570792988,0.0310442142072134,0.0227622265811078,9.38873138092458,0.208997518057004,0.278195491409861,0.217457877006382,0.411684413673356,0.0248648654669523,0.0161569525953382,0.0267241378314793,0.0499576619477011,0.042731462046504,0.0173092054901645,0.0012430080678314,0.0157766991760582,0.0115575125673786,0.0302936621010303,0.0142228240147233,0.0668308135936968,0.0176738877780735,0.022721124230884,0.00218023255001754,0.0208783291745931,0.00214730520383455,0.00228767516091466,0.000856164377182722,0,0.0103938732063398,0.0399481193162501,0.0212362532038242,1.17007330525666,0.0273176393820904,0.0357044767588377,0.0104329676833004,0.222629070281982,0.013544017681852,0.243348290096037,0.00855033053085208,0.0409191055223346,0.0982035897905007,0.164943914569449,0.0807635817909613,0.497292415646371,0.102739725261927,2.09611360263079,0.0276613580645062,2.92112795857247,0.0154211154440418,0.232613914180547,0.224530556122772,0.544334978854749,0.0111042562639341,0.364963500760496,0.0118343190988526,0.290549456316512,0.00300978170707822,0.180882356478833,0.00380771071650088,0.0688815435860306,0.00184331799391657,0.0734787583351135,0.00608563364949077,0.0203915173187852,0.104983384371735,0.143799478188157
1.70643726142589,0.0034094782313332,2.32405887800269,0.121414475142956,0.120357045729179,0.0412844019010663,5.85416666121455,0.135830140934559,1.63157892704476,0.0451212655752897,10.3857181495987,0.00817786902189255,0,0.0607226875144988,8.22069287713384,0.0146954255178571,1.71338857972296,0.00311041984241456,0.171218031318858,0.0566916388925165,0.0349500722950324,0.00858983513899148,0.442776046693325,0.220064731256571,0.0141975315054879,0.0212954739108682,0.0237741461023688,0.00492459209635854,2.57110196107533,0.0320930239395238,0.590471387258731,0.076658733014483,0.174566999834497,0.0246552437311038,0.00941809581127018,0.00490196089958772,0.134766193572432,0.00286944035906345,0.0678062660736032,0.00163710775086656,0.090775988297537,0,0.0126129909767769,0.000917852215934545,0.0166830226080492,0.00201714574359357,0.0332541576062795,0.00207468881853856,0.0294193539884873,0.00102537812199444,0.0567474056733772,0.000432900444138795,0.00925122853368521,0,0.0267838463187218,0.00602651678491384,1.07738004543353,0.00317007448757067,0.0736196322832257,0.00125944582396187,0.158967115334235,0.00207576551474631,0.442211065907031,0.000895255128853023,0.0524891774402931,0.000465116288978606,0.0329365712532308,0.0116402114799712,0.0259942811680958,0.00658879918046296,1.30673603038304,0.0699658681405708,1.40210886835121,0.0224089645780623,0.185119260568172,0.00358294520992786,0.381136219599284,0.0258499584160745,0.0714285740396008,0.00216841336805373,0.466845690389164,0.00176273577380925,0.749537177500315,0.0031225603306666,0.169404792774003,0.000873108278028667,0.104464014293626,0.00214132759720087,0.0384346608188935,0,0.00761035014875233,0.0181887075304985
0.052779731049668,0.833847863366827,0.452443044487154,2.13065818295581,0.00192678230814636,0.166826469416264,0.162092993559781,6.72757482680026,0.00457366858609021,0.88484468695242,0.0375234510283917,6.9482272596797,0.0607226875144988,0,0.00778210116550326,0.826943040126935,0.0267175573389977,0.617319247685373,0.847003509290516,1.33886466786498,0.0433537840726785,0.0279260789975524,0.713053694198607,0.949017767212354,0.00485942396335304,0.0628722694818862,0.0039920158451423,0.0242214536410756,0.0433374860440381,6.31362601724686,0.685809835558757,1.31191584630869,0.259617776493542,0.435961139301071,0.0221882174955681,0.00881057279184461,0.0272373540792614,0.0415866923867725,0.022849889472127,0.0151240164996125,0.00421407487010583,0.0116086235502735,0.00409276937716641,0.0195048770983703,0.00376647850498557,0.020515663374681,0.0126404495676979,0.0103115896636155,0.00227531278505921,0.0101637491025031,0.00221361365402117,0.000469373393571004,0,0,0.00633484165882692,0.0238146787160076,0.0215303072764073,0.499495803145692,0.0128418549138587,0.0177071506914217,0.00478468908113427,0.129327616770752,0.00818234926555306,0.137746406486258,0.00539406639290974,0.020299416501075,0.0671977811143734,0.0884955731453374,0.0458715576678514,0.261073835776187,0.123870972543955,2.27177710318938,0.0431746013928205,1.39956402388634,0.0253061224357225,0.136513158911839,0.24977042991668,0.334999992512167,0.0025157232885249,0.101328901248053,0.00758589908946306,0.175009414670058,0.0023378140758723,0.0711825471371412,0.00283005530945957,0.0454475666629151,0.000681663281284273,0.0420491568511352,0.00111835970892571,0.015878617123235,0.0740414299070835,0.141228073101956
0.386899054574315,0.00356859632302076,0.602117981296033,0.0190740411926527,2.85326290968806,0.0660165045410395,0.54490109148901,0.0251442106673494,14.5727478089975,0.0293685751967132,1.5685558039695,0.00194111937889829,8.22069287713384,0.00778210116550326,0,0.0111863407073542,1.93584486376494,0.00395256921183318,0.032172994222492,0.0140879283135291,0.442986876470968,0.0354969565523788,0.199180863273796,0.0776291668880731,0.18444996146718,0.0601797589333728,1.07668111810926,0.0857025124132633,7.64189207693562,0.0195514669176191,1.05953906779177,0.0452549798064865,0.0768367958371527,0.0100908172316849,0.0167364017106593,0.00884955783840269,0.448683695867658,0.00525722868042067,0.142857145518064,0.00281392899341881,1.09214660804719,0.0041046692058444,0.0548919963184744,0.00226244353689253,0.0405654570786282,0.00127226463519037,0.112890526652336,0.00150075042620301,0.104814935475588,0.00194868457037956,0.142799515393563,0,0.0348881302634254,0,0.19560273271054,0.000962463906034827,0.45273544290103,0.00473847289686091,0.088188138906844,0.00101471331436187,0.105925032432424,0.0046174144372344,0.283203793049324,0.00164563913131133,0.107167712878436,0.00230017257854342,0.0557333822362125,0.0210396046168171,0.0145454542944208,0.00874056410975754,4.4603716104175,0.0571640699636191,2.22850763308816,0.0181950512342155,0.273779552429914,0.00812595244497061,0.318116984562948,0.0306905382312834,0.372528634499758,0.00102827767841518,1.25155506975716,0.000824572227429599,7.96079779125284,0.00331016228301451,0.501514213392511,0.00165289253345691,1.30797251686454,0.00480439246166497,0.289269683678867,0.00153698364738375,0.0088593577966094,0.00990643934346735
0.00956754665821791,0.10417904285714,0.0884186628973112,0.240817735757446,0.0165662644430995,5.89292404823937,0.0319391621451359,0.983446611673571,0.0122935073450208,5.10443398408825,0.00510948884766549,0.541989678342361,0.0146954255178571,0.826943040126935,0.0111863407073542,0,0.023082651256118,0.275567252596375,0.063207799103111,0.180494908243418,0.434826347976923,1.30500757601112,0.211024984018877,0.502357275225222,0.170037148054689,1.29407176317181,0.152276298962533,1.63569080166053,0.0365476519800723,11.0111975334585,0.584851415769663,1.24072830192745,0.0604872561525553,0.0655076879775152,0.0259740261826664,0.0304070633137599,0.00913937576115131,0.227136437839363,0.0185666547622532,0.299157306435518,0.00104438641574234,0.153531215619296,0.0578680217731744,0.134425307624042,0.0509358693961985,0.14353762625251,0.0681699009146541,0.135898076929152,0.00457815546542406,0.0188067444832996,0.0104775334475562,0.00157770188525319,0.000757002271711826,0,0.00555275136139244,0.130737803410739,0.0129032253753394,0.0801165361190215,0.019749132974539,0.0116544216871262,0.00869565195171162,0.0316101405769587,0.00944669335149229,0.0257463720045052,0.0111149707809091,0.0160780940204859,0.079382992524188,0.171440341509879,0.0178217827342451,0.1260904034134,0.650264951400459,2.23416079301387,0.0111441305489279,3.03232840320561,0.0261044166982174,0.291793327778578,0.196511215064675,0.61342086782679,0.0124545930884778,0.0707692281575873,0.0129224646370858,0.173805597412866,0.00269905524328351,4.03965647891164,0.00605235283728689,0.115276634111069,0.000807754462584853,1.7218225603574,0.00244548608316109,0.0322456819703802,0.128106014337391,0.160263448720798
2.17472290503792,0.0355411960335914,0.411623330845032,0.0241297474422026,0.0824742298573256,0.0306905375327915,0.31302270872402,0.0198347104014829,0.502384727122262,0.0188772984547541,8.07905170693994,0.0260504204197787,1.71338857972296,0.0267175573389977,1.93584486376494,0.023082651256118,0,0.0989247305551544,0.0993183996761218,0.0863182615139522,0.141620772192255,0.0190325137227774,0.0667006142903119,0.0303030293434858,0.00585823087021708,0.0075757575687021,0.0218340614810586,0.00932400953024626,3.46145726490067,0.148174913483672,0.129299623193219,0.0168888890766539,0.460245198046323,0.166000611498021,0.313888896489516,0.321995469275862,0.553926707245409,0.158811466535553,0.129489123821259,0.0300187617540359,0.368640532018617,0.0306946695782244,0.179280395561364,0.0389380523120053,0.283130169846117,0.0715166461304761,0.245965138426982,0.0352905375184491,0.499572998669464,0.0177364869159646,0.538733212742954,0,0.107995850965381,0,0.142329017689917,0.0255442664492875,9.54235204478027,0.0707705185050145,0.945562490844168,0.0229031270137057,0.813668198534288,0.0654890129808336,7.54181488516042,0.0252129482105374,0.639852038351819,0.0281893737846985,0.689565232081804,0.345177657902241,0.127052725176327,0.183831674279645,1.50259611872025,0.147251639282331,1.88562757777981,0.141384383663535,0.680250767385587,0.0429252788890153,1.3645485076122,0.704837158089504,5.79190767661203,0.0486223655752838,9.99818654346745,0.0541062788106501,3.84964409674285,0.0329004337545484,0.681147108203731,0.0202285068808123,0.448863622150384,0.0390376770519651,0.143641132046469,0.0089007563656196,0.0456620997283608,0.041591321118176
0.0197327854111791,2.19453918118961,0.0190592045837548,0.0920347459323239,0.000871459720656276,0.110822513699532,0.00708078528987244,0.204839965328574,0.000892060634214431,0.0819256776594557,0.00336275738663971,6.45191974751651,0.00311041984241456,0.617319247685373,0.00395256921183318,0.275567252596375,0.0989247305551544,0,0.0488940635696054,0.207923434732947,0.0824108225060627,0.0643564346246421,0.0354891426395625,0.0543824124615639,0.00969932123553008,0.0408533829613589,0.00640146317891777,0.0338000975898467,0.0625782238785177,15.6694430462085,0.0527456635609269,0.103646834904794,0.219314634799957,0.168514410965145,0.141504181781784,0.115613825269975,0.0247240611352026,0.101430428680032,0.0283018875634298,0.0305589059134945,0.00257400260306895,0.0464532334590331,0.0234702432062477,0.0861635206383653,0.051759832422249,0.229555238038301,0.0191138146910816,0.0384404178475961,0.0170559887192212,0.0947484357166104,0.0286831806879491,0.00290528754703701,0.000876808422617614,0,0.00555401260498911,0.0684210495091975,0.0632305031467695,2.28259602282196,0.105138811049983,0.0691578383557498,0.0386345583829097,0.313153960625641,0.0791394535335712,3.82613964413758,0.0436854656436481,0.121716851135716,0.392734617984388,0.571237770374864,0.0419632806442678,0.523831552709453,0.123629987589084,1.56886230339296,0.0360360372578725,4.79013374022907,0.0232985900947824,0.338499695062637,0.290032683114987,0.865182666457258,0.0395913145039231,7.85651352000423,0.0715260718716308,2.58331471373094,0.011525163135957,0.311444653198123,0.0243277852423489,0.190024595154682,0.00756501173600554,0.144644255924504,0.00615926092723384,0.0292843878851272,0.168275867123157,0.121834364254028
2.49742048064945,0.102130784944165,11.9229955321352,0.979730860475684,0.0117994104512036,0.0606653633876704,0.855380171036813,0.903505096212029,0.00733822566689923,0.0512163899838924,0.217543856939301,0.376396445150021,0.171218031318858,0.847003509290516,0.032172994222492,0.063207799103111,0.0993183996761218,0.0488940635696054,0,11.2357763070613,0.038623005268164,0.0177065769676119,6.56717618572293,1.85473536115023,0.00709723215550184,0.0202771212207153,0.00271831476129591,0.00919702899409458,0.232287455233745,0.358432190841995,1.62031789950561,0.568283247412182,14.3903177347966,4.88130150336656,0.270482159976382,0.0608052593888715,0.0834160895319656,0.0248122756602243,0.0647668377496302,0.0086339806439355,0.0580086595145985,0.00936568772885948,0.00369088817387819,0.00508130062371492,0.00437876302748919,0.00507900689262897,0.00855310040060431,0.00591177798924036,0.00115841301158071,0.00172463350463659,0.00522583071142435,0.000476417335448787,0.00131708919070661,0,0.0133119116071612,0.0105355577543378,0.20518829068169,0.0631900781881995,0.125543219619431,0.0119760475936346,0.0220507165067829,0.0186480190604925,0.0398928252398036,0.0088976762490347,0.0103848506696522,0.00618875725194812,0.633514254674083,0.184070115094073,11.6513863974251,0.738429922610521,0.562397084431723,1.20361994614359,0.438613552309107,0.398983464343473,0.052785923704505,0.113127904478461,0.509363285265863,0.645840001583565,0.0120585705153644,0.0119402981363237,0.0199140073964372,0.0220910296193324,0.0178624590625986,0.0181233551120386,0.0114220450632274,0.00806201517116278,0.00766283506527543,0.0168980080634356,0.0105620520189404,0.0039250667905435,0.105167724192142,0.164185833767988
0.521358875266742,1.93933083466254,0.87676697364077,7.073937022069,0.00118483416736126,0.159834855992813,0.196298833587207,2.43494512536563,0.00300932879326865,0.0968396631069481,0.088439304381609,1.15251568355598,0.0566916388925165,1.33886466786498,0.0140879283135291,0.180494908243418,0.0863182615139522,0.207923434732947,11.2357763070613,0,0.135205019207206,0.0949202850461006,0.529082762746839,1.18951082928106,0.0063633470563218,0.0535931815393269,0.00734394136816263,0.0482233492657542,0.156651862926083,0.673804444726557,0.739412830327637,0.581117741356138,4.48380331101362,3.92151837033452,0.086926287622191,0.0289960135705769,0.170352665008977,0.0413223128998652,0.211544101650361,0.0386771319899708,0.0402277042740025,0.0478683635592461,0.00643776831566356,0.0229992962849792,0.00955013849306852,0.0263634009752423,0.0379355971817859,0.0321829338790849,0.00158814189489931,0.0115667711943388,0.00598275571246631,0.00044218439143151,0,0,0.0491243042051792,0.0741651303542312,0.183174595615128,0.386349018663168,0.097156925854506,0.0274266116321087,0.025925925874617,0.0660101126413792,0.0434310548007488,0.034774650936015,0.00833564903587103,0.015703069686424,1.0139165451983,0.35205454469542,3.38293337094365,5.72115958842915,0.440214147092775,2.5329044542741,0.198124261456542,1.43910170946037,0.0597345130518079,0.373422431061044,1.12439783290029,2.64529165095882,0.0143558745039627,0.0337078655138612,0.0240303544560447,0.0638450505794026,0.0114006518851966,0.0843566491967067,0.0139173142961226,0.0295202946290374,0.00250312895514071,0.0994778833701275,0.0380309234024025,0.0178752113424707,0.383247716235928,0.538158934330568
0.0766203126404434,0.0506329121999443,0.0428055709926412,0.0408537976909429,0.148267525713891,1.83121021836996,0.0139534883201122,0.040740049968008,0.107744105160236,0.178082193480805,0.0513207546900958,0.0582986302906647,0.0349500722950324,0.0433537840726785,0.442986876470968,0.434826347976923,0.141620772192255,0.0824108225060627,0.038623005268164,0.135205019207206,0,6.90035581565462,0.0377825940959156,0.0532667487859726,3.07936525717378,3.00435152230784,3.59399826824665,2.58997059403919,1.48366013477789,0.347195367736276,5.20303389045876,0.995486751198769,0.0547309837420471,0.0469851214438677,0.0458839391358197,0.0480769237037748,0.753096635453403,0.162809258094057,0.241001562448218,0.147941377712414,3.26400015503168,0.575139151187614,0.0316831679083407,0.0432737531373277,0.0347071588039398,0.0703575522638857,0.0341809078236111,0.0448222551494837,0.0170419956557453,0.0119832239579409,0.0191657262621447,0.000837520929053426,0.00488997541833669,0,0.115429916535504,0.0691915539209731,0.0624249695101753,0.0289428489631973,0.0283018875634298,0.00473933655302972,0.0176146784797311,0.0184956839075312,0.0593931567855179,0.0116279067588039,0.0300546439830214,0.0125725342077203,0.0430658811237663,0.0686445637838915,0.029721362516284,0.112014455720782,4.3585980895441,3.41433010995388,1.47376664262265,0.692077726824209,0.384748700307682,1.14490158855915,0.65279770817142,1.31273546570446,0.29296875,0.0186915893573314,0.149482565175276,0.0238302811631002,1.58424789947458,0.181253887480125,0.0766268771258183,0.0262931033503264,0.239396793302149,0.365691477782093,0.0733104273676872,0.0115942035336047,2.89898989629,0.515970506239682
0.00526177347637713,0.0458057394716889,0.0155118922702968,0.0262249823135789,0.0536149473628029,6.18298555305228,0.00194174761418253,0.0322037060977891,0.0458404084201902,0.30214723222889,0.00760456256102771,0.0383004173636436,0.00858983513899148,0.0279260789975524,0.0354969565523788,1.30500757601112,0.0190325137227774,0.0643564346246421,0.0177065769676119,0.0949202850461006,6.90035581565462,0,0.0260950602823868,0.0334308389574289,0.801603216677904,1.78226518677548,0.867319701239467,9.37437931075692,0.0637898687273264,0.398445090977475,1.84976528491825,0.783906560391188,0.0260950610972941,0.0377358477562666,0.0218878258019686,0.0651465775445104,0.0166527891997248,0.545454561361112,0.0252365935593843,4.07730144134257,0.0122448974289,3.74669196130708,0.00874751503579319,0.0415879026986659,0.0163576874183491,0.0580046384129673,0.0175805772305466,0.0527540734037757,0.00122473970986903,0.0108499095076695,0.00339174689725041,0.00168208579998463,0,0,0.00394166330806911,0.243421054445207,0.00577617343515158,0.0299975394154899,0.0103359175845981,0.00396510702557862,0.00368324137525633,0.0136476425686851,0.00519818067550659,0.00628930830862373,0.00687757914420217,0.00583090377040207,0.0282703689299524,0.0665110858390108,0.0149532705545425,0.0911577022634447,3.90139691322111,5.73312416300178,0.0410418300889432,1.13403610233217,0.162257490679622,1.07468123198487,0.330924848094583,1.12984050717205,0.0119521915912628,0.0190476188436151,0.00615621404722333,0.0238997382693924,0.0103963613510132,0.435977532528341,0.00347222224809229,0.0194384454516694,0.00761179812252522,1.07496652391274,0.00689259055070579,0.034346102620475,2.96373049542308,0.861460923682898
0.0933828113484196,0.0349705916596577,5.59755180292996,1.97205585625488,0.7742432289524,0.618962461594492,1.64922597276745,2.09215778394719,0.195578677114099,0.554016593378037,0.142139627831057,0.0949746430269442,0.442776046693325,0.713053694198607,0.199180863273796,0.211024984018877,0.0667006142903119,0.0354891426395625,6.56717618572293,0.529082762746839,0.0377825940959156,0.0260950602823868,0,8.34505913115572,2.02128236973658,0.416710456251167,0.147229550988413,0.0408274339861237,0.29297770591802,0.400846571865259,6.71059250825783,2.83222431218019,4.73426125198603,0.629053943906911,0.221895221679006,0.0432794871157967,0.0398138568270952,0.0199488493963145,0.0157560359803028,0.00831295840907842,0.0145707956980914,0.0056320401490666,0.00308761093765497,0.0083629519212991,0.00666518550133333,0.0109314504079521,0.00672468371340074,0.0137273592408746,0.00139534886693582,0.00277392502175644,0.00515713123604655,0.000792864244431257,0,0,0.00230591848958284,0.00629280027351342,0.0580474957823753,0.0237600249238312,0.0316696742374916,0.00346887655905448,0.0089186173863709,0.00420659038354643,0.014740846818313,0.00367872483911924,0.00339723363867961,0.00126984130474739,0.168953953834716,0.0492206745548174,0.125000001280569,0.0908607853925787,0.522657078981865,1.01344836881617,0.183019819669425,0.277346668881364,0.0327767483540811,0.037935322499834,0.347074806690216,0.242971878498793,0.00631113944109529,0.00626566412393004,0.0235472848871723,0.0114791736996267,0.0166428915690631,0.0281162140890956,0.0106992734363303,0.00712621613638476,0.00484131235862151,0.0216294160054531,0.00357781758066267,0.00371977686882019,0.0209629870951176,0.134464754024521
0.0340304849669337,0.0505032035289332,1.30986165537615,12.5927605643519,0.129557295527775,2.52283777354751,0.46173650433775,2.67307170745335,0.0973832359886728,1.31192368484335,0.051964511629194,0.127562647685409,0.220064731256571,0.949017767212354,0.0776291668880731,0.502357275225222,0.0303030293434858,0.0543824124615639,1.85473536115023,1.18951082928106,0.0532667487859726,0.0334308389574289,8.34505913115572,0,2.62064107926562,0.498657737742178,0.0526315772440284,0.0252808991353959,0.158570355561096,0.565786103659775,2.73511992115527,2.27912467170972,0.554301485826727,0.193386539816856,0.0800933139398694,0.0162932788953185,0.0223537156125531,0.0259403372183442,0.0192988099297509,0.015931373112835,0.0102960106451064,0.0109704642090946,0.00734618911519647,0.0106141017749906,0.0070748301804997,0.0162692842422985,0.00661938526900485,0.018556234164862,0.00287852628389373,0.00399999995715916,0.00371816335245967,0,0.000654022209346294,0,0.00593878497602418,0.0113611535052769,0.0136757841974031,0.0294515903515276,0.0076867644675076,0.00275040103588253,0.00351185258477926,0.0133217496331781,0.00946745555847883,0.0122940735309385,0.00182094087358564,0.00256476021604612,0.0418702012393624,0.0353008168749511,0.0313406850909814,0.0687542570522055,0.251798550598323,1.43049764400348,0.0913770924089476,0.462606521032285,0.0257475076941773,0.0661087885964662,0.244961230200715,0.18366054224316,0.00341442599892616,0.00760777678806335,0.00900900922715664,0.0208649467094801,0.0147928993101232,0.0772806487511843,0.00313167262356728,0.0123628496658057,0.00207468884764239,0.059370314120315,0.0026300958415959,0.00319943111389875,0.0269420753465965,0.134048258769326
