0,0.0167583134025335,2.08742883533705,0.00854700859053992,0.00480512558715418,0.000533689104486257,3.2498378905002,0.00642907040310092,0.00464798382017761,0.000533831596840173,2.49703991081333,0.00392156885936856,1.15259285346838,0.0034133333247155,0.227804149501026,0.000457038404420018,1.18645427329466,0.00372624534065835,0.848370161314961,0.0539100142486859,0.0145454540033825,0.0012580594047904,0.0373313628078904,0.00814576624543406,0.000568504852708429,0,0.00329987634904683,0.00225225230678916,1.37960278912215,0.004332953132689,0.115909925079904,0.00947276543593034,0.747862332020304,0.122075711318757,0.015983112360118,0.00468896541860886,0.182506420242134,0.00270343327429146,0.137063309550285,0.0020717338193208,0.0687108659185469,0.00031999999191612,0.00373792962636799,0.000670465989969671,0.00120438395242672,0.000241545887547545,0.0143668915115995,0.00145002589852083,0.00196222704835236,0,0.00814087249455042,0,0.00431848876178265,0,0.0215611075982451,0.00758483010577038,7.09643463800603,0.0131481629796326,0.0927223719190806,0.000210017853532918,0.585602896171622,0.0041825562948361,0.689298362180125,0.00528867356479168,0.0174135729903355,0.000685714287101291,0.109822647296824,0.015857633552514,1.95500061559142,0.0495415363984648,0.302818797295913,0.0380391099606641,1.71762524783844,0.00786060554673895,0.260663496010238,0.00380228133872151,0.225487650342984,0.0262605055468157,0.023195875575766,0,0.243161727659754,0.00561899578315206,0.333208160649519,0.00172180551453494,0.248418071714696,0.00228623677685391,0.0287789886933751,0.000509943929500878,0.0385679863393307,0.000170430343132466,0.0228438991180155,0.0780036353971809
0.0167583134025335,0,0.00833333353511989,2.94399998453446,0.00110634765587747,0.0458943878184073,0.00337639458302874,2.90113169193501,0.000283527071587741,0.0146570795914158,0.0024523161991965,2.60387385485228,0.0022437531297328,0.667763891775394,0.000716161375748925,0.0657166402816074,0.00249653257196769,1.45776637719246,0.236133640632033,1.78938496671617,0.0187994730658829,0.0272220404876862,0.0200738565763459,0.0297717499779537,0.00147601473145187,0.00823045257129706,0.00256702804472297,0.0321496432297863,0.0149408111610683,0.836996104713762,0.0561912022239994,0.146354034310207,0.109242751903366,0.74220716986747,0.00753413932397962,0.00325892120599747,0.0358744412660599,0.035869412124157,0.0343966709915549,0.0134012327180244,0.0187667566351593,0.00768074783263728,0.00149413020699285,0.0082872929633595,0.000746083067497239,0.00523756089387462,0.0057357159384992,0.00809027045033872,0,0.00151228741742671,0.00108695655944757,0.00110485030745622,0,0,0.0108672491332982,0.0252075008611428,0.0341087846609298,6.49294606478361,0.00887508329469711,0.012092420947738,0.00374376028776169,0.22343669651309,0.00339292708667926,0.495065213937778,0.000529871496837586,0.0242666984995594,0.0422080759599339,0.0623985592101235,0.366377102443948,2.06869143224321,0.118236197158694,0.841360137215815,0.0310952123836614,1.10227889035014,0.0115340251068119,0.226408856979106,0.110916676349007,0.497892604413209,0.000336304015945643,0.0320106698200107,0.00449005787959322,0.182121966834529,0.00207039341330528,0.0228716651326977,0.0042016808729386,0.0817976795951836,0.000289981137029827,0.0110774095519446,0.00621572230011225,0.0172564062086167,0.304498274344951,0.10604490651167
2.08742883533705,0.00833333353511989,0,0.178281753964256,0.944804798520636,0.0410161407489795,10.4657293849741,0.125791413360275,0.194361608067993,0.00476442568469793,0.636221308435779,0.0121610115456861,1.2832461164071,0.0421699500875548,0.270282692508772,0.00635280751157552,0.137509951193351,0.0032043382525444,5.68870800740842,0.263136454159394,0.0109580466232728,0.00249143573455513,3.0500688648317,0.513148072204785,0.0636709399404936,0.021435355534777,0.0199018530256581,0.0103251009131782,1.11202216756647,0.0185667384066619,3.3892553911719,0.238684147916501,3.47915089357411,0.148304635891691,0.08334577846108,0.0111437853192911,0.169436995405704,0.00294866625335999,0.0953012982208747,0.00231184178846888,0.0317863945383579,0.000316806603223085,0.00247575819958001,0.0011096316302428,0.00310781743610278,0.000719165764166974,0.00617678370326757,0.0028812512755394,0.0014603870222345,0.000242160065681674,0.00633579731220379,0,0.000535260245669633,0,0.016065911273472,0.00555390259250998,0.536805628129514,0.00588619988411665,0.0421931890159613,0.000417275179643184,0.0533199176425114,0.000732421875,0.0773757359711453,0.00328263486153446,0.0040645245462656,0.000226937481784262,0.129081499457243,0.00928684069367591,0.775269874138758,0.0195386710111052,0.742978873691754,0.126178780192276,1.39963113272097,0.0226091477670707,0.19583919638535,0.00627450994215906,0.28350315411808,0.036983983241953,0.00829213811084628,0.000316355581162497,0.04608390123758,0.00108137333882041,0.0777446633728687,0.00073224310472142,0.0447338607045822,0.0012135001597926,0.00692424873705022,0.000505880860146135,0.0110085230553523,0.000339040503604338,0.0222804725635797,0.0752371607813984
0.00854700859053992,2.94399998453446,0.178281753964256,0,0.0306777645164402,1.54166176114813,0.0879551463585813,7.86275312329235,0.0308514511852991,0.371418379421812,0.00610400276491418,0.401409992278786,0.0256737081654137,0.629748356615892,0.0190436323755421,0.274663913529366,0.00309929662034847,0.0450440413842443,0.513617187971249,4.89836049724545,0.0325831835507415,0.0483715813606977,0.715161868836731,6.07123330926697,0.059844101080671,0.358375885523856,0.0246612131595612,0.10221889737295,0.0321862342389068,0.340008267157828,0.756661152117886,2.15143715860904,0.121115539688617,0.843634980148636,0.00821192012517713,0.00464734804700129,0.0324714365706313,0.0235690240224358,0.0412444857938681,0.00786945936852135,0.0142717224662192,0.00362723230500706,0.00303346291184425,0.00891861756099388,0.000433792418334633,0.00282670145679731,0.00702781823929399,0.0102146979770623,0,0.00153609833796509,0.000982077122898772,0.000586510272114538,0,0.000237896994804032,0.0109796498727519,0.0144450542138657,0.00950369570637122,0.332238100672839,0.00392426183680072,0.00191552535397932,0.00148216763045639,0.0568144151038723,0.00271431799046695,0.0990594382892596,0.000687442705384456,0.00661977659910917,0.0121777637396008,0.0224957215832546,0.120794940274209,0.303951364912791,0.15869980759453,1.36545801971806,0.0428554529498797,0.497953470156062,0.0223509933566675,0.127800835703965,0.195864310124307,0.465901096642483,0.000280662352452055,0.00808137067360803,0.000949397144722752,0.0585676032642368,0.00067362749541644,0.0240910598513437,0.00186878463136964,0.0287749280396383,0.000742942036595196,0.0100433690822683,0.00561102383653633,0.00790326375863515,0.237677830999019,0.142344668041915
0.00480512558715418,0.00110634765587747,0.944804798520636,0.0306777645164402,0,0.149281132034957,0.074127756874077,0.0071400236338377,3.14211713662371,0.0128558309515938,0.012444444175344,0.00101677677594125,0.0571917823399417,0.00038842493086122,1.78336737517384,0.0216526730509941,0.0104776577209122,0.0010457516182214,0.00719152158126235,0.000723196542821825,0.149595043330919,0.0346929200459272,0.385991506860591,0.116771157074254,1.54519574221922,0.342634655535221,2.31440767413005,0.288394730305299,0.315033791412134,0.0140845067799091,2.42963346006582,0.202264957129955,0.085784314724151,0.00270374654792249,0.00498753134161234,0.000920810329262167,0.0100914537906647,0.00252206809818745,0.00184899842133746,0.00114383758045733,0.0539191213902086,0.000988142332062125,0.00296022207476199,0.000846919312607497,0.00049055676208809,0,0.00117623998085037,0.000368391978554428,0,0,0.00226148404181004,0,0.00314070348395035,0,0.00295148487202823,0.000690369342919439,0.0110919401049614,0.000503588060382754,0.00356506230309606,0,0.00318527696072124,0,0.00216333149001002,0.00123711337801069,0.00279017869615927,0,0.00479872024152428,0.00140350879519247,0.0036241264315322,0.00259655946865678,1.01736971875653,0.0351851867744699,0.252497728506569,0.0140886409208179,0.0228136880323291,0.00287631835089996,0.0248267896822654,0.00884955748915672,0.00504540861584246,0,0.0167006866831798,0.000293772027362138,0.11639649263816,0.00307298346888274,0.00853745304630138,0.000224820149014704,0.0334242839599028,0.00221116631291807,0.00172043015481904,0.000532694102730602,0.00440771365538239,0.00547945208381861
0.000533689104486257,0.0458943878184073,0.0410161407489795,1.54166176114813,0.149281132034957,0,0.0262885533447843,1.1107366111537,0.0970245804637671,6.37614663719432,0.000592066324315965,0.043180086358916,0.011637857183814,0.156832301057875,0.0579710155725479,6.01633918378502,0.00307881768094376,0.0909090887289494,0.0121051631867886,0.0383086361689493,0.492863928433508,3.53370790136978,0.0951659365091473,1.03700800752267,0.388908626511693,7.64927096437896,0.317377049475908,7.73273193254136,0.0270099174231291,1.98064652614994,0.678278650622815,3.47789457812905,0.00898142496589571,0.0320401474600658,0.0083022000035271,0.0110344828572124,0.0037807181943208,0.385511816712096,0.00554187182569876,0.727999992202967,0.000997008988633752,0.293043902493082,0.0207100594416261,0.0765975444519427,0.00441176496678963,0.0167611539363861,0.0152821312949527,0.0765832108445466,0,0.00553737749578431,0.00113026273902506,0.00432304956484586,0,0,0.000737463124096394,0.408142136031529,0.000492792925797403,0.0344827598601114,0.00158353126607835,0.000754716980736703,0.000353731884388253,0.0056323604658246,0.000540394510608166,0.0255512047442608,0.00055756897199899,0.00353434938006103,0.0143904070719145,0.0521885545458645,0.0113812731578946,0.0356679636752233,0.373101942124777,1.87974092876539,0.014519055839628,1.5489736670861,0.0189843378029764,0.16275729984045,0.06114796618931,0.359563793754205,0,0.012770137982443,0.00185459939530119,0.0549111721338704,0.00318640458863229,0.481576246325858,0.00182889656571206,0.040229238307802,0,0.978182806225959,0.000286615075310692,0.0228966982103884,0.132013200782239,0.0733041584026068
3.2498378905002,0.00337639458302874,10.4657293849741,0.0879551463585813,0.074127756874077,0.0262885533447843,0,0.0461249027284794,0.526049358712044,0.00496894412208349,1.32678133319132,0.0040670088637853,5.83143956412096,0.0100502510322258,0.548769200322567,0.00348017206124496,0.10624610632658,0.000587199072469957,0.491393344898825,0.0365649121231399,0.00989166265935637,0.00211118924198672,0.724767076608259,0.233452207525261,0.0165163535275497,0.0149868069274817,0.00889830497908406,0.008197605231544,1.37029383586196,0.00493736870703287,0.924810554715805,0.100883216073271,0.509699723726953,0.026618269039318,0.015456301975064,0.00233508471865207,0.0713090765493689,0.00104547827504575,0.0668188403069507,0.00202224473468959,0.0126250593893928,0,0.00186472276982386,0.000359841680619866,0.00133715380798094,0,0.00469810335198417,0.0015225850220304,0.000387559353839606,0,0.00534600560786203,0.000174231201526709,0.000626500986982137,0,0.00829524264554493,0.00410273241868708,0.413731307708076,0.00279017869615927,0.0188778192386962,0.000171086401678622,0.0978080345666967,0.000777000794187188,0.122287188685732,0.000711553846485913,0.00581337067706045,0.000183200507308356,0.0329614952788688,0.00325491934199817,0.0778081123426091,0.00781085100607015,0.580430478294147,0.0442229832551675,1.16522280863137,0.00387755101837683,0.131575846506166,0.0016511380817974,0.236380232090596,0.00960850434785243,0.00501492527837399,0.000237360553001054,0.0587336602329742,0.00106052569753956,0.0697124856524169,0.00058263739629183,0.0762691002310021,0.000392439003917389,0.00857908860780299,0.000199780246475711,0.0113704364048317,0.00043159257620573,0.0134015595540404,0.0411292273784056
0.00642907040310092,2.90113169193501,0.125791413360275,7.86275312329235,0.0071400236338377,1.1107366111537,0.0461249027284794,0,0.00504693634866271,1.43619237924577,0.0043166880204808,2.33928575785831,0.015642281898181,5.29539548537286,0.0040958063909784,0.957863219256978,0.000993739449768327,0.0772338636161294,0.377127745712642,1.1233297860017,0.0163732194632757,0.0252485754899681,0.77933505261899,1.98859246834763,0.0093477354675997,0.0783838407951407,0.00486568675842136,0.0577557773794979,0.0141942185873631,0.733145586127648,1.05700158761465,2.42581254678953,0.10500256321393,0.607702559864265,0.00867302704136819,0.00511679628107231,0.0220242262003012,0.0208208208205178,0.0266322172537912,0.00639844906982034,0.0115633146342589,0.00271431799046695,0.0017998855037149,0.0119573693373241,0.00091785223048646,0.00367917586117983,0.00553737733571324,0.0102882341161603,0,0.00111234709038399,0.000287914765067399,0.0003360215050634,0,0.000198393012396991,0.00473894921015017,0.0155407549755182,0.00709884798561689,0.367590256253607,0.00252801888564136,0.00148576148785651,0.00144358008401468,0.0388023504056036,0.00152149109635502,0.122214608825743,0.000384541432140395,0.0065244224970229,0.0135474856360815,0.0209424083877821,0.049246325113927,0.106879482700606,0.148775139881764,1.58480806276202,0.0274676407279912,0.454963310214225,0.0210715093126055,0.0682839187793434,0.18770666581986,0.297805635491386,0.000909090915229172,0.0119760481611593,0.000983042526058853,0.0706003204977605,0.000945090287132189,0.0190245267294813,0.00156090535165276,0.035000635398319,0.000205128206289373,0.00900728277338203,0.00275502070144285,0.00753821458783932,0.156145029031904,0.134675461304141
0.00464798382017761,0.000283527071587741,0.194361608067993,0.0308514511852991,3.14211713662371,0.0970245804637671,0.526049358712044,0.00504693634866271,0,0.00129449833184481,0.0381488418788649,0,1.53770081151742,0.000804505252745003,7.08120859181508,0.00459875824162737,0.0254237283370458,0,0.0019580966909416,0.000373552495148033,0.0104058277793229,0.00715746404603124,0.180090358713642,0.115689058002317,0.195974177448079,0.13080895121675,0.51010451791808,0.0584968553157523,0.683483208646066,0.00503778352867812,0.885069839656353,0.104419884737581,0.0245814784429967,0.000399920012569055,0.0026917900540866,0.00100250623654574,0.00267201079986989,0,0.00391134282108396,0,0,0,0.00420811021467671,0,0,0,0.000406173843657598,0,0.00106638227589428,0,0.00579878222197294,0.000407414947403595,0.00465580308809876,0,0.00152555305976421,0,0.00881945292348973,0,0.00287356323678978,0,0.00365363550372422,0,0.00624822493409738,0.000855981139466166,0.00410918693523854,0,0.0016382253379561,0.00201496839872561,0.00271296798018739,0.000688705244101584,0.636035461211577,0.0182827294338495,0.187460013374221,0.0037151703145355,0.0207576551474631,0,0.032856707344763,0.00435729848686606,0.0011080332333222,0,0.0257098994625267,0,0.0769659813959152,0,0.00827985932119191,0,0.0196007253834978,0,0.00353045028168708,0,0,0.0036407767329365
0.000533831596840173,0.0146570795914158,0.00476442568469793,0.371418379421812,0.0128558309515938,6.37614663719432,0.00496894412208349,1.43619237924577,0.00129449833184481,0,0,0.0304955535102636,0.00102722135488875,0.256310685072094,0.00362483016215265,4.43428309095907,0.00184842880116776,0.0407736527267843,0.00529801315860823,0.0155459148809314,0.0580952374730259,0.269915655255318,0.0406245269696228,0.167286974319723,0.0220562078175135,0.482646781951189,0.0209973752498627,0.596734993800055,0.0059109142748639,0.507810785726178,0.115838037105277,0.979462887626141,0.00653461320325732,0.0115852482849732,0.00332363927736878,0.00460193288745359,0.00378310214728117,0.147494483040646,0.00184842880116776,0.109205259417649,0,0.113580246688798,0.0114687385212164,0.0431837416836061,0.0034330555354245,0.00937114673433825,0.00705605634720996,0.0563535930414218,0,0.00302190869115293,0.000565291149541736,0.00314527237787843,0,0.000612745119724423,0,0.0924935257062316,0.000985828693956137,0.0125881168060005,0.000396039598854259,0,0.00176928515429609,0.00204918021336198,0.000540686654858291,0.00989486672915518,0.000557880033738911,0.00132596687762998,0.00586432073032483,0.0241369623108767,0.00517598353326321,0.0188189488835633,0.0899224769091234,0.646713951136917,0.00242130761034787,0.410798127995804,0.0142517813947052,0.0862482015509158,0.0380952365230769,0.169271600258071,0.00100857287179679,0.00884955783840269,0,0.044646792113781,0.000531349622178823,0.363543266430497,0.00060975608357694,0.0296729231486097,0,0.310030389984604,0,0.0149134481325746,0.0671806139871478,0.0470974827185273
2.49703991081333,0.0024523161991965,0.636221308435779,0.00610400276491418,0.012444444175344,0.000592066324315965,1.32678133319132,0.0043166880204808,0.0381488418788649,0,0,0.00296809303108603,7.97041498485487,0.00494484606315382,1.05086246039718,0.000862998946104199,3.5211686877301,0.00152516516391188,0.127201929601142,0.0209219851531088,0.0126811596564949,0,0.0411633116891608,0.0107423746958375,0.000685166160110384,0,0.00697084912098944,0,1.33993812493281,0.00128949066856876,0.107231916335877,0.0102406553924084,0.0907092895067763,0.0139965949347243,0.00397614319808781,0.000876808422617614,0.103658536681905,0.000609570241067559,0.0727489551063627,0.000554631173145026,0.0198863642290235,0,0.00616612259182148,0.000827814568765461,0.00095556618180126,0,0.00460652599576861,0.000361141195753589,0.00247708696406335,0,0.0153118044545408,0,0.00728818704374135,0,0.00867992732673883,0.0023716755094938,0.836191153881373,0.00223546955385245,0.0279177976772189,0,0.146875003556488,0.000997008988633752,0.369845036417246,0.000806614232715219,0.0249119957443327,0,0.0102483246009797,0.00387061102082953,0.0659617320634425,0.00313479627948254,0.408040788024664,0.0209017618908547,1.27491203747923,0.00796359474770725,0.178942606318742,0.00182232342194766,0.198712556448299,0.0125750217121094,0.0918220952153206,0,0.510367389797466,0.00144571342389099,1.45919415372191,0.000498256122227758,0.101527943988913,0.000444197678007185,0.0572180214221589,0.000536624633241445,0.0200451718410477,0.000262536108493805,0.0145530146546662,0.0558428121730685
0.00392156885936856,2.60387385485228,0.0121610115456861,0.401409992278786,0.00101677677594125,0.043180086358916,0.0040670088637853,2.33928575785831,0,0.0304955535102636,0.00296809303108603,0,0.00122925627510995,5.19614935270511,0.00118086993461475,0.632268001209013,0.00102223362773657,4.70153580809711,0.178091397683602,0.430392015550751,0.0195157203124836,0.0242770437616855,0.0170704838819802,0.0502425491868053,0.00172512943390757,0.00640000007115304,0.00269178999587893,0.0349689808208495,0.00925240528886206,4.77052940474823,0.0963011616840959,0.263829782488756,0.0283968375006225,0.427642844442744,0.00455432676244527,0.00704225327353925,0.0208387593738735,0.0177083342568949,0.0291336583904922,0.00960384146310389,0.0104829652700573,0.00520059425616637,0.00461057125357911,0.0185494340257719,0.00126448893570341,0.00974163514911197,0.00416016625240445,0.0108249957847875,0,0.000862440734636039,0.000258297804975882,0.00243308997596614,0,0.00101755280047655,0.00229922821745276,0.0111420617904514,0.00592120230430737,0.431541062745964,0.0031485045037698,0.00402347033377737,0.00126602314412594,0.0319404945184942,0.00274851126596332,0.0989488963095937,0.000940733763854951,0.00423728828900494,0.014443085034145,0.0395226484979503,0.0459059798158705,0.0965590833802707,0.074511822022032,1.29170929407701,0.0261898753233254,1.48515343829058,0.0108225108124316,0.216412491514347,0.114230398903601,0.290290791832376,0,0.226582756033167,0.00198117876425385,0.224184047488961,0.00090273073874414,0.150448284111917,0.000951746478676796,0.023212045445689,0,0.00979934690985829,0.00183174139237963,0.0046471810201183,0.335078541189432,0.106698754127137
1.15259285346838,0.0022437531297328,1.2832461164071,0.0256737081654137,0.0571917823399417,0.011637857183814,5.83143956412096,0.015642281898181,1.53770081151742,0.00102722135488875,7.97041498485487,0.00122925627510995,0,0.0036255341838114,7.32245619449532,0.000563380308449268,0.756831047998276,0.000625097658485174,0.0926444366341457,0.0175200487719849,0.0149796699406579,0,0.186477641545935,0.0794477701128926,0.0104011885123327,0.0127298446604982,0.025974026939366,0.00476889222045429,3.09028720817878,0.00365271151531488,0.355830129235983,0.0364150067325681,0.1234270351124,0.0165118686854839,0.0068273093784228,0.00126422246103175,0.0692776341747958,0.000696136441547424,0.0539611600979697,0.00131774006877095,0.0104872186202556,0,0.0120315835811198,0.000274085236014798,0.00300706655252725,0,0.0122475573443808,0.000249906297540292,0.0064595507865306,0,0.0302622040908318,0,0.0138937134761363,0,0.0155096941743977,0.00286806881194934,0.553330858936533,0.00171151469112374,0.0320083959377371,0,0.136656533664791,0.000308784918161109,0.327168360643554,0.00161637930432335,0.0214355302741751,0,0.0232235020666849,0.00515517058374826,0.0518875235284213,0.00636604760074988,0.885822724783793,0.0278637760493439,1.48170840134844,0.00434709916589782,0.170158191642258,0.00128755366313271,0.26697581022745,0.00838363484945148,0.0434591757366434,0.00086824398022145,0.371216893661767,0.00149221914762165,1.276313654962,0.000308689603116363,0.145170390591375,0.000871839583851397,0.0879041056032293,0,0.0286941049416782,0.000198353664018214,0.00683527003275231,0.0427369849639945
0.0034133333247155,0.667763891775394,0.0421699500875548,0.629748356615892,0.00038842493086122,0.156832301057875,0.0100502510322258,5.29539548537286,0.000804505252745003,0.256310685072094,0.00494484606315382,5.19614935270511,0.0036255341838114,0,0.000635323987808079,0.792011237936094,0,0.540294301521499,0.20482767757494,0.359589962754399,0.0125565042253584,0.0154382474720478,0.242717298024218,0.515242607798427,0.00127849989803508,0.0116817725647707,0.000811359030194581,0.0252047897083685,0.00755401124479249,4.59063324145973,0.597856169595616,1.09471827137168,0.0445493427396286,0.307605141657405,0.00419678250909783,0.00345252774422988,0.0185991290782113,0.0122650837001856,0.018720748834312,0.00223048328189179,0.00823468901216984,0.00153570505790412,0.00137211856781505,0.00908265210455284,0.000671140966005623,0.00505305695696734,0.0020045819983352,0.00765864341519773,0,0.00136682041920722,0.00111632063635625,0.000860955653479323,0,0,0.00383351603522897,0.006773479108233,0.00220066023757681,0.294524732133141,0.00201961907441728,0.00250696385046467,0.000796389678725973,0.0283442795043811,0.00215015234425664,0.0959453424438834,0,0.00124863430391997,0.00958977077971213,0.0133214922971092,0.0261051165580284,0.0503626106365118,0.0939886411651969,1.46593791767373,0.0150404940359294,0.624196583492449,0.0130423879018053,0.0614764456404373,0.15298298446578,0.197989757289179,0.000517464417498559,0.0326864160597324,0.00110011000651866,0.0759406277211383,0.000354233081452549,0.0307532827719115,0.000511858030222356,0.0192967809271067,0,0.00690783493337221,0.00270941527560353,0.00383304929709993,0.177934015053324,0.118662347085774
0.227804149501026,0.000716161375748925,0.270282692508772,0.0190436323755421,1.78336737517384,0.0579710155725479,0.548769200322567,0.0040958063909784,7.08120859181508,0.00362483016215265,1.05086246039718,0.00118086993461475,7.32245619449532,0.000635323987808079,0,0.00493566016666591,0.845173036679626,0.00160901050549001,0.0211475673131645,0.00329439959023148,0.34565618581837,0.012804878060706,0.112359545164509,0.0655895036470611,0.161738693714142,0.0813431086717173,0.630424431758001,0.0516770188696682,4.27230999752646,0.00386575309676118,0.624009529565228,0.0809061515610665,0.0340890298539307,0.0116996043070685,0.00788066408131272,0.00241036457009614,0.154701248859055,0.00138921043253504,0.0273224042030051,0.00172265293076634,1.07428566995077,0.00126143172383308,0.0326617838290986,0.000340715516358614,0.00880551329464652,0.000384541432140395,0.0227272730553523,0.00121654500253499,0.0165517246350646,0,0.0688396976329386,0,0.0364811810432002,0,0.042021926434245,0.000288142909994349,0.209912537306082,0.00132013202528469,0.0519690121873282,0,0.0988526078872383,0.000396039598854259,0.132920541043859,0.00233450066298246,0.0490382593125105,0.000352671486325562,0.0249739847495221,0.00991295966377947,0.0319361267611384,0.0070955534465611,2.58842368875048,0.0250740826595575,1.36629213113338,0.00570926663931459,0.148262070433702,0.00680482533061877,0.187811752373818,0.0123429576633498,0.110578464402352,0.00125786161515862,0.773255826556124,0.00251414196100086,5.92749486211687,0.00118764844955876,0.218641914732871,0.00199143687495962,0.810002441750839,0.00125918153207749,0.114996309333947,0,0.00540175568312407,0.0127860024804249
0.000457038404420018,0.0657166402816074,0.00635280751157552,0.274663913529366,0.0216526730509941,6.01633918378502,0.00348017206124496,0.957863219256978,0.00459875824162737,4.43428309095907,0.000862998946104199,0.632268001209013,0.000563380308449268,0.792011237936094,0.00493566016666591,0,0.00399556051706895,0.727630300389137,0.018337409128435,0.04947724705562,0.13754093478201,0.859416411956772,0.0348778021289036,0.236643623036798,0.0540540530346334,0.57438966727932,0.0859066640259698,1.58869017934194,0.0163442298944574,6.69365948124323,0.187173034180887,0.974490807391703,0.0162443146109581,0.0416278342599981,0.0147299511590973,0.0378787887166254,0.00541638443246484,0.51083032169845,0.00310765817994252,0.379230595368426,0.00183879869291559,0.297198552172631,0.0477119273564313,0.199231151607819,0.0179876340553164,0.0553255568956956,0.040245246142149,0.243683653388871,0.000385505001759157,0.0187380492861848,0.000959808065090328,0.00819413794670254,0,0.00397965952288359,0.000598712766077369,0.291749356663786,0.00533390229975339,0.0573725964641199,0.00634014897514135,0.00305017543723807,0.00289393734419718,0.0120085224625655,0.000806776923127472,0.0497544999234378,0.00247729156399146,0.0131396960350685,0.0467929695878411,0.137388193979859,0.0187390199862421,0.0700299458112568,0.207850127771962,1.13200001258519,0.00788954651216045,2.39297186490148,0.0083234243793413,0.194261810975149,0.0465707018156536,0.692043006361928,0.00246761250309646,0.118433039460797,0.00270717398962006,0.34977691527456,0.000796336855273694,3.02575029502623,0.00180196409928612,0.147892872104421,0,1.38335387210827,0.000485731638036668,0.0577032744768076,0.18731707893312,0.0317666138871573
1.18645427329466,0.00249653257196769,0.137509951193351,0.00309929662034847,0.0104776577209122,0.00307881768094376,0.10624610632658,0.000993739449768327,0.0254237283370458,0.00184842880116776,3.5211686877301,0.00102223362773657,0.756831047998276,0,0.845173036679626,0.00399556051706895,0,0.010515246540308,0.0516815492883325,0.00980036269174889,0.0202117420267314,0.00284090917557478,0.00669201492564753,0.00196734210476279,0.00143420579843223,0.00130676245316863,0.00859220128040761,0.00350017508026212,1.43669136887183,0.0128233473515138,0.0329896919429302,0.00423728814348578,0.140307693101931,0.0829939861432649,0.129140462144278,0.161785216536373,0.123174598091282,0.0209457320161164,0.0440446646534838,0.00575373996980488,0.0242179613560438,0.00698951573576778,0.166419016197324,0.0306252655573189,0.143984222784638,0.024795439094305,0.0448818895965815,0.0070266273105517,0.17762988503091,0.00303874409291893,0.386730925645679,0.00118460023077205,0.105595953878947,0.000616903125774115,0.0488888887921348,0.00519660490681417,1.65674037113786,0.0146427668514661,0.391805882973131,0.00454890076071024,0.434813494328409,0.00927357003092766,1.02855586289661,0.00993994600139558,0.280101027747151,0.0057739285111893,0.24782783689443,0.135979733022396,0.0895367034245282,0.0594771259347908,0.259132055507507,0.0229885054868646,0.811700154561549,0.0171293568564579,0.169947194983251,0.00581113784573972,0.289863493933808,0.149599281605333,1.29729735665023,0.00397614296525717,3.0353949573182,0.0150287309079431,2.51256024849135,0.00566426391014829,0.563658579732873,0.00721126748248935,0.114737202995457,0.00111203780397773,0.113028472726,0.000801282090833411,0.0256410263245925,0.0210643013706431
0.00372624534065835,1.45776637719246,0.0032043382525444,0.0450440413842443,0.0010457516182214,0.0909090887289494,0.000587199072469957,0.0772338636161294,0,0.0407736527267843,0.00152516516391188,4.70153580809711,0.000625097658485174,0.540294301521499,0.00160901050549001,0.727630300389137,0.010515246540308,0,0.0338867017999291,0.0958949069026858,0.0233258082298562,0.0638930151471868,0.00670859520323575,0.0158926358562894,0.00415553560014814,0.017577588558197,0.00166389351943508,0.0657550165196881,0.0268177534744609,6.63413690991001,0.029596411739476,0.0959595953172538,0.0813932176097296,0.190692003961885,0.0283305236371234,0.0417429506778717,0.0150134046562016,0.0530688815633766,0.0115667711943388,0.0147928996011615,0.00936768134124577,0.0263259769417346,0.0103957072133198,0.0560393775813282,0.00733390878303908,0.0489919801766519,0.00530035322299227,0.0217100877489429,0,0.00794877461157739,0.00340581595082767,0.0081488040741533,0,0,0.00200668891193345,0.0292775080015417,0.0318228977266699,1.51940719828417,0.0185449363198131,0.0116120215388946,0.00869565195171162,0.0425818015355617,0.00798684536130168,2.27657614843338,0.00579290371388197,0.0255754473619163,0.091800024965778,0.217334730696166,0.096336498769233,0.449450570275076,0.124768696492538,1.1581995873712,0.0201967895845883,3.06354009808274,0.00826135935494676,0.267674852279015,0.0835197628475726,0.603190702444408,0.00550964171998203,2.69984569912776,0.00874243414727971,3.31559669523267,0.0050902359362226,0.46818996372167,0.0057703405036591,0.16033845039783,0,0.0426143170916475,0.0029200954886619,0.0223103631287813,0.44818870164454,0.0645973157370463
0.848370161314961,0.236133640632033,5.68870800740842,0.513617187971249,0.00719152158126235,0.0121051631867886,0.491393344898825,0.377127745712642,0.0019580966909416,0.00529801315860823,0.127201929601142,0.178091397683602,0.0926444366341457,0.20482767757494,0.0211475673131645,0.018337409128435,0.0516815492883325,0.0338867017999291,0,6.18545491833356,0.0102016032615211,0.0134907251922414,4.58579059777549,0.85341200401308,0.00497100257780403,0.00274509799783118,0.00118460023077205,0.00816993473563343,0.206396213558037,0.0886924700753298,2.55347190008615,1.07652624108596,8.04541509464616,5.46303493645974,0.200723332352936,0.056324583129026,0.079784160858253,0.0107899807626382,0.0558616745984182,0.0072529463795945,0.0308381001232192,0.00148441357305273,0.00242489558877423,0.00534045416861773,0.0013125513214618,0.00197628460591659,0.00561876688152552,0.013428226520773,0.000336360564688221,0.00100200404995121,0.00285934226121753,0.000281531538348645,0,0,0.0112918397644535,0.00716845877468586,0.290761932366877,0.08432888018433,0.0356586968991905,0.00136705406475812,0.017994523717789,0.0145245732564945,0.0321903435979038,0.0302853817120194,0.00357015349436551,0.00275145217892714,0.302100843255175,0.0971234846510924,4.5788132857997,0.589919602498412,0.862266286276281,0.686572857230203,0.423980445368215,0.229677425668342,0.0844250377267599,0.111111111938953,0.252827445161529,0.59134616155643,0.0020000000949949,0.00394964218139648,0.0118806539103389,0.0213007030833978,0.020411693083588,0.00472733401693404,0.012313401690335,0.00861279095988721,0.00242424249881878,0.00283889286220074,0.00934059853898361,0.00251915602711961,0.26924081845209,0.149882895871997
0.0539100142486859,1.78938496671617,0.263136454159394,4.89836049724545,0.000723196542821825,0.0383086361689493,0.0365649121231399,1.1233297860017,0.000373552495148033,0.0155459148809314,0.0209219851531088,0.430392015550751,0.0175200487719849,0.359589962754399,0.00329439959023148,0.04947724705562,0.00980036269174889,0.0958949069026858,6.18545491833356,0,0.0197066908876877,0.0336516593233682,0.745514069290948,0.908128648647107,0.00157635472714901,0.00336637374130078,0.0026355420704931,0.0326657585101202,0.041994001425337,0.206197684630752,0.548167380038649,0.53909599094186,1.18726434744895,2.48260112345451,0.0291158208856359,0.0112688750959933,0.0662251655012369,0.0246459446207155,0.0831215946818702,0.0118014581967145,0.0417057175654918,0.00419678250909783,0.00156453723320737,0.00658271304564551,0.0022075055167079,0.00316505786031485,0.0127613358199596,0.00727839872706681,0.000645890540909022,0.00128307938575745,0.00128479654085822,0.000816215499071404,0.000734079629182816,0,0.0192557887057774,0.0193572412244976,0.0716832081670873,0.574843246402452,0.0172272354830056,0.00423168484121561,0.00606366852298379,0.0654993514763191,0.00704343468532898,0.154040751280263,0.00136775511782616,0.010899985791184,0.0733080806676298,0.0513312024995685,2.27251961716684,2.37336330791004,0.302058655681321,1.21707538201008,0.0973419536603615,0.68406208185479,0.0320439459756017,0.257412088103592,0.309303536952939,1.07480103659327,0.00235460320254788,0.020009306317661,0.00757773744408041,0.0872919669491239,0.00729927013162524,0.0149108595796861,0.00528750848025084,0.0460532210854581,0.0019241870904807,0.00475947640370578,0.0106060608814005,0.0085942298755981,0.536764737626072,0.225916869705543
0.0145454540033825,0.0187994730658829,0.0109580466232728,0.0325831835507415,0.149595043330919,0.492863928433508,0.00989166265935637,0.0163732194632757,0.0104058277793229,0.0580952374730259,0.0126811596564949,0.0195157203124836,0.0149796699406579,0.0125565042253584,0.34565618581837,0.13754093478201,0.0202117420267314,0.0233258082298562,0.0102016032615211,0.0197066908876877,0,3.29606631398201,0.0206299507990479,0.0538481076946482,1.20754712074995,1.260574403801,1.31489357538521,1.41437751590274,1.02661806950346,0.0900207301601768,1.66057062859181,1.51406840590062,0.00375435757450759,0.0254300671513192,0.00161420495714992,0.0119402990676463,0.238522953703068,0.0498753099236637,0.0972088545095176,0.0128755366313271,2.4665070862975,0.0140023338608444,0.00235960353165865,0.0185601807315834,0.000687285210005939,0.00346380315022543,0.00915099098347127,0.016893477528356,0.000724375247955322,0.00356760603608564,0.00338524027029052,0.000510334270074964,0.000991571694612503,0.000954198476392776,0.0211565587960649,0.0138318566605449,0.0135310200275853,0.0103305782249663,0.00360638834536076,0,0.00624442443950102,0.00438596494495869,0.00632161181420088,0.00651642680168152,0.00165494414977729,0.00238308007828891,0.00284135752008297,0.016784155741334,0.0111275963718072,0.024033437250182,3.40301418327726,1.78581767168362,0.406367045361549,0.272321430093143,0.377801484894007,0.40043524466455,0.235959950834513,0.205128211760893,0.0269938649144024,0.0138568128459156,0.0596873512258753,0.00780003517866135,1.11941452434985,0.0445580733357929,0.0352859782869928,0.00595161059754901,0.273087820620276,0.0244798039784655,0.0251377414097078,0.00315357930958271,0.441358027979732,0.328267481178045
0.0012580594047904,0.0272220404876862,0.00249143573455513,0.0483715813606977,0.0346929200459272,3.53370790136978,0.00211118924198672,0.0252485754899681,0.00715746404603124,0.269915655255318,0,0.0242770437616855,0,0.0154382474720478,0.012804878060706,0.859416411956772,0.00284090917557478,0.0638930151471868,0.0134907251922414,0.0336516593233682,3.29606631398201,0,0.00951857940526679,0.0282044811174273,0.174120449926704,0.810672168154269,0.21839079936035,6.86876774078701,0.0199833477381617,0.204045742750168,0.62427744269371,0.99099101498723,0.00637789000757039,0.0291718174121343,0.0235663790954277,0.0192492781206965,0.0117762512527406,0.790583646157756,0.00852272752672434,1.73181045521051,0.00459770113229752,1.94163869600743,0.0135767791653052,0.058495823177509,0.00747282622614875,0.0198562131845392,0.0120967738330364,0.096834265626967,0.000715563481207937,0.00563976028934121,0.000336587021593004,0.00202377932146192,0,0,0.00139925369876437,0.30122291384032,0.0020054433553014,0.0214390607434325,0.00204290100373328,0.000960614765062928,0.00088534748647362,0.00288808671757579,0.000779727124609053,0.0166801190935075,0,0.00353877909947187,0.0147589891857933,0.0327102817827836,0.0153846156899817,0.0472279277164489,2.65614540013485,5.98576170927845,0.038709677872248,0.664028127503116,0.113285278202966,0.707240254618227,0.153582158789504,0.493575529195368,0,0.0244444450363517,0.00187969929538667,0.0327753306773957,0.00532319379271939,0.329725829418749,0.000689179854816757,0.0298853521235287,0,0.641448669601232,0,0.0203889583644923,0.829912022687495,0.410404615104198
0.0373313628078904,0.0200738565763459,3.0500688648317,0.715161868836731,0.385991506860591,0.0951659365091473,0.724767076608259,0.77933505261899,0.180090358713642,0.0406245269696228,0.0411633116891608,0.0170704838819802,0.186477641545935,0.242717298024218,0.112359545164509,0.0348778021289036,0.00669201492564753,0.00670859520323575,4.58579059777549,0.745514069290948,0.0206299507990479,0.00951857940526679,0,8.47521940217121,0.670032562018605,0.0907673090987373,0.111023992358241,0.0344716484250966,0.115050837397575,0.109220218437258,6.03097765910206,2.73831898975186,2.69365429831669,0.467795022268547,0.193514644779498,0.0592511836148333,0.0264574682223611,0.0104583203210495,0.00699619742226787,0.00468727108091116,0.00187511715921573,0.0022413149708882,0.0025186033162754,0.00372531983884983,0.00135007430799305,0.00135427952045575,0.00118609888886567,0.0127868474228308,0.000826674018753693,0.000273972604190931,0.00326765989302658,0,0.000307031004922464,0,0.00114272654172964,0.00460324421874247,0.0524292190675624,0.0173866757540964,0.0162310536834411,0.000927321205381304,0.00512192412861623,0.00359463557833806,0.00483779155183583,0.00855745718581602,0.00231414521113038,0.00127323655760847,0.141617426968878,0.0529889999743318,0.206033642753027,0.0914053972519469,0.148611534386873,0.582344015652779,0.0883461503835861,0.0757013488328084,0.015090173255885,0.0114475625450723,0.136002352810465,0.114285718649626,0.00301204808056355,0.00111877679591998,0.00527583452640101,0.00532649423985276,0.00648526687291451,0.00276434002444148,0.00561925733927637,0.00327171612298116,0.00095816032262519,0.00143926314194687,0.00252304699097294,0.000553556601516902,0.0338192413619254,0.0543161964742467
0.00814576624543406,0.0297717499779537,0.513148072204785,6.07123330926697,0.116771157074254,1.03700800752267,0.233452207525261,1.98859246834763,0.115689058002317,0.167286974319723,0.0107423746958375,0.0502425491868053,0.0794477701128926,0.515242607798427,0.0655895036470611,0.236643623036798,0.00196734210476279,0.0158926358562894,0.85341200401308,0.908128648647107,0.0538481076946482,0.0282044811174273,8.47521940217121,0,1.18674697814276,1.05203249619808,0.205936546000885,0.112383376108482,0.065713414689526,0.312441229296383,2.39972113398835,2.83691223559435,0.419958440528717,0.180159630253911,0.0739868042292073,0.023441395664122,0.0127770015969872,0.0119760475354269,0.0114105842076242,0.00262418002239428,0.00728976831305772,0.00207146559841931,0.00220902939327061,0.00457247355370782,0.000676246825605631,0.00237610310432501,0.00115290388930589,0.00963258571573533,0,0.00103305786615238,0.000897565332707018,0.000288850365905091,0.000398247706471011,0,0.00303072060341947,0.00419287197291851,0.00803858507424593,0.0226970658113714,0.00261361990123987,0.000840925000375137,0.000801175046944991,0.00174185683135875,0.000722543336451054,0.00777511933119968,0.00110660269274376,0.000314366538077593,0.0269807273580227,0.0131652350682998,0.042097878176719,0.0227688557934016,0.144606870249845,1.13666798640043,0.0462944937462453,0.240228786715306,0.0182648396585137,0.0244648307561874,0.13353451481089,0.121652640751563,0.00209424085915089,0.0015499871224165,0.00166044000070542,0.00902151271293405,0.00428494904190302,0.0104475009720773,0.00137021497357637,0.00521706719882786,0,0.00586510263383389,0.00204243733605836,0.000427944789407775,0.0646044341847301,0.114114114665426
