0,0.0662962961650919,5.0939800934284,0.0440440446836874,0.00910125114023685,0.00395368551835418,4.83308005030267,0.0326264277100563,0.0392496376298368,0.0022675737272948,4.64828356401995,0.0120703232241794,2.63801857284852,0.011327594256727,0.322978307958692,0.00339393937611021,2.52144277113257,0.0266249011619948,2.22041914891452,0.195524655282497,0.0283592173364013,0.00134952762164176,0.0559826534008607,0.0138089759275317,0.00548278988571838,0.000583430577535182,0.0163838504813612,0.00298507453408092,2.68850920023397,0.0333091963548213,0.311926622816827,0.0169222634285688,1.6345840136928,0.334375001868466,0.195991089334711,0.0422581695020199,0.554182232823223,0.00457665883004665,0.311717851553112,0.0126512650749646,0.276544898806605,0.00136147043667734,0.00964277907041833,0.00471698120236397,0.0147021548473276,0.003626003570389,0.0233036329736933,0.00708121247589588,0.0114078295882791,0.00415260856971145,0.0611898037022911,0.00181735574733466,0.00977011490613222,0,0.0334507036022842,0.0503461284097284,12.1787512820447,0.0369595537777059,0.929205530235777,0.00399467386887409,1.90692682302324,0.00521512411069125,1.46934458869509,0.015500235313084,0.261584876978304,0.00193704594857991,0.6154405066045,0.0481743435957469,5.23897085658973,0.107840282435063,0.944428615795914,0.116213153523859,3.8788908557035,0.0372776063159108,0.579993261024356,0.0121621624566615,0.982825477956794,0.104114184505306,0.0517358765937388,0.0101763909333386,0.858148206199985,0.00803059255122207,0.490080423420295,0.0063207799103111,0.832354298152495,0.00288092193659395,0.0602772750426084,0.00164248561486602,0.104881772858789,0.0010928961855825,0.0913210164871998,0.0639943727874197
0.0662962961650919,0,0.059482284297701,7.56603158422513,0.00176574446959421,0.122115104342811,0.0117647059960291,5.17343385980348,0.00179265020415187,0.043988271499984,0.005238649668172,5.66260494571179,0.00564481096807867,1.56750467483653,0.00152361608343199,0.168704757466912,0.0182192176580429,4.84136813180521,0.688122234249022,4.19531761854887,0.0267229249002412,0.0386507375515066,0.0706357226590626,0.0714454689004924,0.0195892566698603,0.0404833852080628,0.00848484854213893,0.0513613853254355,0.0447653441224247,2.0655900715501,0.107113871374168,0.24399563705083,0.370956155704334,1.62585967528867,0.0561983461375348,0.027481964789331,0.0279678666265681,0.123149795457721,0.0600353119662032,0.031836271751672,0.015652792644687,0.03049645293504,0.00944881903706118,0.0354196997359395,0.0114972568117082,0.0395404738374054,0.00986146973446012,0.0499886384932324,0.000534902384970337,0.0642570247873664,0.00309059303253889,0.042016806837637,0,0,0.00406687741633505,0.109270811488386,0.0813065892434679,19.5012461051228,0.0407017533725593,0.258887874428183,0.0149614962865598,1.13640037178993,0.0201854886254296,1.49323667681892,0.00963445723755285,0.296111669624224,0.282532016834011,0.60825347143691,1.32520322164055,3.51584675163031,0.423473898903467,1.07214080402628,0.0444964852649719,1.83289513073396,0.0210452475585043,0.273047141963616,0.298396348895039,1.396816277178,0.00567375868558884,0.202826849999838,0.0126439379528165,0.692097019433277,0.00387596903601661,0.142973629350308,0.00613402866292745,0.270146816619672,0,0.115417251130566,0.00468201341573149,0.0446760992053896,0.631043280707672,0.132061630720273
5.0939800934284,0.059482284297701,0,1.0408872293774,3.401066387014,0.209587519522756,18.540678878082,0.95905745937489,0.795558119716588,0.0620979045052081,1.30297135713045,0.0549507505493239,3.00230553833535,0.290517830522731,0.405556911602616,0.0512943439243827,0.309977594064549,0.0237235694658011,16.4545044284023,0.850322575250175,0.0146227980731055,0.00531384907662868,7.27617198342341,1.40300545582431,0.430030040442944,0.206043155165389,0.158730152179487,0.0824256683699787,1.5666666389443,0.16610978753306,7.82392556522973,0.524418906774372,7.0239742063859,0.561077964084689,0.263322887476534,0.0351105330046266,0.326148608291987,0.0118543604621664,0.178501256159507,0.00868856906890869,0.112903225701302,0.00201005022972822,0.012581344897626,0.0032656870316714,0.0360721447505057,0.00204708287492394,0.0108499098569155,0.0070083225145936,0.00204918021336198,0.00153846148168668,0.0149756646715105,0,0.00623759557493031,0,0.0156828572507948,0.0336518476833589,1.45394968261826,0.0262839352944866,0.356306314934045,0.00307489564875141,0.141825897968374,0.00257599167525768,0.116418685473036,0.00929152127355337,0.036816457984969,0.00335168786114082,0.683717559033539,0.036377415060997,3.24046692531556,0.0644048321992159,2.57030381646473,0.411748267710209,2.05305778142065,0.108695655071642,0.269893894554116,0.0186232123523951,0.605961171910167,0.137016568332911,0.0140703516080976,0.0106844743713737,0.128863736987114,0.0113700970541686,0.162033363478258,0.0150884502800182,0.0993119954364374,0.00540111181908287,0.0273402680177242,0.0113513516262174,0.0238140236469917,0.00180603208718821,0.0692729765432887,0.051193357212469
0.0440440446836874,7.56603158422513,1.0408872293774,0,0.161322647356428,1.95021163055208,0.3816274383571,20.054579203832,0.0908398888423108,0.508491494343616,0.0238213408738375,1.62957782880403,0.158076923224144,2.83394688527915,0.0692850844934583,0.572918939287774,0.0170127598103136,0.294404459418729,1.9478933562641,14.2646185347985,0.0511925560422242,0.0767441857606173,4.62137319316389,14.4704422760988,0.222931623051409,1.01895486109424,0.0405752423685044,0.42707787535619,0.0724363041808829,1.18077507015551,2.54765788960503,4.13997194089461,0.723306044819765,2.3240515870566,0.0762641601031646,0.0376604860648513,0.0424778766464442,0.134944612160325,0.058116233209148,0.0355058365676086,0.0123348020715639,0.0199179849587381,0.0138916455034632,0.0373197626322508,0.00995249929837883,0.0267465998185799,0.0218421588942874,0.0516516516509,0.000923147948924452,0.0378840378834866,0.00311904342379421,0.0164001644589007,0.000505561183672398,0,0.00836653399164788,0.0968910928349942,0.033724105451256,1.25338060804643,0.0188950508600101,0.0879164985381067,0.0101187004474923,0.456042691599578,0.0070422537100967,0.587241242465097,0.00630608771461993,0.142857139115222,0.149138940614648,0.236902049393393,0.276844071719097,0.459175812313333,0.455708903260529,2.35164828621782,0.0663341621984728,1.04406274936628,0.035994193633087,0.179860305273905,0.455212915549055,1.21709059365094,0.00117164617404342,0.105724295717664,0.010352379118558,0.571328411169816,0.00951022375375032,0.172712377243442,0.00421644392190501,0.241522896918468,0.00105429627001286,0.105594573076814,0.00489510508487001,0.0459269203129224,0.515396132832393,0.19457831728505
0.00910125114023685,0.00176574446959421,3.401066387014,0.161322647356428,0,0.448343083262444,0.281468528322875,0.0649651974672452,8.9624056853354,0.0249017046298832,0.0193298963131383,0,0.136664215824567,0.00829187396448106,2.89581312052906,0.0489872817415744,0.0289664245210588,0.00328048097435385,0.0279260789975524,0.0076893501682207,0.283333348110318,0.064449064899236,1.57603390165605,0.548015372827649,3.6440280417446,1.04067320330068,6.29802261060104,0.623145396821201,0.870981974061579,0.0392340022372082,3.20683933538385,0.513483151327819,0.0690257777459919,0.00403551239287481,0.0105170903261751,0.00194741971790791,0.0176032494055107,0.0160642568953335,0.0171730520669371,0,0.371089521795511,0,0.00390472472645342,0.000893655058462173,0.00308800837956369,0.00322754157241434,0.00336842099204659,0.00317838694900274,0.00107816711533815,0.00108049705158919,0.00485879136249423,0.000833333353511989,0.00541271967813373,0,0.0102281668805517,0.00361663638614118,0.0117364631732926,0.000535618630237877,0.00752823095535859,0.000798722030594945,0.0142803461640142,0.00218221498653293,0.0123456795699894,0.000886524794623256,0.0060790270799771,0,0.0102769058430567,0.00123877357691526,0.0044296788983047,0.0013995801564306,3.25547447870485,0.131061603315175,0.254569194512442,0.0298895388841629,0.0992761105298996,0.00208768271841109,0.0460198994260281,0.0229153395630419,0.014957265695557,0,0.0377210229635239,0,0.399305558530614,0.0133704738691449,0.0427000220515765,0.00235515777603723,0.127659576013684,0.0133252568775788,0.0228254156536423,0.00286697235424072,0.00692041497677565,0.0047505940310657
0.00395368551835418,0.122115104342811,0.209587519522756,1.95021163055208,0.448343083262444,0,0.0578135196701623,1.62148551782593,0.307795698638074,10.2746611833572,0,0.11886586190667,0.0422278866171837,0.366844479285646,0.126984129427001,8.5270019674208,0.00647668377496302,0.142394816502929,0.111382111266721,0.146991626825184,1.32182744471356,5.57244202354923,0.885012943181209,1.2888513825601,1.78560495679267,13.6113024200313,1.06315055279993,17.9198841333855,0.0409407669794746,3.10988000687212,1.87486393086147,5.8337949734414,0.061365601955913,0.0934878116240725,0.0411663819104433,0.0760456267744303,0.00665778934489936,1.37985513173044,0.0181936323642731,2.23628690408077,0,0.711758620105684,0.0464037107303739,0.144940342055634,0.0294715436175466,0.0944798350101337,0.0725000017555431,0.258851300284732,0.00106382975354791,0.0639658863656223,0.00180831825127825,0.0156701027881354,0,0.00128617358859628,0.0015582392225042,1.08960569836199,0.00741918373387307,0.0718276112456806,0.00910596025642008,0.0134440487017855,0.0037230082671158,0.035522065940313,0.00664084148593247,0.038579570595175,0.00718562887050211,0.0399442631169222,0.0714285724097863,0.126613396336325,0.0567995603196323,0.0935350763611495,2.5182768011,4.7633783146739,0.0256904307752848,2.35038361256011,0.137096770107746,0.533062060829252,0.278015914140269,1.28696741105523,0.00416233111172915,0.0638517022598535,0.00544747081585228,0.110667074332014,0.0102681121788919,1.25604401424062,0.00343200354836881,0.149847809225321,0.00596569711342454,2.3878282540245,0.000612182426266372,0.121833195444196,0.396861006505787,0.237600914202631
4.83308005030267,0.0117647059960291,18.540678878082,0.3816274383571,0.281468528322875,0.0578135196701623,0,0.398564650386106,0.65458564859,0.0239755885559134,3.90290418732911,0.0164237327408046,10.2188799190626,0.124954334227368,0.887021126196487,0.0158148501941469,0.414756596728694,0.0069515434151981,1.56594503717497,0.174112655047793,0.0154152156319469,0.00149105361197144,1.83303432687535,0.468085115571739,0.0884181428700686,0.0476827083039097,0.040196516783908,0.0312925174366683,2.41177569018328,0.0603497973643243,2.21333334586234,0.164807926223148,0.997944343253039,0.112274371145759,0.0580537727801129,0.00635852321283892,0.276272299845004,0.00307287101168185,0.185314683243632,0.00596252112882212,0.0616695909993723,0.000500250142067671,0.00533523023477755,0.00113207547110505,0.00719280709745362,0.0016256858361885,0.0139782969490625,0.00430184626020491,0.0065080332569778,0.00162833300419152,0.0270653021289036,0.000366166234016418,0.00484581509954296,0,0.0153461811132729,0.0260854645166546,1.24328290275298,0.0117716297972947,0.259673567139544,0.00107797342934646,0.509173517028103,0.000817160354927182,0.334847243066179,0.00338473115698434,0.101125979505014,0.00308285164646804,0.200761620886624,0.0146240656031296,0.194741168583278,0.0204854152398184,1.77675643307157,0.173496077186428,2.32259471900761,0.0308628563652746,0.29932986467611,0.00447761215036735,0.5935760018765,0.038851716381032,0.0200100056827068,0.00249500997597352,0.2889245559345,0.00413354529882781,0.278914403403178,0.0032942146062851,0.333549828152172,0.00246305420296267,0.0351758802426048,0.00254614889854565,0.0460025371285155,0.000610687013249844,0.0407228292897344,0.0322745883604512
0.0326264277100563,5.17343385980348,0.95905745937489,20.054579203832,0.0649651974672452,1.62148551782593,0.398564650386106,0,0.0319829414365813,3.41173999814782,0.0213433775352314,4.33240677005961,0.160699272935744,10.3004077836522,0.0238591177621856,1.03850467235316,0.0130636320973281,0.45965191029245,1.80042393371696,3.31571714032907,0.0272271315625403,0.0496538553852588,4.37408686726121,6.21041267551482,0.0798580324044451,0.382548898342066,0.0271376271557529,0.302950826677261,0.0560203692293726,2.0029806420207,2.62500003605965,4.43898548700963,0.639956477098167,1.98352316964883,0.0943223446956836,0.0272684535593726,0.0255102035589516,0.102520650660153,0.0451381566817872,0.0357951033802237,0.00866634567501023,0.0096084555843845,0.0114029026008211,0.0289112541940995,0.0104448739439249,0.0279197806376033,0.0157086753752083,0.0581476313236635,0,0.0322961797937751,0.00306748464936391,0.0163497427711263,0,0.000840866065118462,0.00450684677343816,0.0814419260714203,0.0258027511881664,1.41502662881976,0.0142399431206286,0.067352991172811,0.00781250014551915,0.412252956652083,0.00838490729802288,0.780229784752009,0.00123152710148133,0.118020543712191,0.155720656970516,0.212515493796673,0.205841440474615,0.321305846562609,0.319814115500776,2.42457398487022,0.0508510175277479,0.918170370860025,0.0257510736119002,0.110872165532783,0.372285424964502,0.749478930083569,0.00096084555843845,0.186915892409161,0.00589050576672889,0.76312937278999,0.00686175591545179,0.129032256896608,0.00457782304147258,0.271109314431669,0.000440237723523751,0.0955309579730965,0.00711083615897223,0.0372300819435623,0.260869565187022,0.146964857645798
0.0392496376298368,0.00179265020415187,0.795558119716588,0.0908398888423108,8.9624056853354,0.307795698638074,0.65458564859,0.0319829414365813,0,0.0230508475797251,0.179880084469914,0.00341296917758882,2.21415202168282,0.00762388837756589,17.4807788551552,0.0193050189409405,0.197547681163996,0.00112485943827778,0.0117449664976448,0.00470588228199631,0.088008800521493,0.0241492867935449,0.778807959984988,0.324607333168387,1.97398369456641,0.634181802161038,2.50402935373131,0.482652262202464,3.1459460221231,0.0220095691038296,1.80590247153305,0.203585892915726,0.0330652371631004,0.0032962504774332,0.0110091743990779,0.00409836042672396,0.0771388493012637,0.00693000678438693,0.0505809960886836,0.00126342382282019,0.0251141542103142,0.00225988705642521,0.0071713148499839,0.00274348421953619,0.00422832975164056,0.00110619468614459,0.0120481926715001,0.00243308994686231,0.0088691795244813,0,0.0111042562639341,0.00170285231433809,0.0112123331055045,0,0.0160578079521656,0.00442151818424463,0.0486749585252255,0.000543035566806793,0.020512820687145,0,0.0498084301943891,0,0.0485268614720553,0.000907029490917921,0.0464240898145363,0.000962927297223359,0.011008110945113,0.00503461295738816,0.0045584044419229,0,5.03571441234089,0.08542372926604,1.08710333122872,0.0188172042835504,0.399563325103372,0.00441014347597957,0.195247273892164,0.0144736848305911,0.0338983058463782,0,0.204490777105093,0.000629524700343609,0.768038148991764,0.0126146783586591,0.152202354453038,0.00143027416197583,0.224505924619734,0.00624999986030161,0.0714509531389922,0,0.0122549023944885,0.0455120117403567
0.0022675737272948,0.043988271499984,0.0620979045052081,0.508491494343616,0.0249017046298832,10.2746611833572,0.0239755885559134,3.41173999814782,0.0230508475797251,0,0.00127877236809582,0.0658978591673076,0.0131675204029307,0.325082518393174,0.012584704963956,7.41451978159603,0.00261267134919763,0.0597501371521503,0.0514916232204996,0.05663987621665,0.135802465025336,0.281314178137109,0.233538765460253,0.35244160273578,0.242846086155623,1.27677331259474,0.103641459019855,1.7102941510966,0.0096364434575662,1.28007429244462,0.380273974617012,1.48214292339981,0.0234680569265038,0.043373494874686,0.0138768432661891,0.00769971124827862,0.00671591667924076,0.286852598190308,0.00917431223206222,0.143377891508862,0.00851970165967941,0.185653999447823,0.0186552666127682,0.0533333339262754,0.0061381075065583,0.0342063084244728,0.0251361541450024,0.0964808200951666,0,0.0171765964478254,0.00181543116923422,0.00995024875737727,0,0,0,0.162765571149066,0.00106354698073119,0.0272290449938737,0.00166458589956164,0.00476947543211281,0.00299289193935692,0.00758807570673525,0,0.0123456786386669,0.00241400115191936,0.013084112550132,0.0238975830143318,0.0487503837211989,0.0154015400912613,0.0346981250913814,0.394996698014438,1.69310792488977,0.00647668377496302,0.814958065748215,0.0449438220821321,0.152577325236052,0.116049387957901,0.481364476494491,0.0021097045391798,0.0313152407761663,0,0.0450617304304615,0.00229885056614876,0.719424494309351,0.000430200045229867,0.0629403494531289,0,0.769693329930305,0,0.0337142853531986,0.0978384497575462,0.0843091299757361
4.64828356401995,0.005238649668172,1.30297135713045,0.0238213408738375,0.0193298963131383,0,3.90290418732911,0.0213433775352314,0.179880084469914,0.00127877236809582,0,0.0086626959964633,16.3115947687766,0.00979591836221516,1.68355639261426,0.000925497442949563,6.31984597072005,0.00642742356285453,0.362312979996204,0.053050396963954,0.0180360723752528,0.0020000000949949,0.0566098424606025,0.0260394783108495,0.0075815012678504,0.00273224036209285,0.0330123798921704,0,2.77262893435545,0.0137677832390182,0.357644524076022,0.0154015400912613,0.19939836114645,0.056438792613335,0.0373197626322508,0.0112676059361547,0.398679880425334,0.00130548304878175,0.24742267280817,0.0071770332287997,0.12020725896582,0,0.00846479431493208,0.00175746926106513,0.00908632040955126,0.00105429627001286,0.022378780937288,0,0.00950871594250202,0,0.0312218549661338,0,0.00791556760668755,0,0.029457364231348,0.0149839453515597,2.95220494968817,0.00583244994049892,0.151502673048526,0.0015735641354695,0.361615411937237,0.00106894713826478,1.38241764646955,0.00174367916770279,0.0998217444866896,0.00184672209434211,0.067212653812021,0.00673400668893009,0.0976138841360807,0.0163599187508225,1.33592227846384,0.083120203926228,2.93121023476124,0.00760938506573439,0.44378111534752,0.00401606410741806,0.755771597614512,0.0335612178314477,0.125256677856669,0.00406504049897194,1.81649240897968,0.000612369854934514,3.16534533340018,0,0.40598929618136,0.000933706818614155,0.109305758494884,0,0.0719512195792049,0,0.0817679520696402,0.0431818168144673
0.0120703232241794,5.66260494571179,0.0549507505493239,1.62957782880403,0,0.11886586190667,0.0164237327408046,4.33240677005961,0.00341296917758882,0.0658978591673076,0.0086626959964633,0,0.00729201186913997,8.47801964700921,0.00340570462867618,1.2258064703783,0.0143329662969336,11.2984931968967,0.77069598599337,1.40676801017253,0.0207171317888424,0.0302307077217847,0.10873440024443,0.202426083851606,0.0152284260839224,0.0337013355456293,0.00935125630348921,0.0523432723712176,0.025720966339577,10.7725780656911,0.278937379131094,0.822168671875261,0.152476775925606,0.905878108926117,0.0571030630962923,0.040847199736163,0.0361173823475838,0.0804918939247727,0.0386954104760662,0.0124416793696582,0.0130932899191976,0.0276198213687167,0.00770308141363785,0.0347414121497422,0.00804289552615955,0.0380687087308615,0.0202247193083167,0.0305832144804299,0,0.0382106251781806,0.00111482723150402,0.0163265304872766,0,0,0.00211491010850295,0.0503267988678999,0.0178041534963995,1.83966248505749,0.0171258380287327,0.0478742395644076,0.00947225943673402,0.257518803467974,0.00866634567501023,0.602900814556051,0.00412371149286628,0.0866694201249629,0.122696157428436,0.203745753387921,0.178962403675541,0.317865418503061,0.217536078300327,1.82427240128163,0.0284619596786797,2.93565963534638,0.0190174332819879,0.207501995610073,0.258539148140699,0.858520854846574,0.00324939074926078,0.976631745463237,0.00352112663676962,0.697133117122576,0.000988630694337189,0.24688994907774,0.00283860493800603,0.0977758181397803,0,0.0842754400800914,0.00169635278871283,0.0248480031150393,0.481927706860006,0.082673700642772
2.63801857284852,0.00564481096807867,3.00230553833535,0.158076923224144,0.136664215824567,0.0422278866171837,10.2188799190626,0.160699272935744,2.21415202168282,0.0131675204029307,16.3115947687766,0.00729201186913997,0,0.0602209917269647,8.3255672341329,0.00780546374153346,2.02273565216456,0.00592690135817975,0.349162771599367,0.0719348937273026,0.0202952031977475,0.00368663598783314,0.644075727614108,0.239369194605388,0.0715146658476442,0.0516324962954968,0.0754573142621666,0.0234741781605408,5.23828683141619,0.03822036460042,1.12479314376833,0.113788486341946,0.269373750197701,0.0553445467958227,0.0306513416580856,0.00626398221356794,0.343389198125806,0.00518134696176276,0.243938277708367,0.00422237848397344,0.0786885232664645,0,0.0175112760043703,0,0.0114249447360635,0.00195630913367495,0.0513536129146814,0.00268456380581483,0.0189356840564869,0.00261523365043104,0.0719840034143999,0.000554323720280081,0.0290394644835033,0,0.0565333339618519,0.0221495099831372,1.03812788770301,0.00566572253592312,0.122256185859442,0.00107758620288223,0.293098987312987,0.0013153568143025,0.698996637656819,0.0011547344038263,0.13179109361954,0,0.0866058137034997,0.00676132505759597,0.0524220309453085,0.0121350018307567,2.82799272792181,0.12289685709402,3.70218963362277,0.0152894072234631,0.532413797860499,0.00461680523585528,0.816761387977749,0.0367038514232263,0.0820895503275096,0.00649953563697636,1.00026648846688,0.00450856634415686,2.56267026392743,0.00266400258988142,0.641574006294832,0.00110011003562249,0.34072901296895,0.00209863594500348,0.177977527608164,0.00170357746537775,0.0318072288064286,0.0448780488222837
0.011327594256727,1.56750467483653,0.290517830522731,2.83394688527915,0.00829187396448106,0.366844479285646,0.124954334227368,10.3004077836522,0.00762388837756589,0.325082518393174,0.00979591836221516,8.47801964700921,0.0602209917269647,0,0.00474254752043635,0.611717989901081,0.00827472074888647,1.41107447235845,1.49894983600825,2.16919124533888,0.0258342297747731,0.0408602159004658,1.17913838359527,1.58593020460103,0.0367140886373818,0.0826161783188581,0.00691443402320147,0.122885132208467,0.0220889880438335,8.49226743215695,1.3124307935941,3.14563111611642,0.39410103787668,0.939573494717479,0.0657184916781262,0.0238961029099301,0.0345263151684776,0.0785953170852736,0.0439469320117496,0.0157977885100991,0.00986301375087351,0.0141766624292359,0.00520381605019793,0.0216836730251089,0.0105596621870063,0.0239390641800128,0.0164986249292269,0.0245973650598899,0.000726480211596936,0.0145507452543825,0.00143163918983191,0.0103092782665044,0,0,0.00465116277337074,0.0387660389533266,0.0116204005025793,0.998272881610319,0.0164183645392768,0.0317460307851434,0.006743467412889,0.194068104028702,0.00522388063836843,0.512999376514927,0.000786472694016993,0.0561797776026651,0.0931606444646604,0.118245700607076,0.155325445812196,0.261280611157417,0.202079009148292,2.88201329123694,0.0534979422809556,1.79482970066601,0.0171581767499447,0.11099137889687,0.383878691878635,0.680437402334064,0,0.291757053695619,0.00290444382699206,0.49491031121579,0.00228484394028783,0.11808392428793,0.00216802168870345,0.128693625796586,0.000903342384845018,0.0886622181278653,0.00289855065057054,0.0255357951391488,0.308215299621224,0.178160918876529
0.322978307958692,0.00152361608343199,0.405556911602616,0.0692850844934583,2.89581312052906,0.126984129427001,0.887021126196487,0.0238591177621856,17.4807788551552,0.012584704963956,1.68355639261426,0.00340570462867618,8.3255672341329,0.00474254752043635,0,0.00751032668631524,1.32588631968247,0.00506542855873704,0.0302521011326462,0.00827761855907738,0.699999992502853,0.00532623147591949,0.411520343681332,0.217828649329022,0.803953881841153,0.216683623963036,1.89366048760712,0.162076271488331,7.930985436833,0.0149198062717915,1.25541863660328,0.114655171986669,0.0473665605532005,0.00795228662900627,0.0154669835465029,0.00510529661551118,0.438274689018726,0.00491642102133483,0.267770211212337,0.0027598895248957,2.18677580635995,0,0.032892614370212,0.00143988477066159,0.0136931134620681,0.0041684033931233,0.0624356760527007,0.00327118090353906,0.0267223380506039,0.000836470106150955,0.103835121844895,0,0.0495540152769536,0,0.122647632379085,0.00665658095385879,0.277920263935812,0.0018717828206718,0.0900716464966536,0.00197109061991796,0.201187131926417,0.000842814974021167,0.222222228068858,0.00214592280099168,0.15835240558954,0,0.0509522637003101,0.00795967091107741,0.0204603583551943,0.00203148811124265,4.44357596430928,0.0435624402598478,1.89285710715922,0.011544011766091,0.408759127371013,0.00400534062646329,0.364990693517029,0.0198957837419584,0.173441737890244,0,1.22074559080647,0.00265392794972286,8.73633130523376,0.00256959308171645,0.943017199053429,0.00125365646090358,2.36099137051497,0.00182565033901483,0.590692757803481,0.000993048655800521,0.0113717131316662,0.0260492032393813
0.00339393937611021,0.168704757466912,0.0512943439243827,0.572918939287774,0.0489872817415744,8.5270019674208,0.0158148501941469,1.03850467235316,0.0193050189409405,7.41451978159603,0.000925497442949563,1.2258064703783,0.00780546374153346,0.611717989901081,0.00751032668631524,0,0.01127819577232,0.708777688443661,0.118265437195078,0.186292828992009,0.442319945665076,1.87014632322825,0.253260858007707,0.303523041307926,0.382010587258264,1.22457000147551,0.24790123407729,3.2488502333872,0.0270833339891396,11.0603633569553,0.524360047711525,1.27417326404247,0.0738440275890753,0.118561713548843,0.0674285707063973,0.0880195638164878,0.00958772783633322,1.05087972478941,0.017899199097883,0.705305400944781,0.00260416674427688,0.384466004557908,0.0845425853040069,0.207938189152628,0.060344826139044,0.15478119708132,0.108579091960564,0.41842610493768,0.0024350649327971,0.10569105448667,0.00461301917675883,0.0405450310208835,0.000958313350565732,0.00467508187284693,0.00126943830400705,0.641375247039832,0.0105553004832473,0.112825234391494,0.0193333331262693,0.0295534846372902,0.0122324156109244,0.0556920559611171,0.0100376412738115,0.0607329849153757,0.00621118029812351,0.0767263455782086,0.14883268479025,0.289213122159708,0.067080745648127,0.1256133466959,1.28638944483828,2.51522244012449,0.0130780007457361,3.12197396776173,0.0634517753496766,0.42246329493355,0.17320703342557,1.64036698546261,0.00517799332737923,0.171061087283306,0.00951173133216798,0.374250737368129,0.00171159603632987,4.12312799692154,0.00343118575983681,0.363336762646213,0,3.48230087198317,0.000519345630891621,0.158164510619827,0.277777783339843,0.0785665051080287
2.52144277113257,0.0182192176580429,0.309977594064549,0.0170127598103136,0.0289664245210588,0.00647668377496302,0.414756596728694,0.0130636320973281,0.197547681163996,0.00261267134919763,6.31984597072005,0.0143329662969336,2.02273565216456,0.00827472074888647,1.32588631968247,0.01127819577232,0,0.0632497246842831,0.0754098361358047,0.0245587099343538,0.0207253894768655,0.00827300921082497,0.0175552665023133,0.0127768309903331,0.00466562993824482,0.00559049611911178,0.060520758270286,0.00739098293706775,3.94112481793854,0.0848089485662058,0.0671067103976384,0.0078431376023218,0.39319965231698,0.0805477262474597,0.450261784717441,0.249999999068677,0.445344115141779,0.0987324907910079,0.14746543392539,0.0244051241315901,0.100858368910849,0.00637619546614587,0.535463753796648,0.0980829255422577,0.363449704600498,0.115879828110337,0.326890759461094,0.0856463117524981,0.412903234362602,0.0290948274778202,0.85627652425319,0.00831600860692561,0.269723543897271,0.00130293157417327,0.252846483839676,0.0620938644278795,5.74853497440927,0.0331639478681609,1.04674454382621,0.0143483461579308,1.88972244248725,0.0217627850361168,2.9311696178047,0.0406899605877697,1.33696970599703,0.0281293946318328,0.755986296571791,0.27087199583184,0.123688565567136,0.044630404561758,0.756613733712584,0.0496407556347549,2.12361750751734,0.0440414496697485,0.452674883417785,0.0124610597267747,1.1729696393013,0.313451770227402,1.43464397988282,0.0567823313176632,7.59372537571471,0.0346427471376956,4.42123467091005,0.0300000007264316,1.05988797324244,0.0207010115263984,0.237698713317513,0.013285023975186,0.205112407857087,0.00744345865678042,0.0550458692014217,0.0118063751142472
0.0266249011619948,4.84136813180521,0.0237235694658011,0.294404459418729,0.00328048097435385,0.142394816502929,0.0069515434151981,0.45965191029245,0.00112485943827778,0.0597501371521503,0.00642742356285453,11.2984931968967,0.00592690135817975,1.41107447235845,0.00506542855873704,0.708777688443661,0.0632497246842831,0,0.231999994139187,0.506172838504426,0.0360784308286384,0.0704776821658015,0.0490254006581381,0.0617005249951035,0.0238095236709341,0.0459506036713719,0.00808781024534255,0.0601322914008051,0.131477180402726,12.7760581886978,0.0845864682924002,0.224343678564765,0.468509984202683,0.44969565467909,0.421703307307325,0.195231000077911,0.0323660728754476,0.166943056625314,0.021869873162359,0.0318111863452941,0.00322061195038259,0.0543565147090703,0.0257301811361685,0.108108111424372,0.0327723642112687,0.17755289276829,0.0237918216735125,0.0748587572015822,0.00368663598783314,0.186518931528553,0.00831485580420122,0.0891344412812032,0,0,0.0028001400642097,0.135064932517707,0.0723425194155425,4.57841425022343,0.101256466237828,0.222774040768854,0.0665322580025531,0.409683431498706,0.0677157861646265,5.52625443041325,0.0244897948578,0.456815375131555,0.732320616021752,1.01410837622825,0.252710979897529,0.879587118281052,0.466520313057117,1.8978816291783,0.0400649689836428,4.69147770432755,0.0218408736400306,0.246661434532143,0.282891305163503,1.45811248512473,0.0143884891876951,12.4218872897327,0.0370629384997301,6.37538795522414,0.00978952506557107,0.836018947418779,0.0193861071020365,0.387195801333291,0.00122624158393592,0.160732453456149,0.0050604441203177,0.054693665355444,0.473773255944252,0.0777873827610165
2.22041914891452,0.688122234249022,16.4545044284023,1.9478933562641,0.0279260789975524,0.111382111266721,1.56594503717497,1.80042393371696,0.0117449664976448,0.0514916232204996,0.362312979996204,0.77069598599337,0.349162771599367,1.49894983600825,0.0302521011326462,0.118265437195078,0.0754098361358047,0.231999994139187,0,14.1766038077185,0.0329611904453486,0.0392989899264649,5.64679365948541,1.96752457943512,0.0390554053010419,0.0417554312152788,0.0136927682906389,0.0440722797065973,0.280701752752066,0.720444124541245,5.25091452512424,2.71380980673712,14.6311521846801,9.43807041971013,0.671193029498681,0.124229983775876,0.175145954126492,0.0563147000502795,0.133059552870691,0.0172211356693879,0.0508658008184284,0.0150780822150409,0.00919012073427439,0.0139284584438428,0.0286312840762548,0.0172661868855357,0.0200242720311508,0.0255962780211121,0,0.0165945165790617,0.00759373512119055,0.00240891287103295,0.00166736135724932,0,0.0103956103557721,0.0434074876829982,0.853104903129861,0.304189035203308,0.189009659283329,0.0356204365380108,0.0429927395307459,0.0718954250332899,0.0577136519132182,0.102612526156008,0.0109119251137599,0.0360774030559696,1.0239602427464,0.320963854319416,10.4261095109396,1.3310638058465,2.49093898851424,1.94442177208839,0.58377495710738,1.01219509873772,0.0889830510132015,0.238424703478813,0.701463011675514,1.70144462259486,0.0161550880875438,0.0492769139818847,0.0450086536584422,0.0944805970648304,0.0324650820111856,0.0662739324616268,0.0230298675596714,0.0375459652277641,0.00715243630111217,0.0474339043721557,0.0182560656103306,0.00952596956631169,0.865771816112101,0.200794099713676
0.195524655282497,4.19531761854887,0.850322575250175,14.2646185347985,0.0076893501682207,0.146991626825184,0.174112655047793,3.31571714032907,0.00470588228199631,0.05663987621665,0.053050396963954,1.40676801017253,0.0719348937273026,2.16919124533888,0.00827761855907738,0.186292828992009,0.0245587099343538,0.506172838504426,14.1766038077185,0,0.0615534929092973,0.0527086383663118,0.557479568204144,1.42973754741251,0.026182433066424,0.0429765227017924,0.011186575749889,0.069815197493881,0.0649195936857723,1.00000002037268,1.35379314410966,1.69794214353897,3.31635083444417,5.36381471174536,0.157989231869578,0.0397350993007421,0.0842433697544038,0.0906625329516828,0.138408303027973,0.0330760743236169,0.0397219462320209,0.0336134436074644,0.00932017550803721,0.0228571430779994,0.012541254516691,0.0278343506506644,0.0196418248815462,0.0327413995401002,0.00203942897496745,0.0313138200435787,0.00410958897555247,0.015486090502236,0.00155945424921811,0,0.00992008822504431,0.0872274180874228,0.138544253568398,1.06202036142349,0.0437032789923251,0.0874408288509585,0.0288153674919158,0.209589046658948,0.0188218888943084,0.291355070949066,0.00658857979578897,0.110108860360924,0.994335541268811,0.530583877261961,6.52471487713046,5.03577114373911,0.892829584074207,2.50516641698778,0.147384493786376,1.66945930570364,0.0671859802678227,0.409779949812219,0.768831162946299,2.72460489033256,0.00494315347168595,0.106246921699494,0.0176211446523666,0.22618771973066,0.00639431609306484,0.110340037790593,0.0132774282828905,0.081755108141806,0.000832292949780822,0.0905770671088248,0.0110880110878497,0.0201092900824733,1.39508697926067,0.304821144556627
0.0283592173364013,0.0267229249002412,0.0146227980731055,0.0511925560422242,0.283333348110318,1.32182744471356,0.0154152156319469,0.0272271315625403,0.088008800521493,0.135802465025336,0.0180360723752528,0.0207171317888424,0.0202952031977475,0.0258342297747731,0.699999992502853,0.442319945665076,0.0207253894768655,0.0360784308286384,0.0329611904453486,0.0615534929092973,0,4.72549036331475,0.224076279904693,0.0514253766741604,5.72489687963389,3.90366955753416,5.38283044472337,3.30226687411778,1.51659873034805,0.298676737351343,4.42573481029831,1.96574226953089,0.0138328531756997,0.047817048151046,0.0306643943767995,0.0295983082614839,0.433369446545839,0.148936165496707,0.337500017601997,0.0685185173060745,6.76139431912452,0.0418848171830177,0.0129546591779217,0.0273159156786278,0.00287976954132318,0.0352490429067984,0.0219659530557692,0.0489047393202782,0.00153727899305522,0.0169622200774029,0.005841548088938,0.00758396531455219,0.00216450216248631,0,0.0331991940038279,0.0669380367035046,0.0118935840437189,0.0201257858425379,0.00870985258370638,0.00512820493895561,0.00284765067044646,0.0125097734853625,0.00651465775445104,0.0117508810944855,0.00366636109538376,0.0139771277317777,0.026449644996319,0.0411214953055605,0.0239616609178483,0.0457142852246761,5.30954849906266,1.79218101571314,0.233128828927875,0.460913717281073,0.43099275464192,0.499999992083758,0.358633773168549,0.774827952962369,0.0523560214787722,0.0408163256943226,0.0873932694084942,0.0172026931541041,2.52470180368982,0.125705076148733,0.121479307767004,0.0184182014781982,0.574803147464991,0.220601639477536,0.11979166889796,0.0170415820321068,1.09904151409864,0.479166670236737
0.00134952762164176,0.0386507375515066,0.00531384907662868,0.0767441857606173,0.064449064899236,5.57244202354923,0.00149105361197144,0.0496538553852588,0.0241492867935449,0.281314178137109,0.0020000000949949,0.0302307077217847,0.00368663598783314,0.0408602159004658,0.00532623147591949,1.87014632322825,0.00827300921082497,0.0704776821658015,0.0392989899264649,0.0527086383663118,4.72549036331475,0,0.0460500211920589,0.0402010031975806,0.795610423665494,1.01830658968538,0.738425931427628,7.68090444034897,0.012798139010556,0.56135934474878,0.878667716868222,1.22801298671402,0.0161197471898049,0.0581516120582819,0.0169779290445149,0.0378947351127863,0.010810811072588,1.51167736016214,0.0291060293093324,4.54343813634478,0,1.54166671261191,0.0209059232147411,0.040332148084417,0.00862688734196126,0.0214231065474451,0.0197476695757359,0.0773536898195744,0,0.021555041661486,0.00218898220919073,0.00649350648745894,0,0,0.00201005022972822,0.362403965322301,0.00312793243210763,0.0219987431773916,0.00108754762914032,0.00717213074676692,0.00379326706752181,0.0124902417883277,0.00162601622287184,0.0199530519312248,0.00182982615660876,0.0101522840559483,0.0237207725876942,0.0463205093983561,0.0414673041086644,0.0752565544098616,5.15392675437033,2.6632444455754,0.02653061109595,0.909827806754038,0.236144583206624,0.669950727373362,0.200757581740618,0.995093230856583,0.00520833348855376,0.0913705565035343,0.00501756148878485,0.026905829552561,0.00170068023726344,0.474658099119551,0.000489596102852374,0.024363832490053,0.00261780107393861,1.15923566487618,0.000743494427297264,0.0531335142441094,0.958730171900243,0.262068964540958
0.0559826534008607,0.0706357226590626,7.27617198342341,4.62137319316389,1.57603390165605,0.885012943181209,1.83303432687535,4.37408686726121,0.778807959984988,0.233538765460253,0.0566098424606025,0.10873440024443,0.644075727614108,1.17913838359527,0.411520343681332,0.253260858007707,0.0175552665023133,0.0490254006581381,5.64679365948541,0.557479568204144,0.224076279904693,0.0460500211920589,0,15.0405122654629,2.9760393415927,1.0124036448542,0.613521669991314,0.441308093315456,0.246603964827955,0.661438603070565,11.6468842024915,4.24273288837867,5.42537681391696,0.895167325506918,0.725722783070523,0.148606806993484,0.0408701373962685,0.0439200277905911,0.0208401177078485,0.00689439021516591,0.00241545896278694,0.00401123135816306,0.00679941702401266,0.0105401850305498,0.0125714284367859,0.00878220103913918,0.00559511705068871,0.0255277359392494,0.00175849936204031,0.00410798127995804,0.00123711337801069,0.00303260050714016,0,0,0.00243961942032911,0.0129569642012939,0.0501319254108239,0.0366660364088602,0.0253292819252238,0.00295493728481233,0.00806069251848385,0.00943952798843384,0.00898472615517676,0.0246525057009421,0.0024984385818243,0.00705563119845465,0.27233201067429,0.0789803570369259,0.258697583922185,0.103817814670037,0.639686693903059,1.5030814432539,0.163807054515928,0.365633084555157,0.0356576874037273,0.0429423465393484,0.294470761553384,0.254475701251067,0.00481347762979567,0.0119856168748811,0.0156021453440189,0.0321839077223558,0.0322678858647123,0.0357995240483433,0.00936390037531964,0.0175771146314219,0.0111381830647588,0.0330423951381817,0.00375078144134022,0.00753221032209694,0.0453795393696055,0.08586910989834
0.0138089759275317,0.0714454689004924,1.40300545582431,14.4704422760988,0.548015372827649,1.2888513825601,0.468085115571739,6.21041267551482,0.324607333168387,0.35244160273578,0.0260394783108495,0.202426083851606,0.239369194605388,1.58593020460103,0.217828649329022,0.303523041307926,0.0127768309903331,0.0617005249951035,1.96752457943512,1.42973754741251,0.0514253766741604,0.0402010031975806,15.0405122654629,0,1.55639808578417,2.62705107859802,0.202227172092535,0.442811216693372,0.107741939660627,0.97777773742564,3.51249054074287,3.91491005307762,0.846055191883352,0.339885107590817,0.154314724728465,0.0215517240576446,0.01908065949101,0.0576840307330713,0.0187793429940939,0.00974421459250152,0.00341685663443059,0.00453257793560624,0.00294985249638557,0.00912944262381643,0.00288600288331509,0.012648809759412,0.00499375769868493,0.0316796184051782,0.000745156488846987,0.00820895528886467,0.00145560409873724,0.0018581603653729,0.000866926740854979,0,0.00177988735958934,0.0205898728454486,0.0117955442983657,0.0604865232598968,0.00683229800779372,0.00360035989433527,0.00401146122021601,0.0165289256256074,0.00306396023370326,0.0252836314612068,0.00080840743612498,0.00946905685123056,0.0678670369670726,0.0364711690926924,0.0880455414298922,0.0575730722630396,0.313356162048876,1.9303608747432,0.0906395618221723,0.51942568825325,0.0311804017983377,0.0470061565283686,0.268362739880104,0.27250000659842,0.00226628896780312,0.0191549304872751,0.00652045075548813,0.0414099097251892,0.0203363317996264,0.0472560958005488,0.00585437240079045,0.0232512322254479,0.00279720278922468,0.0427419348270632,0.00294767855666578,0.00741255516186357,0.0601415103301406,0.143626565113664
