0,0.133307044452522,7.36051359365229,0.0876663733506575,0.0194057002663612,0.0131854956271127,8.61780772567727,0.0611764719360508,0.0788508592522703,0.00590144598390907,6.03483935585245,0.0437067793100141,3.87435482261935,0.0510617977706715,0.525247289275285,0.0128468658658676,3.54504369146889,0.0233333338983357,3.66251794435084,0.467186777910683,0.0487804880831391,0.0106799573404714,0.0928586274676491,0.0244135949760675,0.0107458916609176,0.00434917671373114,0.00373598991427571,0.00821484957123175,3.26104231004138,0.052818690892309,0.438068987918086,0.0516418728511781,2.10562697227579,0.503420612920308,0.0687074839370325,0.01468531525461,0.614592792408075,0.0103155340766534,0.918625671649352,0.0415584398433566,0.767559742089361,0.00790798006346449,0.00702740682754666,0.00504668161738664,0.00698361534159631,0.00274574413197115,0.079406839911826,0.0213259150041267,0.00671328697353601,0.000551419914700091,0.0431512270006351,0,0.00897934776730835,0,0.169616525236052,0.080200501717627,13.9577264577383,0.061194578272989,0.351500597549602,0.00186872226186097,2.2434662693704,0.00334075733553618,2.34202404780081,0.0172328905318864,0.256662797299214,0.00620957300998271,0.257274127565324,0.103023069736082,4.91015646950109,0.326708068372682,1.46040342806373,0.205081663734745,4.81024106353289,0.0630524473381229,0.541770335286856,0.011428571306169,1.31118884019088,0.126253686845303,0.16823785007,0.00504322751658037,1.36155284394044,0.0162469537463039,0.754716990049928,0.00452488707378507,0.741785555961542,0.00544217694550753,0.0848329046275467,0.00573723460547626,0.160789250192465,0.00231436832109466,0.0788690490880981,0.133531156461686
0.133307044452522,0,0.0379330370342359,4.85537788888905,0.00189453747589141,0.0854647515225224,0.0124774259747937,3.39974383672234,0.000636739889159799,0.0466543885413557,0.00737100723199546,6.38633739436045,0.00832177506526932,1.89605917024892,0.00269469135673717,0.180271213233937,0.033249685948249,5.23782053845935,0.45811712188879,4.48828952311305,0.0421528052538633,0.0395817780517973,0.0479452051222324,0.0889547809492797,0.00329706555930898,0.0174870461924002,0.00324569933582097,0.0270270263426937,0.116440113808494,2.10506968881236,0.173440178507008,0.168997672735713,0.283091050805524,2.17185984039679,0.0227839089930058,0.0073286920087412,0.0542244641110301,0.262243274773937,0.0414182619424537,0.0401919602882117,0.0129228433361277,0.0211241040378809,0.00193330110050738,0.0120041756308638,0.00389755022479221,0.0148105950793251,0.0167901234235615,0.0129093955038115,0.00348432047758251,0.0017162470612675,0.00528347896761261,0.00644202198600397,0.00124610587954521,0.000626370194368064,0.0381000761990435,0.0972287487820722,0.201605380279943,10.5177398973028,0.0406544394791126,0.0607228913577273,0.0236350737395696,0.484830976289231,0.0168800933752209,1.28466041060165,0.0078289668308571,0.240492764976807,0.142941292957403,0.372472952585667,0.530553159303963,3.51181606203318,0.22633229137864,1.15527560759801,0.0507996216765605,2.05638987157727,0.0417598797939718,0.179093287035357,0.315661929082125,1.19791345857084,0.0030452988576144,0.334971637174021,0.0135102536296472,0.653452931321226,0.00526315782917663,0.0951541874092072,0.00589390966342762,0.226474166032858,0.00067091581877321,0.0512667674338445,0.0107921434391756,0.0736050640116446,0.268283146433532,0.152826516423374
7.36051359365229,0.0379330370342359,0,0.694119686231716,3.39186810166575,0.154966509318911,22.8239950513525,0.494513986632228,0.657363449048717,0.0780487777665257,1.47631356166676,0.052277012320701,3.67450030025793,0.259855382377282,0.817673964775167,0.0551654968876392,0.384187416173518,0.0113636363530532,10.7880202869419,0.643915600783657,0.0582524291239679,0.0158347677788697,8.14002874522703,1.98455773561727,0.334969323710538,0.153242841246538,0.0870616715401411,0.0717571299173869,2.20116329405573,0.13088746368885,6.30744454363594,0.565181721933186,8.02651875471929,0.31603229988832,0.0737812919542193,0.00676589959766716,0.297734640422277,0.00589622650295496,0.335676628863439,0.0146026404108852,0.16375087830238,0.005559416487813,0.0036655212752521,0.00394185772165656,0.00366588105680421,0.00267522729700431,0.0280570500763133,0.00861678016372025,0.00490329600870609,0.000537201180122793,0.0314685321645811,0,0.00349141680635512,0,0.0624399597290903,0.0222965434659272,1.25501437252387,0.0183651418774389,0.21966674819123,0,0.136832661082735,0.00379609549418092,0.155610156361945,0.00962000980507582,0.0298759850556962,0.00302953796926886,0.278571431263117,0.0261514437443111,1.26576081180247,0.0591073589166626,2.26690084347501,0.330393875949085,2.31908655440202,0.111747848277446,0.256445510138292,0.0276243104599416,0.816326541826129,0.0849110721610487,0.0315346868592314,0.00278551527298987,0.20677035569679,0.00916334675275721,0.288456279435195,0.00715859001502395,0.0877663767314516,0.00535475229844451,0.0286783052142709,0.0061418199329637,0.0292181069380604,0.000757432309910655,0.0366379308979958,0.116045849514194
0.0876663733506575,4.85537788888905,0.694119686231716,0,0.0530688815633766,2.72254643193446,0.247933884384111,18.9027611006168,0.0264507436659187,1.11878596257884,0.0157068064436316,1.12549411621876,0.0494887535169255,2.70761254185345,0.0168421048438177,0.871676281094551,0.010660981060937,0.210761232301593,1.47603555041132,11.5825509184506,0.0906550731742755,0.0783466969733126,3.53246764000505,16.6193882308435,0.0750625517684966,1.04107342613861,0.023045267444104,0.125069481146056,0.0793188422976527,1.34660260137753,3.93543628655607,3.78228222724283,0.48740244016517,2.3488869688008,0.0266824790742248,0.00546614028280601,0.0626338322181255,0.159828365314752,0.0794454795541242,0.0389943574555218,0.0131455402588472,0.0373250374104828,0.00340280728414655,0.0159235668252222,0.00144369585905224,0.0112883440451697,0.0216731685213745,0.0210659360163845,0.000499001995194703,0.00197044340893626,0.00218778481939808,0.00304347832570784,0.0010598833905533,0.00106467923615128,0.0435458786087111,0.0622148465481587,0.0655294700409286,0.675606843142305,0.0152240107127,0.0207891384488903,0.0120959330233745,0.156024845433421,0.00600000028498471,0.339043370971922,0.00308880326338112,0.0884132139617577,0.062930882035289,0.124153085052967,0.267363708349876,0.671776616480201,0.402237618691288,2.94463762926171,0.0708766345051117,1.29500919906422,0.0837954389862716,0.280853700009175,0.562483821820933,1.13418786693364,0.00376057648099959,0.0916173267178237,0.00637077944702469,0.221765918307938,0.0035140560939908,0.0952381002134643,0.00179856119211763,0.0982100469991565,0.0011283498024568,0.0714467978104949,0.0111602851247881,0.0284798862412572,0.263377121184021,0.368168760091066
0.0194057002663612,0.00189453747589141,3.39186810166575,0.0530688815633766,0,0.537334249238484,0.364057429949753,0.0156564524513669,8.49853807501495,0.0902356865117326,0.0175320303533226,0.0046756281517446,0.104974542977288,0.00787057302659377,4.44582064356655,0.0955734372837469,0.0212014128919691,0.00353773590177298,0.0175901490729302,0.00488997541833669,0.260181006742641,0.0419889483600855,1.24387723737163,0.223394893226214,3.7428571942728,1.13916347164195,3.48012244002894,0.766058677341789,0.67262464115629,0.0530973470304161,2.24753044638783,0.366485832259059,0.108938548830338,0.00171306205447763,0.00193050189409405,0,0.0671908525982872,0.00862068962305784,0.028288543689996,0.00384369003586471,0.673659688560292,0.0182232353836298,0.000845665985252708,0.00194269057828933,0.00109950522892177,0.00115074799396098,0.00263504614122212,0.00165975105483085,0.00119688804261386,0,0.00635323987808079,0,0.00417536543682218,0,0.015711645304691,0.00160965789109468,0.0139508934807964,0.00225098477676511,0.00353825744241476,0.00168279348872602,0.0105777053395286,0,0.00721587496809661,0,0.0116279072826728,0.00203977571800351,0.00542168685933575,0.00128040974959731,0.00952380988746881,0.00303951371461153,4.1707834310364,0.07275321171619,0.255649717990309,0.0496644314844161,0.0770077004563063,0.00892857182770967,0.0497382204048336,0.0242261099629104,0.0163934419397265,0,0.0750421595294029,0.00331125833326951,0.417729188688099,0.0134803926339373,0.024452134151943,0.00150905427290127,0.122516556177288,0.00884955783840269,0.0251748261507601,0.000609570241067559,0.0102040814235806,0.0202020201832056
0.0131854956271127,0.0854647515225224,0.154966509318911,2.72254643193446,0.537334249238484,0,0.0468212063424289,0.992017768876394,0.163468376267701,15.6299212016165,0.00919842289295048,0.107428570277989,0.0223765433765948,0.307824601302855,0.116337884683162,14.3621112615801,0.0137551582884043,0.118731989758089,0.0613921300391667,0.142799836350605,4.02600215841085,8.94915255904198,0.30156570172403,0.884565479296725,1.9753656036919,17.4017721733544,2.02969567896798,14.7553846291266,0.12933025485836,3.20694648334756,3.48522716236766,5.43816276511643,0.0283493369352072,0.0732940169982612,0.00372093031182885,0.0160804018378258,0.0222531296312809,1.27882598724682,0.0412938755471259,2.75249993847683,0,2.5910576870665,0.0183028280735016,0.105815064045601,0.00861140992492437,0.0619020813610405,0.0241796199698001,0.0971825263695791,0.00116959062870592,0.00340522150509059,0.00564794481033459,0.00521285855211318,0.00135501357726753,0.00685400969814509,0.0108942354563624,1.0784469456994,0.0104885454638861,0.061230167048052,0.0034782609436661,0.00662251655012369,0.00640768930315971,0.0254777076188475,0.00117508810944855,0.0546199351083487,0,0.0400000018998981,0.0101220601354726,0.0625987990060821,0.0221058764727786,0.0738007365725935,2.25412093580235,5.89729334053118,0.0893470773007721,3.84172645770013,0.0928269997239113,0.806417128071189,0.265475424006581,2.053770493716,0.00895856693387032,0.0461031838785857,0.0207382821827196,0.12553121522069,0.0415183877339587,1.79054451175034,0.00685871054884046,0.153424663236365,0.0160384923219681,5.99012935126666,0.00413935852702707,0.127108436368871,2.94289197656326,0.459687135880813
8.61780772567727,0.0124774259747937,22.8239950513525,0.247933884384111,0.364057429949753,0.0468212063424289,0,0.168762684334069,0.975768891745247,0.0217736447229981,3.74086669660755,0.0138079831376672,13.2981556590821,0.0591057396959513,1.62114361167187,0.0203583054826595,0.479373126290739,0.00562770577380434,0.952289360429859,0.117887689819327,0.0346638673217967,0.00417863670736551,1.87291773359175,0.722200860414887,0.0564053533016704,0.0316112287400756,0.0118147450848483,0.00860215077409521,3.43485144086299,0.0419524000026286,1.62626480829204,0.188522803131491,0.999605698016239,0.0612283726222813,0.0126262631965801,0.00103092787321657,0.185056671034545,0.00324374422780238,0.263254957128083,0.00624303217045963,0.0666314122499898,0.00105207785964012,0.00415957634686492,0.000401364639401436,0.00210837024496868,0.0012870013306383,0.0284560659783892,0.00487439052085392,0.00261153420433402,0,0.022397892200388,0,0.00733776669949293,0,0.0436320739681832,0.0214457392576151,1.0755992407212,0.00895338098052889,0.0790742509707343,0,0.364176876610145,0,0.425986475165701,0.00472255004569888,0.0706618949188851,0.000818833184894174,0.0627802705857903,0.0105820102617145,0.219374464068096,0.0306603778153658,1.65630036310176,0.134997684392147,2.51520740269916,0.0303579526080284,0.313070719130337,0.00942408386617899,0.838274950277992,0.0390022681094706,0.0365272635826841,0.00158061110414565,0.389728096313775,0.00336473749484867,0.479982499819016,0.00307287101168185,0.291224697983125,0.00202898541465402,0.0377541148918681,0.00266311591258273,0.0656984801753424,0.00032232070225291,0.0129449833184481,0.0850376730086282
0.0611764719360508,3.39974383672234,0.494513986632228,18.9027611006168,0.0156564524513669,0.992017768876394,0.168762684334069,0,0.00764904398238286,1.44322666362859,0.00745614050538279,3.54720139841083,0.0344582589459606,9.91237861002446,0.00558325025485829,0.981243857822847,0.00756901176646352,0.361617435468361,1.36161469755461,4.2878323023906,0.045947992533911,0.0532395779155195,2.34404281864408,4.45598968549166,0.0212128205457702,0.142076501855627,0.0100342072546482,0.0507146152085625,0.0634249462746084,2.44179215747863,3.59274688453297,3.1423142652784,0.47196172378608,2.35846265521832,0.0233406275510788,0.00545499660074711,0.0379803399846423,0.179010967258364,0.0498775327578187,0.0267356627737172,0.0147395175299607,0.0237673833617009,0.00330760743236169,0.0179127720184624,0.00204248368390836,0.00913811021018773,0.0130743373301812,0.022234372823732,0.000421229982748628,0.00125000003026798,0.00160642564878799,0.00187265919521451,0.000443066004663706,0.00311318651074544,0.0282388863852248,0.0683207489782944,0.0573487481160555,0.754637344856746,0.011240164458286,0.0165016505343374,0.00794941285857931,0.161594963283278,0.00548523210454732,0.448901635536458,0.00129729727632366,0.0730448612011969,0.0497108030249365,0.117077889066422,0.156401088112034,0.422035044844961,0.316421888797777,2.87296278972644,0.0574226585158613,1.32778626820073,0.0461615656968206,0.230556263006292,0.406948961666785,0.740740755863953,0.0020351056009531,0.133704740088433,0.0047715175896883,0.359521072125062,0.00381033014855348,0.0883414749987423,0.00107933080289513,0.145186439156532,0.000933488889131695,0.0583816268481314,0.00909550252254121,0.0386914123082533,0.138824136694893,0.261566292028874
0.0788508592522703,0.000636739889159799,0.657363449048717,0.0264507436659187,8.49853807501495,0.163468376267701,0.975768891745247,0.00764904398238286,0,0.0424948601284996,0.113932735519484,0,2.3110407195054,0.00265369308181107,23.8828445766121,0.0407747179269791,0.148308131378144,0,0.00711743766441941,0.00164744642097503,0.139860142953694,0.0204778150655329,0.303515488514677,0.0800711737247184,2.00162071618252,0.24980605347082,0.344773791031912,0.23481780954171,2.57999997236766,0.0258964151144028,1.01946902275085,0.1383955872152,0.0292177188675851,0.00173235172405839,0.00198019808158278,0.00215053767897189,0.0553532431367785,0.00878477306105196,0.0475504308706149,0.00260586314834654,0.0264423086773604,0,0.00256519886897877,0.0029513033805415,0.0011154490057379,0,0.0168813863419928,0.0016778523568064,0.00729483249597251,0.00117855041753501,0.0166559901554137,0,0.0141743442509323,0,0.0187090737745166,0.00406669365474954,0.052838672301732,0,0.0125279644271359,0.000850701821036637,0.0353618423687294,0,0.0537568740546703,0,0.0407358728116378,0,0.00728597422130406,0.00129115558229387,0.00362756964750588,0.00310077518224716,3.95686566084623,0.0508720928337425,0.858992797555402,0.0300546439830214,0.210645521292463,0.00459770113229752,0.181091870181262,0.0150684935506433,0.0966183561831713,0,0.256606994371396,0,0.862430569832213,0.00249065994285047,0.0914365262142383,0.00101265823468566,0.13874788209796,0.00771208223886788,0.0395201137289405,0.00061443931190297,0.00791556760668755,0.010443864390254
0.00590144598390907,0.0466543885413557,0.0780487777665257,1.11878596257884,0.0902356865117326,15.6299212016165,0.0217736447229981,1.44322666362859,0.0424948601284996,0,0.00127064797561616,0.069922310882248,0.00453857774846256,0.293523972097319,0.0226712672738358,11.7441079700366,0.00398406386375427,0.0470061565283686,0.0363636373658665,0.081728883087635,0.408205113140866,0.835341334342957,0.145819394267164,0.358562377747148,0.227979266317561,3.07681362424046,0.180128668667749,1.1272189496085,0.0333784387330525,1.15952943731099,0.875275937374681,2.47199997352436,0.0080393033567816,0.0478153345175087,0.00532386882696301,0.00573065900243819,0.00671140966005623,0.325016870396212,0.0079734215978533,0.222760300152004,0.00210748147219419,0.402476799208671,0.0040716610965319,0.0353488379623741,0.00209424085915089,0.0262438477948308,0.0143581084557809,0.0319872051477432,0,0,0.000617474550381303,0.000849617645144463,0,0.00397088017780334,0.00620842591160908,0.12034161714837,0.00272108853096142,0.0296296295709908,0.00340136047452688,0.00243111827876419,0.00078462139936164,0.0067453624214977,0,0.0168963984469883,0.00122025620657951,0.0185185186564922,0.00527704507112503,0.0255054422304966,0.00451722182333469,0.0199004979804158,0.416445616167039,2.07635629340075,0.0172528203111142,1.14484499034006,0.0220000010449439,0.316109438426793,0.11612106487155,0.620164882857352,0.00211640214547515,0.0124610597267747,0.00487210729625076,0.0533590482082218,0.00805523595772684,0.576900758896954,0.00135562580544502,0.0663879970670678,0.00307929166592658,0.924088491592556,0.00271094543859363,0.0296559912385419,0.317714282311499,0.199320493265986
6.03483935585245,0.00737100723199546,1.47631356166676,0.0157068064436316,0.0175320303533226,0.00919842289295048,3.74086669660755,0.00745614050538279,0.113932735519484,0.00127064797561616,0,0.00666666682809591,14.1226343810558,0.00841750821564347,1.56783421232831,0.0048146364861168,6.53058489959221,0.00112044822890311,0.226830297382548,0.0346047985367477,0.0246659824624658,0.00201207236386836,0.036813922051806,0.0177740158396773,0.0118606379255652,0.00284900283440948,0,0.00148148147854954,2.09571102965856,0.00565237866248935,0.110497232526541,0.0125858117826283,0.0894054537639022,0.0173267332138494,0.00711111119017005,0.0076555022969842,0.141129032126628,0.00135043892078102,0.258150357985869,0.0096969697624445,0.158394937170669,0,0.00651996722444892,0.00186219741590321,0.00628930795937777,0.0010946907568723,0.021978021832183,0.00560224085347727,0.00795454520266503,0.00110375275835395,0.0247142417356372,0,0.0117955442983657,0,0.0310696856467985,0.0147630150895566,2.33868780778721,0.00329398841131479,0.0646808499004692,0,0.474283466581255,0.00225098477676511,1.41894971288275,0.00178015127312392,0.11728772521019,0,0.024640656192787,0.00497976969927549,0.0621820264495909,0.027046263567172,0.579017281532288,0.0576794077642262,1.49368764599785,0.0126662442926317,0.268537077587098,0.00406091380864382,0.435374166816473,0.0266666655661538,0.309650069568306,0,1.47826088720467,0.00257317465730011,2.34331797016785,0,0.309222430922091,0.000984009820967913,0.0555127202533185,0.00359066412784159,0.0630722303758375,0,0.0183276068419218,0.0658342824317515
0.0437067793100141,6.38633739436045,0.052277012320701,1.12549411621876,0.0046756281517446,0.107428570277989,0.0138079831376672,3.54720139841083,0,0.069922310882248,0.00666666682809591,0,0.00487804866861552,9.98617510590702,0.00266075396211818,1.11757049849257,0.011547344038263,10.3248887127265,0.612118868390098,1.67376395309111,0.0632805989589542,0.0572831433964893,0.0671641775406897,0.189888072665781,0.00634115422144532,0.0367647071834654,0.00246153841726482,0.0342205320484936,0.0564879227313213,12.9851125963032,0.407262022490613,0.558704467490315,0.14523326640483,1.35369534807978,0.0236511453986168,0.00471327581908554,0.064102565520443,0.248098307289183,0.0831889053806663,0.0362087320536375,0.023829786805436,0.0317991641350091,0.0022371364175342,0.0227272721822374,0,0.0145985398557968,0.0231303001055494,0.0271360475453548,0,0.00392156885936856,0.000577200553379953,0.00310077518224716,0,0.00230282102711499,0.0193470376543701,0.0521056381985545,0.0461420154897496,1.75665207207203,0.0100853375624865,0.0148478103801608,0.00504504516720772,0.125685781007633,0,0.686868707998656,0.00214477209374309,0.0825285357423127,0.0472917250590399,0.137750649650116,0.161241865600459,0.570728704798967,0.14302190952003,2.58755101449788,0.0323139051906765,6.76701747416519,0.0407830346375704,0.392415503971279,0.323035222943872,1.27343317354098,0.00341588375158608,0.800672840792686,0.00446262548211962,0.767755449924152,0,0.200102623784915,0.00472914890269749,0.107617050292902,0,0.0589784104377031,0.0138495434075594,0.0355753190815449,0.365122626302764,0.254283141810447
3.87435482261935,0.00832177506526932,3.67450030025793,0.0494887535169255,0.104974542977288,0.0223765433765948,13.2981556590821,0.0344582589459606,2.3110407195054,0.00453857774846256,14.1226343810558,0.00487804866861552,0,0.00986651197308674,11.8282206396107,0.00953288865275681,1.75135979009792,0.000700525415595621,0.213224595529027,0.0321062828879803,0.0352422902360559,0.00678294571116567,0.29817645001458,0.160792317939922,0.0686233958695084,0.0169765561586246,0.00729631155263633,0.0132231405004859,5.58356191066559,0.0119010336929932,0.534722235170193,0.0489709018729627,0.185061998083256,0.0291929013328627,0.0063781319768168,0.00378250586800277,0.19546521070879,0.00235201878240332,0.262728338129818,0.00808823545230553,0.113039173185825,0.00196367199532688,0.0181611813604832,0.0012430080678314,0.00402955000754446,0.00138073868583888,0.0442374860867858,0.0028019052115269,0.0162544165505096,0,0.061759926029481,0,0.0231124815763906,0,0.0577791128307581,0.0120746433967724,1.3063462037826,0.00806280484539457,0.0801169580663554,0,0.480508711014409,0.00140498776454479,1.33664066286292,0.00301477237371728,0.172885106527247,0.000641025661025196,0.03929448639974,0.0112070976756513,0.0612891865312122,0.0137373741599731,1.94953419780359,0.0804373293649405,2.73941753408872,0.0218950553098693,0.420696336950641,0.000973235990386456,0.748046149383299,0.0241965968161821,0.195727778715082,0,1.19739446789026,0.000478583388030529,2.26086963154376,0.005016123293899,0.53039681725204,0.0015579357277602,0.143641742761247,0.00218898220919073,0.119930326764006,0.000450450461357832,0.0257334031630307,0.070732960710302
0.0510617977706715,1.89605917024892,0.259855382377282,2.70761254185345,0.00787057302659377,0.307824601302855,0.0591057396959513,9.91237861002446,0.00265369308181107,0.293523972097319,0.00841750821564347,9.98617510590702,0.00986651197308674,0,0.00423878501169384,0.963554351590574,0.0112651646486484,2.10660481033847,1.31228295830078,2.71706015942618,0.0416432183701545,0.0367074511013925,0.762130764778703,1.56615098007023,0.0130051089217886,0.0606884069275111,0.0090867787366733,0.0594243258237839,0.0496853244840167,12.4817224237486,2.36495794064831,2.14420057553798,0.36238080234034,1.44795541983331,0.0311041984241456,0.00540832872502506,0.0532286218367517,0.171553614782169,0.0641525788232684,0.0244498770916834,0.0159908630885184,0.0350084691308439,0.00306936766719446,0.0155826561385766,0.00294985249638557,0.0152033451013267,0.0176656148396432,0.0145322433672845,0,0.000764526019338518,0.000989853986538947,0.00253485422581434,0,0.000864677887875587,0.0294406281318516,0.0491415049182251,0.0352914908435196,0.991679797443794,0.00887761591002345,0.0152905195136555,0.00656520470511168,0.105385508388281,0.00156494521070272,0.639134732773528,0.00163867266383022,0.0476524156983942,0.0450985050702002,0.0876275841146708,0.127477655187249,0.402897235180717,0.176623381208628,2.95511991274543,0.039844089653343,3.46034409420099,0.0554938975255936,0.259362769313157,0.415530761354603,0.812105908873491,0.00343445898033679,0.35580736794509,0.00735068880021572,0.410937918350101,0.00236220471560955,0.0776237613754347,0.00153022189624608,0.12035325873876,0.00095192767912522,0.0565656583057716,0.00959232647437602,0.0282702438416891,0.234943346818909,0.287240354344249
0.525247289275285,0.00269469135673717,0.817673964775167,0.0168421048438177,4.44582064356655,0.116337884683162,1.62114361167187,0.00558325025485829,23.8828445766121,0.0226712672738358,1.56783421232831,0.00266075396211818,11.8282206396107,0.00423878501169384,0,0.0363349135732278,1.31189386476763,0.000892857147846371,0.034776437561959,0.0106737827882171,0.308123256545514,0.0248447195626795,0.284635495045222,0.0695528751239181,2.70399110752624,0.147391065140255,0.278617703123018,0.144044320331886,8.16928847320378,0.0139643135480583,1.27417215064634,0.125283707748167,0.0572065368178301,0.0104202851071022,0.0113924051402137,0.00399999995715916,0.514668063260615,0.00723140465561301,0.244126669946127,0.00475059379823506,1.61626252694987,0.00562587892636657,0.0357511166948825,0.00307337683625519,0.0118493438931182,0.000876424193847924,0.0914569283486344,0.000677048054058105,0.0306997738080099,0,0.0958829900482669,0,0.0514891489874572,0,0.166174295009114,0.00858369068009779,0.345930231269449,0.00341630063485354,0.0841354717267677,0,0.211858766153455,0.000896057346835732,0.252831903810147,0.00148038484621793,0.240917780203745,0.000798403169028461,0.0232919258996844,0.00763358746189624,0.0116906477487646,0.00322580651845783,7.69811355974525,0.0647482039639726,2.5102039729245,0.0373647997621447,0.43496215576306,0.00416666676755995,0.449806941323914,0.0266009860206395,0.281831194530241,0,1.6851851818501,0.00112233450636268,13.0132356164977,0.00919117650482804,0.580446804407984,0.00265486724674702,1.97260265797377,0.0056444025831297,0.360752049600706,0.0010457516182214,0.0180722884833813,0.0344311390072107
0.0128468658658676,0.180271213233937,0.0551654968876392,0.871676281094551,0.0955734372837469,14.3621112615801,0.0203583054826595,0.981243857822847,0.0407747179269791,11.7441079700366,0.0048146364861168,1.11757049849257,0.00953288865275681,0.963554351590574,0.0363349135732278,0,0.0139372821431607,1.0235808158759,0.0934449095511809,0.274278214201331,1.21921510749962,2.40426957304589,0.164328664191999,0.4023709911271,0.444444427266717,2.80146684870124,0.353312283754349,3.30026954005007,0.072058824938722,15.7663624031702,1.24060478527099,2.04260990495095,0.0357403359375894,0.133834074484184,0.0233128833351657,0.0219354847213253,0.0120421475730836,1.25276938453317,0.0358565747737885,0.694199529942125,0.00826446292921901,1.24592393625062,0.0263602575869299,0.146249526762404,0.0132614998146892,0.0806174979079515,0.050853359978646,0.197736343543511,0.00176600436680019,0.00949503667652607,0.00160342070739716,0.0112005602568388,0.000984736601822078,0.0139026811812073,0.0145032629370689,0.413770690443926,0.0100526567548513,0.132594020396937,0.00700525415595621,0.0141366549069062,0.00458715611603111,0.0394390887231566,0.00531679205596447,0.119186046067625,0.00560224091168493,0.0704501004656777,0.0357690337114036,0.166756314574741,0.0378188205068,0.137172776274383,1.04425654280931,3.19138280639891,0.0497512461151928,5.89539331349079,0.0425815023481846,0.783892648294568,0.243166821543127,2.61442307935795,0.00828729313798249,0.200545703759417,0.0101146328961477,0.417819610156585,0.0160642568953335,5.5202157497406,0.00811523641459644,0.480087539326632,0.00554938975255936,3.30238971818471,0.00521134928567335,0.128516125318129,1.00870826921891,0.203463203273714
3.54504369146889,0.033249685948249,0.384187416173518,0.010660981060937,0.0212014128919691,0.0137551582884043,0.479373126290739,0.00756901176646352,0.148308131378144,0.00398406386375427,6.53058489959221,0.011547344038263,1.75135979009792,0.0112651646486484,1.31189386476763,0.0139372821431607,0,0.0267909145914018,0.0923747303895652,0.0557575774728321,0.0331491697579622,0.0129589629359543,0.0164383566007018,0.00697167776525021,0.0359094451414421,0.00898203626275063,0.00150489085353911,0.00936037441715598,3.85840701451525,0.0603406314039603,0.0505166463553905,0.0154761910671368,0.455509452964179,0.162139222375117,0.688741721212864,0.835209812968969,0.533802798134275,0.151450809207745,0.298257832881063,0.078381797997281,0.282138785347342,0.033370410092175,0.187761945649981,0.36153846187517,0.259782596840523,0.362706096027978,0.159268924850039,0.198272321955301,0.239952718955465,0.0126146783586591,0.647522906656377,0.0201401046942919,0.101508916122839,0.0166551000438631,0.140961100929417,0.124501197366044,6.57864071964286,0.0995804234407842,1.28834356495645,0.0266889072954655,2.18071802321356,0.0280866008251905,4.60688856162596,0.0284534186939709,2.2995538385585,0.0403632689267397,0.794971588999033,0.906200315512251,0.144620806910098,0.23934181779623,0.75382476625964,0.102600139682181,2.3340292791836,0.0542686957633123,0.496774203842506,0.0218102498911321,1.63718527834862,0.574651630362496,4.0365713853389,0.0291153425350785,12.729627704015,0.0328839203575626,6.14628311386332,0.01209921319969,1.21763084584381,0.0335251443320885,0.198535392526537,0.00499064242467284,0.23255814681761,0.0115081763942726,0.059627328068018,0.0467404664959759
0.0233333338983357,5.23782053845935,0.0113636363530532,0.210761232301593,0.00353773590177298,0.118731989758089,0.00562770577380434,0.361617435468361,0,0.0470061565283686,0.00112044822890311,10.3248887127265,0.000700525415595621,2.10660481033847,0.000892857147846371,1.0235808158759,0.0267909145914018,0,0.0908385110087693,0.394049345457461,0.0421585165895522,0.0613090317929164,0.0199937522411346,0.0566770196892321,0.016645326744765,0.0173160179983824,0.00248447200283408,0.0243122201645747,0.0345963748404756,18.7816779422574,0.108749376377091,0.130545645952225,0.107755101984367,0.365566930151545,0.0612855006475002,0.0492845794651657,0.0317460307851434,0.4203069540672,0.0186480190604925,0.03542673017364,0.0103448275476694,0.0644067788962275,0.0112485935096629,0.0304955535102636,0.00754361134022474,0.049019610742107,0.00775494379922748,0.0235988199710846,0.00101368478499353,0.0118518518283963,0.00347826071083546,0.0155945424921811,0.00460034515708685,0.00348432047758251,0.0178426596103236,0.0911374241695739,0.036026764428243,5.6991704243701,0.0195083892322145,0.0515117598697543,0.015217391832266,0.211055274121463,0.00508905854076147,8.01707298686961,0.00324324332177639,0.22359699109802,0.13970181735931,0.499708104878664,0.0978809271473438,0.928306540707126,0.103548579267226,3.31690145633183,0.0244470317848027,7.38727711595129,0.0115606939652935,0.217028374318033,0.226229516440071,2.18903804151341,0.00173010386060923,16.5843266254524,0.0104712045285851,6.62793497275561,0.0020523346029222,0.56980350939557,0.00258788012433797,0.324918190162862,0,0.119957543327473,0.00189753313316032,0.0921015883795917,0.281767960754223,0.0932358345016837
3.66251794435084,0.45811712188879,10.7880202869419,1.47603555041132,0.0175901490729302,0.0613921300391667,0.952289360429859,1.36161469755461,0.00711743766441941,0.0363636373658665,0.226830297382548,0.612118868390098,0.213224595529027,1.31228295830078,0.034776437561959,0.0934449095511809,0.0923747303895652,0.0908385110087693,0,10.9922011988238,0.034013605909422,0.0235294128069654,5.65440577757545,1.23906153487042,0.00841121521079913,0.0118451022426598,0.00457038404420018,0.0186828582081944,0.269461069547106,0.48936168930959,7.81391764094587,1.62820008862764,17.092470822623,11.4612748208456,0.433194164070301,0.0806100198533386,0.146555504237767,0.0378521119710058,0.11857018340379,0.0172060629702173,0.0678941316436976,0.0113765639252961,0.00246533122844994,0.00612453196663409,0.00518710631877184,0.00687547767302021,0.0240734885446727,0.0066869297879748,0.00470403756480664,0,0.0129096325254068,0,0.000863185152411461,0.000869565235916525,0.0321944801253267,0.0309063899330795,0.778673834400252,0.133964814915089,0.154091053176671,0.00307031004922464,0.038945477863308,0.0186915881931782,0.0346047985367477,0.061882816022262,0.00658978568390012,0.00985568470787257,0.572380946250632,0.287212779221591,9.31406263879035,1.28779598476831,2.49717025458813,1.39964943757514,0.363240421924274,0.667510553030297,0.0782560079824179,0.156531535321847,0.616279055131599,0.89349111833144,0.0046136099845171,0.0353881263872609,0.0270602700766176,0.0394871780299582,0.0324495443492197,0.028662420809269,0.0130393100553192,0.011943986552069,0.006704980682116,0.0251827783067711,0.010160428006202,0.00384522951208055,0.248798086191528,0.257177024031989
0.467186777910683,4.48828952311305,0.643915600783657,11.5825509184506,0.00488997541833669,0.142799836350605,0.117887689819327,4.2878323023906,0.00164744642097503,0.081728883087635,0.0346047985367477,1.67376395309111,0.0321062828879803,2.71706015942618,0.0106737827882171,0.274278214201331,0.0557575774728321,0.394049345457461,10.9922011988238,0,0.0884773635771126,0.086513995192945,0.720889092830475,1.71625669230707,0.00775862066075206,0.0286315784323961,0.00506756769027561,0.0336062040296383,0.231010674498975,1.37362641544314,1.94246676831972,1.0864288622397,3.46571084100287,7.42032417585142,0.138358779076952,0.0277777793817222,0.146400971570984,0.137030996382236,0.194017784669995,0.0473101856186986,0.0458811265416443,0.0412796717137098,0.00291970791295171,0.0166720109991729,0.00486279971664771,0.00857755565084517,0.0425531904329546,0.0138328531756997,0.00292932987213135,0.00215594685869291,0.0152091253548861,0.00361119455192238,0.00160192232578993,0.00241935480153188,0.0825062028015964,0.0614950642338954,0.468561597168446,1.62245339551009,0.0879253197927028,0.0314227512571961,0.0420693591004238,0.16885007545352,0.0381931678857654,0.314481041161343,0.00996932492125779,0.129758361494169,0.385388121707365,0.425908218574477,5.41313847061247,6.63047122146236,0.944691140321083,3.02924452599837,0.137318258639425,2.27764702448621,0.134078215342015,0.399795491714031,0.92040182556957,2.50353500590427,0.00940438848920166,0.0869565233588219,0.0332167839515023,0.173039225919638,0.0140376795898192,0.100297174940351,0.00963855412555858,0.069102463836316,0,0.0605601817369461,0.0352040801080875,0.0207325497467536,0.611713673919439,0.523758085328154
0.0487804880831391,0.0421528052538633,0.0582524291239679,0.0906550731742755,0.260181006742641,4.02600215841085,0.0346638673217967,0.045947992533911,0.139860142953694,0.408205113140866,0.0246659824624658,0.0632805989589542,0.0352422902360559,0.0416432183701545,0.308123256545514,1.21921510749962,0.0331491697579622,0.0421585165895522,0.034013605909422,0.0884773635771126,0,2.80506331007928,0.0661364572006278,0.0657596380915493,2.19999997643754,4.02236017258838,2.88721802830696,4.05858838465065,1.91089105885476,0.57874015532434,2.3963667062344,1.18711919942871,0.0146520151756704,0.0295890412526205,0,0.0224215257912874,0.398200241150334,0.238095241365954,0.201327432878315,0.176974306348711,3.68390803225338,0.500000009313226,0.00323450134601444,0.029696578392759,0.00305576785467565,0.0179153088247404,0.0181097909808159,0.027368419803679,0.00344530586153269,0.00164880463853478,0.00682335114106536,0.00114090135321021,0.00647249165922403,0.00219780229963362,0.112454659072682,0.0698734181933105,0.0234222519211471,0.0203679364058189,0.00571102253161371,0.00428494904190302,0.00718685856554657,0.00679117161780596,0.0138768432661891,0.0194174759089947,0.0134874761570245,0.0124052376486361,0.00996441289316863,0.0252486612880602,0.0188034189632162,0.0347394538111985,3.80374874803238,3.67937238235027,0.635761588811874,1.2979591274634,0.180451126769185,0.590673560276628,0.347740680444986,0.995901583693922,0.040697674266994,0.00552486209198833,0.110633729957044,0.0215139445499517,1.74142475822009,0.212121207034215,0.055947711574845,0.0282746670418419,0.813753611408174,0.397388050449081,0.0646808499004692,0.0151569827576168,3.7518247878179,0.943262381479144
0.0106799573404714,0.0395817780517973,0.0158347677788697,0.0783466969733126,0.0419889483600855,8.94915255904198,0.00417863670736551,0.0532395779155195,0.0204778150655329,0.835341334342957,0.00201207236386836,0.0572831433964893,0.00678294571116567,0.0367074511013925,0.0248447195626795,2.40426957304589,0.0129589629359543,0.0613090317929164,0.0235294128069654,0.086513995192945,2.80506331007928,0,0.0174273860757239,0.0605042043607682,0.282749675679952,0.791767588583753,0.266178275691345,10.5880826353095,0.0952962767332792,0.695145604200661,0.855519479722716,0.917948725749739,0.00723327300511301,0.0433369446545839,0.00731261447072029,0.0342612415552139,0.0373626390937716,2.14396458677948,0.0540540553629398,5.89925359399058,0.0108401086181402,6.13881746213883,0.0010660981060937,0.0191082805395126,0.00150375941302627,0.0288230578880757,0.0223713647574186,0.069755338714458,0.00338409468531609,0.00162074551917613,0.00225648743798956,0.00338218698743731,0,0.0021482277661562,0.0143283577635884,0.602204416529275,0.00258481432683766,0.0280587273300625,0.00338600459508598,0.00529661017935723,0.0040629762224853,0.0100083402357996,0.00681430986151099,0.0227681255200878,0.00755429640412331,0.0163043481297791,0.00918403419200331,0.038709677697625,0.028547438676469,0.0459492155350745,1.99784482014365,5.39978115819395,0.0755124026909471,1.24275720817968,0.0952380988746881,0.938574920874089,0.211742059327662,1.82948847860098,0,0.0417754575610161,0.00849707890301943,0.0403002753155306,0.032815198530443,0.659667553729378,0.00728029094170779,0.0607972441939637,0.0111265648156404,2.55260748846922,0.00843525922391564,0.0465616062865593,22.5762709183618,0.752475271001458
0.0928586274676491,0.0479452051222324,8.14002874522703,3.53246764000505,1.24387723737163,0.30156570172403,1.87291773359175,2.34404281864408,0.303515488514677,0.145819394267164,0.036813922051806,0.0671641775406897,0.29817645001458,0.762130764778703,0.284635495045222,0.164328664191999,0.0164383566007018,0.0199937522411346,5.65440577757545,0.720889092830475,0.0661364572006278,0.0174273860757239,0,19.4940455270698,1.66292941034772,0.536879415623844,0.0917170252650976,0.0802603047341108,0.195538423140533,0.465668248478323,16.2690640985966,3.83249065530254,4.75718583585694,0.654166700784117,0.243211327353492,0.0300690779695287,0.0392561989137903,0.0324473591172136,0.0253511479240842,0.0104370517656207,0.0008463817066513,0.00587494752835482,0.000516795844305307,0.00561167253181338,0.00481347786262631,0.004933703225106,0.00475938658928499,0.00306513416580856,0.00188916869228706,0,0.00773694401141256,0,0.000679809658322483,0,0.00381575350183994,0.00902255612891167,0.0821379417320713,0.0284641238395125,0.0180562926689163,0.000515198335051537,0.00504668161738664,0.00501096155494452,0.0050505050458014,0.0169260170077905,0.0026203733868897,0.00403923814883456,0.14756477100309,0.0613523441134021,0.344740975589957,0.109181139268912,0.622176612960175,0.8992087727529,0.115713794075418,0.296494163805619,0.0298260154668242,0.0633069558534771,0.272337615198921,0.156469404813834,0.00169563374947757,0.00588977721054107,0.0139282949385233,0.0150276246131398,0.038071065209806,0.015938795695547,0.00479452067520469,0.0124064955743961,0.00442314776591957,0.012309686106164,0.00412371143465862,0.00208942743483931,0.0288335527293384,0.111449718475342
0.0244135949760675,0.0889547809492797,1.98455773561727,16.6193882308435,0.223394893226214,0.884565479296725,0.722200860414887,4.45598968549166,0.0800711737247184,0.358562377747148,0.0177740158396773,0.189888072665781,0.160792317939922,1.56615098007023,0.0695528751239181,0.4023709911271,0.00697167776525021,0.0566770196892321,1.23906153487042,1.71625669230707,0.0657596380915493,0.0605042043607682,19.4940455270698,0,0.689719647285528,0.748063764709514,0.0191956129856408,0.0737972899223678,0.0944777083350345,0.918325301958248,8.17916177393636,4.14493897743523,1.14861298247706,0.403110404033214,0.0981210877653211,0.0108932459261268,0.0245721803512424,0.0624999988358468,0.0331299041863531,0.0131093813106418,0.00460299197584391,0.00910125114023685,0.000616332807112485,0.0102075532777235,0.00148203037679195,0.0061115357093513,0.00886917999014258,0.0103343460359611,0,0.000768344209063798,0.000993048655800521,0.00063633470563218,0.000863185152411461,0,0.00854139268631116,0.0243684997549281,0.0161290322430432,0.0460081182536669,0.00700413878075778,0.00245624803937972,0.00419412838527933,0.00700934557244182,0.00393236347008497,0.0368663584813476,0.000823723210487515,0.0077437522704713,0.0380952376872301,0.0349650339921936,0.104687501559965,0.0655737700872123,0.291684810072184,2.08676600555191,0.0688153317314573,0.729957810835913,0.0581330345012248,0.153153156861663,0.341362118138932,0.297548603266478,0,0.0114155246410519,0.00738007365725935,0.0369230755604804,0.0142461414216086,0.0421974528580904,0.00191754559637047,0.0177100490254816,0.000957854383159429,0.0268074736814015,0.00374331558123231,0.00288392213406041,0.0468750017462298,0.265550229465589
