0,0.0214348210429307,8.94763958966359,0.0313965341483708,0.0204359670169652,0.00471539236605167,8.79971433291212,0.0260326283751056,0.0577915355097502,0.000666888954583555,6.00669575523352,0.00805701868375763,3.62903214991093,0.00376749184215441,0.394904468092136,0.00115107907913625,3.17094602272846,0.00690304365707561,2.41673503490165,0.192722707986832,0.0355590664548799,0.000798084598500282,0.0959375698585063,0.0416444217553362,0,0.00209863594500348,0.0129383730236441,0.00286225392483175,3.49649556190707,0.019214466563426,0.27319743699627,0.0404167994856834,1.37542657856829,0.293738730833866,0.114001531270333,0.0335413416614756,0.412419853790198,0.00744500843575224,0.489218318019994,0.0258397939614952,0.700121427653357,0.00159872102085501,0.0116340561071411,0.00166759308194742,0.0109057864174247,0.00303122156765312,0.0402252597268671,0.00413864478468895,0.0171411079354584,0.000616142933722585,0.0578792691230774,0.000542446447070688,0.0040788579499349,0,0.0603538011200726,0.0525532998144627,17.6597295815591,0.0217480507853907,0.469149209617171,0,1.68802234361647,0.0081123243435286,1.23965902172495,0.00499029649654403,0.338776827673428,0.00227401941083372,0.241416546778055,0.0688421993982047,5.67420236906037,0.157638892706018,1.11683846625965,0.0632222982239909,4.45992804388516,0.0157998679205775,0.604780885681976,0.0096076859626919,0.497340409783646,0.102175343490671,0.0851581481401809,0.00240288348868489,0.86870786792133,0.00586907440447249,0.649039966054261,0.0037151703145355,0.744987701007631,0.00152671756222844,0.156583631178364,0.00256081949919462,0.0846891026594676,0.000863930908963084,0.0533111207187176,0.0906842551194131
0.0214348210429307,0,0.0510471209418029,4.92234409277444,0.00489510508487001,0.0739716562675312,0.0188201237469912,7.46148446717416,0.0035323208430782,0.0485802271286957,0.00137409823946655,7.5042845341377,0.00359712244244292,2.24065944447648,0.00118413264863193,0.171815247042105,0.0159500698791817,4.69366760202684,0.368053612066433,3.45919675339246,0.0920570257585496,0.074074073927477,0.138752627943177,0.268664863600861,0.00579710165038705,0.0201221706811339,0.00279622501693666,0.0492828258429654,0.05385276384186,3.60381159000099,0.176891937153414,0.465221611142624,0.107558139134198,3.09592653939035,0.037825059145689,0.0209003211930394,0.0519570472533815,0.147968048520852,0.079529739159625,0.0437086099991575,0.0100208767689764,0.0305028858128935,0.00701565021881834,0.0193072112742811,0.00744186015799642,0.0421967119909823,0.0114973993040621,0.0353562004165724,0.00125352549366653,0.0100946370512247,0.00414078668109141,0.00553863181266934,0.000697836687322706,0.000683293503243476,0.0276008506771177,0.0732693279860541,0.0459675751626492,13.1667357978586,0.0299750216072425,0.0506126804975793,0.0191066353581846,0.601470144523773,0.00582335813669488,1.09430752694607,0.0150968169327825,0.202208013273776,0.0900109768554103,0.351068662130274,0.106565176974982,1.94793158036191,0.213832043926232,1.91416603332618,0.0523314338643104,3.07022288639564,0.0238290881388821,0.739058649924118,0.210777627420612,1.20013519772328,0.00251046032644808,0.289962817565538,0.00952885136939585,0.493339467560872,0.00257981289178133,0.107165506342426,0.00748663095873781,0.211463977815583,0.00146305782254785,0.0439632544294,0.0113352980406489,0.0131752307061106,0.595268813427538,0.249361697642598
8.94763958966359,0.0510471209418029,0,0.935936532769119,3.11329719953937,0.187856429256499,18.6921976208978,0.754069945804076,0.394655708223581,0.0378611746709794,1.55918637581635,0.061129980487749,3.0396984599065,0.135729613481089,0.512983244901989,0.0321192988194525,0.554508739151061,0.0137542985612527,12.8509126865538,0.693019774626009,0.0377506893128157,0.0174741862574592,9.72075989702716,2.21181488316506,0.0639044950366952,0.0619993018917739,0.0250932529452257,0.0128250798443332,2.45208159973845,0.128414532635361,6.13458620861638,0.612771310377866,8.7709751771763,0.561006940668449,0.27722773142159,0.0380434789694846,0.38789916341193,0.010785304941237,0.39865773380734,0.0276705279829912,0.461538471397944,0.0023866348201409,0.00579862948507071,0.0016620498499833,0.013281014515087,0.00302023545373231,0.0213846564292908,0.0139247038168833,0.00426959450123832,0.00122774706687778,0.0184892900579143,0,0.00270819221623242,0,0.0482365170610137,0.0533860574942082,2.48619221325498,0.0384772807010449,0.3224058370688,0.000520562229212373,0.237818730587605,0.0062169722514227,0.154136520577595,0.00773694377858192,0.0714513547718525,0.00339943345170468,0.263191907812143,0.0601872497645672,2.98611527628964,0.145919782284182,2.56673520198092,0.459038580651395,3.78429455496371,0.0708196721971035,0.50991276348941,0.0334661359665915,0.67218544165371,0.169402498053387,0.0177562545286492,0.00159426068421453,0.178479056339711,0.00900495273526758,0.220131693931762,0.00308451562887058,0.117936115711927,0.00533130252733827,0.0616583974915557,0.00191326526692137,0.0337852853117511,0.00129254630883224,0.057190217950847,0.148482362972572
0.0313965341483708,4.92234409277444,0.935936532769119,0,0.0751644233241677,3.25232490897179,0.508277877088403,18.581159664318,0.127054366108496,0.690417677396908,0.0265104802674614,1.90241097752005,0.159053255338222,2.83765426761238,0.0630557777476497,0.382100730028469,0.00932545837713405,0.230545871600043,1.92181908269413,11.5148512351443,0.177187949360814,0.10712993517518,2.68140440946445,17.0142393814167,0.1183317155228,0.650192573782988,0.011271133669652,0.15399738389533,0.111924683325924,1.00210744002834,2.88374724681489,5.52745309600141,0.292605347000062,1.74238761683227,0.0355276898480952,0.00992555811535567,0.0732919240836054,0.0828144430997781,0.128992242738605,0.0393677285173908,0.0307917888276279,0.0210221098386683,0.00544689252274111,0.0155642023310065,0.00168634060537443,0.0123734538210556,0.0185649775085039,0.0402619446394965,0.000567536917515099,0.00342563528101891,0.00170940172392875,0.00152129813795909,0,0.000613496929872781,0.0336503292492125,0.0605919366353191,0.0318862846761476,0.746053413196933,0.0137195116840303,0.0146806956036016,0.00665715662762523,0.203350657597184,0.00408878491725773,0.217391308397055,0.00355029583442956,0.0762913869693875,0.0400982003775425,0.0870851846411824,0.158347675111145,0.821166754234582,0.412377657252364,3.51547367317835,0.102595048956573,1.29650990199298,0.0448138762731105,0.530671490938403,0.434303196612746,1.06532968045212,0.00293793599121273,0.0530137982568704,0.00583799555897713,0.193300619343063,0.0145602796692401,0.0625179209164344,0.00437489501200616,0.0967800603830256,0.00195630913367495,0.0349009155761451,0.0189713324652985,0.00654798466712236,0.550790052395314,0.664927304256707
0.0204359670169652,0.00489510508487001,3.11329719953937,0.0751644233241677,0,0.217979313572869,0.190231370506808,0.0217283950187266,7.96820107614622,0.0326340333558619,0.0313725485466421,0,0.255319140851498,0.00299401197116822,3.78989658225328,0.0351673281984404,0.0592948725679889,0.00135593221057206,0.0524421615991741,0.00527936650905758,0.13675214163959,0.0377833738457412,1.67712661682162,0.247787619475275,1.48932383127976,0.2493461209815,0.542040816042572,0.193905819905922,1.1730458214879,0.018609742866829,3.3853966856841,0.118213056121022,0.261640795972198,0.00461041956441477,0.0177383590489626,0.00704225362278521,0.0623501198133454,0.00804505252745003,0.00955414026975632,0.00433526001870632,0.295125167816877,0,0.00386473420076072,0.00212089088745415,0.00251730647869408,0,0.00991571694612503,0.00371402036398649,0,0,0.00368867564247921,0,0.00487804866861552,0,0.0168855534866452,0.00516795879229903,0.0296570900827646,0.00189753313316032,0.00711743743158877,0,0.0125167635269463,0.00133958470541984,0.0192439858801663,0.00105540896765888,0.0113394754007459,0.00110741972457618,0.0150736555224285,0.00651701667811722,0.0145023068180308,0.00513698626309633,2.52587638725527,0.0634146326920018,0.996282532578334,0.0120663652196527,0.0476190473418683,0.0127226463519037,0.0524691361933947,0.0105900147464126,0.0159151190891862,0.00254777073860168,0.066293184121605,0.00147167034447193,0.415017059072852,0.00395256921183318,0.0387518851784989,0.0022675737272948,0.182149361353368,0.00424929172731936,0.0223423428833485,0.000685400969814509,0.00290275760926306,0.022408964112401
0.00471539236605167,0.0739716562675312,0.187856429256499,3.25232490897179,0.217979313572869,0,0.126943659503013,2.09355871530715,0.499999982654117,16.2681813030504,0.00305810407735407,0.074935402488336,0.0611620815470815,0.184585167560726,0.149859162047505,9.36748356884345,0.0171740824589506,0.100795754231513,0.0242669368162751,0.0875975731178187,2.44131458923221,5.97581639932469,0.542195676709525,2.30865993152838,1.83923945017159,22.4254234625259,0.615262330742553,19.4946236377582,0.130296610412188,2.71397855086252,4.34701482416131,5.2836021456169,0.0130647788755596,0.0336058138636872,0.019251337274909,0.0564971764106303,0.0186915881931782,1.50783695443533,0.0217222655192018,4.10726896254346,0.0101010100916028,2.74605114245787,0.030432716012001,0.104220944922417,0.0320591854397207,0.100000004516914,0.023414634168148,0.340192043222487,0.00125944579485804,0.0178685381542891,0.00145772600080818,0.00796812772750854,0,0.00604229606688023,0.00739030027762055,1.10488319315482,0.00611620780546218,0.0794992196606472,0.00300000014249235,0.00185960019007325,0.00528634374495596,0.0550458733923733,0,0.0549792560050264,0.00277008302509785,0.0511147385695949,0.0331978326430544,0.141681569279172,0.0180645168293267,0.0749375513987616,1.40861088980455,4.46555817034096,0.133526850026101,2.03532008640468,0.0264741282444447,1.10378514323384,0.127915722550824,1.32693724357523,0.00508259190246463,0.0513447455596179,0.0101149426191114,0.138131593703292,0.0333778385538608,2.4861378967762,0.00449213851243258,0.159505764488131,0.0176834664307535,5.46297585836146,0.00427350425161421,0.188410707982257,2.94182817265391,0.621151266619563
8.79971433291212,0.0188201237469912,18.6921976208978,0.508277877088403,0.190231370506808,0.126943659503013,0,0.349017265136354,1.20642318791943,0.0293448001611978,3.14793201390421,0.0138722792617045,9.87037801294355,0.0526766581751872,1.11116152786417,0.0189659069292247,0.440981087042019,0.00579570152331144,0.801127728947904,0.100830129173119,0.0286944035906345,0.00520231202244759,2.21125959791243,1.09914891640074,0.0364116093842313,0.0430107546271756,0.0236443085595965,0.0117364631732926,3.23866396737867,0.0387269092316274,1.56236735131824,0.283426349284127,0.782997776695993,0.0839710458531044,0.0386771319899708,0.00511654367437586,0.153689054597635,0.00204655923880637,0.266190731199458,0.0113580246688798,0.213722619228065,0,0.00886824345798232,0.00131810194579884,0.00611045816913247,0.000940512574743479,0.0170830660499632,0.00414937763707712,0.0104240699438378,0.000476190471090376,0.0312441870337352,0,0.00256673520198092,0,0.0254272606980521,0.0296712107956409,1.72996787878219,0.0116678102640435,0.174401037977077,0,0.696716300910339,0.00192353932652622,0.335355492046801,0.00526200409512967,0.193279364262708,0.00178890873212367,0.0923903307993896,0.0187914522830397,0.221372226602398,0.026604067592416,1.41821948811412,0.222792615531944,2.51159310276853,0.0240480965003371,0.338337180321105,0.00753186538349837,0.432609810610302,0.0496489471988752,0.0210526313167065,0.00347725313622504,0.329034931957722,0.00260029712808318,0.254659894446377,0.00191204587463289,0.384036152536282,0.000968679349170998,0.0802337929490022,0.00294261903036386,0.0363903692050371,0.000358166202204302,0.0220566325006075,0.0846153840539046
0.0260326283751056,7.46148446717416,0.754069945804076,18.581159664318,0.0217283950187266,2.09355871530715,0.349017265136354,0,0.031335488834884,3.0430343169719,0.0175566935213283,8.26583722236683,0.121999209513888,10.4981366939319,0.015761821065098,1.47352363873506,0.00540009798714891,0.398046967107803,0.892894554126542,2.8244754372281,0.106995884561911,0.0806629797443748,2.25699134595925,4.27901233721059,0.0425316458567977,0.229549467097968,0.00789928436279297,0.160143260436598,0.0619525741785765,3.23662157810759,2.56214494386222,4.66900257125963,0.242764585418627,1.741341341316,0.0311158797703683,0.010331702476833,0.038263427442871,0.0973212100798264,0.0681038679322228,0.0304038003087044,0.0161785209784284,0.0176991149783134,0.00449346410459839,0.0157045843661763,0.00362400896847248,0.0145026063546538,0.0111501136561856,0.0389558241004124,0.000913033552933484,0.00229357799980789,0,0.00249947933480144,0,0.000485790631501004,0.0250100846169516,0.064102565520443,0.0118753096321598,1.15063465069397,0.00208637589821592,0.00930420742952265,0.00632036337628961,0.191711039689835,0.00233590282732621,0.338487602799432,0.00141609626007266,0.0608808288525324,0.0334203662350774,0.0740873280738015,0.0621690067055169,0.250375567702577,0.293737561558373,3.06360950740054,0.0637736759381369,1.20423894259147,0.0331125827506185,0.354374311864376,0.262979140505195,0.637415618053637,0,0.0841872035525739,0.00362318844418041,0.314935064641759,0.00512701002298854,0.0842541451274883,0.00411764689488336,0.152974502183497,0.00101936794817448,0.0434167049825191,0.0157114798203111,0.00626740936422721,0.335135152272414,0.427683625428472
0.0577915355097502,0.0035323208430782,0.394655708223581,0.127054366108496,7.96820107614622,0.499999982654117,1.20642318791943,0.031335488834884,0,0.0858505577780306,0.234349919715896,0,3.95779086841503,0.00202531646937132,26.778750218451,0.0692041497677565,0.216570960357785,0,0.0167014617472887,0.00534759345464408,0.156962026376277,0.0339869291055948,0.3096330378321,0.408977541374043,0.407305929576978,0.327370297978632,0.406354511738755,0.250474381260574,3.38992346543819,0.037819798104465,4.08279434591532,0.200561008183286,0.0597183126956224,0.00467289733933285,0.00229095085524023,0.0024301337543875,0.0932896906742826,0.00658978568390012,0.0456397705711424,0.011808117851615,0.0493150698021054,0,0.0107790294568986,0.00430802349001169,0.00128205132205039,0.00256739417091012,0.0362173025496304,0.0112941178958863,0.00655308016575873,0,0.011185682087671,0,0.0166527891997248,0,0.0342368055135012,0.00697775837033987,0.0773067357949913,0.00319182901876047,0.0185758522711694,0,0.0190217394847423,0,0.0575035058427602,0.00107181130442768,0.0289435591548681,0,0.0145328721846454,0.00219538965029642,0.0040322580607608,0.00175592629238963,2.88964932435192,0.0865945038385689,1.06686931382865,0.0323824201477692,0.21586475847289,0.00528401602059603,0.13733227760531,0.0278422264382243,0.0662068985402584,0.00264550256542861,0.212967343395576,0.00371885456843302,1.05013925791718,0.00940228335093707,0.117110267921817,0.00171477568801492,0.492048640269786,0.0101229213178158,0.0466132573783398,0.00138456211425364,0.0121212117373943,0.0321167870424688
0.000666888954583555,0.0485802271286957,0.0378611746709794,0.690417677396908,0.0326340333558619,16.2681813030504,0.0293448001611978,3.0430343169719,0.0858505577780306,0,0,0.0633713556453586,0.0155239332234487,0.126753751479555,0.0354570634663105,13.5805043773726,0.00305110611952841,0.0754226264543831,0.00896414369344711,0.0299657532013953,0.414965992094949,0.679113192250952,0.177252581343055,0.421554612461478,0.380791904404759,4.97685950587038,0.105590064078569,4.00000004097819,0.027111574774608,1.40211642137729,0.94505497883074,2.30434785049874,0.00642742356285453,0.0152329748962075,0.00621761684305966,0.0349726788699627,0.0106544902082533,0.598774904035963,0.00606520101428032,0.418797513702884,0.00486618001013994,0.532239140244201,0.019690576242283,0.0605438707862049,0.0133171918569133,0.0412121214903891,0.0115384615492076,0.17771763325436,0.00123609392903745,0.00876643729861826,0.000720980518963188,0.00392541708424687,0,0.00886262906715274,0.00273348513292149,0.237316563550849,0.00242424244061112,0.0527131761191413,0.00197044340893626,0.000917010533157736,0.000869565235916525,0.0321336759952828,0,0.036772218067199,0.00407055637333542,0.0246120911324397,0.0140845065470785,0.0651327420491725,0.00379746838007122,0.0584890334866941,0.306106262374669,1.82830620277673,0.0227272734045982,1.2109430921264,0.00696864095516503,0.383981169899926,0.0618101544678211,0.473646221682429,0.00489596091210842,0.0353773590177298,0.00181405898183584,0.117224021931179,0.00261780107393861,1.83934211707674,0,0.0779727136250585,0.00516795879229903,0.93288136087358,0.00140944321174175,0.0275075485697016,0.470744665944949,0.123552124947309
6.00669575523352,0.00137409823946655,1.55918637581635,0.0265104802674614,0.0313725485466421,0.00305810407735407,3.14793201390421,0.0175566935213283,0.234349919715896,0,0,0.00510855671018362,15.5457303170115,0.00778588792309165,2.62688240851276,0.00110253586899489,9.22247853945009,0.00262123206630349,0.150300603127107,0.0232358001521789,0.0413793101906776,0.00236686388961971,0.109792284201831,0.0431654680869542,0.00170212762895972,0,0.0156739808153361,0.00352733675390482,3.3567679147236,0.00638977624475956,0.196801964193583,0.0265604257583618,0.0873315363423899,0.0216216221451759,0.0230849934741855,0.0044296788983047,0.144393241032958,0.00463678501546383,0.244835503399372,0.00557491276413202,0.335802484303713,0,0.01980197976809,0,0.00853658537380397,0,0.0454545467509888,0.00362811796367168,0.0199252795428038,0,0.0362056482117623,0,0.0156128022354096,0,0.0247366013936698,0.015170669532381,4.55048658198211,0.00186741363722831,0.0822596653597429,0,0.399475520011038,0.00259067350998521,1.09561756253242,0.00205549853853881,0.124487009248696,0,0.0471380451926962,0.00853181630373001,0.0586734681855887,0.0164068909361959,0.645316240494139,0.040593285812065,2.20487114076968,0.0029048656579107,0.287396949250251,0.00477897236123681,0.218262812588364,0.0291332858614624,0.211180120240897,0,2.01094386720797,0,4.15963077731431,0,0.451677020697389,0.00111763062886894,0.626631835475564,0.0013670539483428,0.0601556952460669,0,0.0378378387540579,0.060130720725283
0.00805701868375763,7.5042845341377,0.061129980487749,1.90241097752005,0,0.074935402488336,0.0138722792617045,8.26583722236683,0,0.0633713556453586,0.00510855671018362,0,0.00628190021961927,12.0191724672914,0,0.279454729519784,0.00389863550662994,6.37146076769568,0.502683353726752,0.858814352774061,0.0702702719718218,0.0589861758053303,0.220708443783224,0.394838707172312,0.00424028257839382,0.00973574421368539,0,0.0291120819747448,0.0177073628874496,11.424929024186,0.280814561760053,1.27376867551357,0.0477326975669712,0.647154456702992,0.00335289188660681,0.015748031786643,0.0233463034965098,0.0677966088987887,0.0530058193253353,0.0238805962726474,0.00952380942180753,0.0296022202819586,0.00677678966894746,0.0174552139360458,0.00531914876773953,0.0319488812237978,0.00606585788773373,0.0392638044431806,0,0.00219178083352745,0.00133244507014751,0.00264783762395382,0,0,0.00742880743928254,0.0306161493062973,0.00623582775006071,2.20098472200334,0.0053144374396652,0.00913242000387982,0.00316455704160035,0.132287002168596,0,0.261665140395053,0.00352526432834566,0.0381497386842966,0.0280373822897673,0.0766459215665236,0.0376106193289161,0.189170667668805,0.142377433599904,2.55358327762224,0.0305623485473916,2.78664203931112,0.0238751146243885,0.488393677864224,0.120982982218266,0.457532554864883,0.00191387557424605,0.838289953651838,0.000822030415292829,0.231970751250628,0.00113895221147686,0.0873410693602636,0.000937866338063031,0.0612725833780132,0,0.0211391660850495,0.00717547308886424,0.00186974136158824,0.4816326322034,0.322388074826449
3.62903214991093,0.00359712244244292,3.0396984599065,0.159053255338222,0.255319140851498,0.0611620815470815,9.87037801294355,0.121999209513888,3.95779086841503,0.0155239332234487,15.5457303170115,0.00628190021961927,0,0.0197628460591659,16.1528475468513,0.0100178887369111,3.06491234421264,0.00558436382561922,0.128317100636195,0.0405446294462308,0.0767152906628326,0.00985761266201735,0.751699736923911,0.432485332537908,0.0408163268584758,0.03028912312584,0.108108105137944,0.0104018911370076,6.13162433652906,0.0265827219700441,0.866129656787962,0.159227983443998,0.141043728217483,0.0281162140890956,0.0227507753297687,0.0106157117988914,0.225142360781319,0.00703296717256308,0.305944052524865,0.0140728476690128,0.217755433986895,0,0.0348162464797497,0.00342700484907255,0.0106829451397061,0.000763650226872414,0.0636274199350737,0.0100439423695207,0.0270583678502589,0,0.0539674034807831,0.000665114726871252,0.0141467731446028,0,0.0701643514330499,0.0155038756784052,2.17381117865443,0.0109680498717353,0.0940313425962813,0.000634920608717948,0.455796899041161,0.00158415839541703,0.89746681577526,0.00136658700648695,0.13180515303975,0.000704721605870873,0.0617565151769668,0.0115972589701414,0.0541388765559532,0.0190909092198126,1.92914792883676,0.0963748920476064,2.86495591455605,0.0118744699284434,0.519125701976009,0.00660066003911197,0.512886605341919,0.0492778234183788,0.12989922054112,0,1.16446120385081,0.00320000003557652,3.46976375766098,0.00392156856833026,0.684778244118206,0.00263157900189981,0.861971854115836,0.00409165309974924,0.138691888656467,0.00050632911734283,0.0255665304139256,0.0836197062162682
0.00376749184215441,2.24065944447648,0.135729613481089,2.83765426761238,0.00299401197116822,0.184585167560726,0.0526766581751872,10.4981366939319,0.00202531646937132,0.126753751479555,0.00778588792309165,12.0191724672914,0.0197628460591659,0,0.00317208562046289,0.157294538803399,0,0.650110884744208,0.537981638568453,0.644611853174865,0.0450281412340701,0.0330368473660201,0.71883208816871,1.21179818059318,0.00630252133123577,0.0166061241179705,0.000997506198473275,0.0257648946717381,0.0174573056283407,6.78557733772323,0.726963884197176,2.03668907401152,0.075851391069591,0.290267898933962,0.0166468487586826,0.00857843167614192,0.0206794686382636,0.0266930287471041,0.042239687172696,0.0120147875859402,0.00779727101325989,0.0101910829544067,0.00280701764859259,0.000750187551602721,0.00084423809312284,0.00337980571202934,0.00572041468694806,0.0129516023444012,0,0.00172860850580037,0,0,0,0,0.00686813204083592,0.0167633779346943,0.00647249200847,0.739726006169803,0.000728067010641098,0.00414078659377992,0.00198873050976545,0.0545534539269283,0.00357941840775311,0.201121495221741,0.000912825169507414,0.0232018553651869,0.0156799129908904,0.024280067300424,0.0313452333211899,0.103696102160029,0.0899898906936869,1.98905481968541,0.0225882357917726,1.33713196963072,0.0152091253548861,0.238825026201084,0.125240850029513,0.231208367971703,0.00130378094036132,0.0766773149371147,0.00136892544105649,0.12235563097056,0.00178173719905317,0.0261096598114818,0.00084139674436301,0.0413184765493497,0,0.00912408751901239,0.00506329134805128,0.00486749585252255,0.186521449824795,0.293172688339837
0.394904468092136,0.00118413264863193,0.512983244901989,0.0630557777476497,3.78989658225328,0.149859162047505,1.11116152786417,0.015761821065098,26.778750218451,0.0354570634663105,2.62688240851276,0,16.1528475468513,0.00317208562046289,0,0.0368259537499398,1.77123438334092,0.00200702459551394,0.019488429185003,0.00143317808397114,0.774869135115296,0.0182926822453737,0.266202973551117,0.203761750599369,0.163215598324314,0.124924927949905,0.858290296979249,0.0762023767456412,10.434049378382,0.0119402981363237,1.76970856869593,0.0912316306494176,0.0310077527537942,0.00967621884774417,0.018309858511202,0.00145985395647585,0.653476568870246,0.0147643380332738,0.183765492984094,0.0042060986161232,1.86217697989196,0.00611620815470815,0.063369395211339,0.000831946730613708,0.0170859040226787,0.00380047503858805,0.127810646896251,0.00598802417516708,0.0260492042871192,0,0.0706100938841701,0,0.0308924471028149,0,0.27471698098816,0.00845070392824709,0.482556571718305,0.00489130412461236,0.0853118682280183,0.000758725334890187,0.126315785804763,0.00497265020385385,0.230106446193531,0.00248653121525422,0.153447378892452,0.00172117038164288,0.052953154896386,0.0121951219625771,0.0137592134997249,0.0130486361449584,4.3846154815983,0.0789473648183048,2.91680078429636,0.0303687639534473,0.316109426319599,0.0153374229557812,0.230429996619932,0.040217389469035,0.213836470618844,0.00306983874179423,1.49548873625463,0.00185414089355618,12.0302572147921,0.00785854645073414,0.709260926116258,0.00296589208301157,3.53341578564141,0.0134715031599626,0.298208319873083,0,0.00662800343707204,0.0405844155466184
0.00115107907913625,0.171815247042105,0.0321192988194525,0.382100730028469,0.0351673281984404,9.36748356884345,0.0189659069292247,1.47352363873506,0.0692041497677565,13.5805043773726,0.00110253586899489,0.279454729519784,0.0100178887369111,0.157294538803399,0.0368259537499398,0,0.0156687188427895,0.567030782462098,0.029790660541039,0.12233285792172,0.655375554342754,1.61140286084265,0.109296481241472,0.381655662786216,0.422128685633652,2.77461454027798,0.115646260092035,4.16522801597603,0.0559732674737461,13.2552830904024,1.08703878801316,1.98796390602365,0.0298762274906039,0.043574592913501,0.0305343500804156,0.0632638405077159,0.00893854722380638,1.74747482640669,0.0155988861806691,1.00364010839257,0.00462249631527811,1.20692246453837,0.0620927578420378,0.23257731506601,0.0610902271000668,0.155221071036067,0.0837245687725954,0.746379521442577,0.0114613180048764,0.0173661361914128,0.00430769223021343,0.0198886235011742,0,0.00874316971749067,0.00524148263502866,0.748689248284791,0.0116525423945859,0.206971097562928,0.0103750997805037,0.018818216631189,0.00720461073797196,0.097440944518894,0.00200601806864142,0.138866065361071,0.0102564098779112,0.101492534158751,0.0873337211087346,0.30415026564151,0.0204280155594461,0.141769187059253,0.614853214239702,4.3436971930787,0.0414012760156766,5.42520101112314,0.0164547499734908,0.812075471272692,0.117711177561432,1.54003230365925,0.00309358071535826,0.193353474140167,0.00671391282230616,0.725207233626861,0.00898203591350466,7.8133205648046,0.003988477808889,0.371281020634342,0.00366524141281843,1.84418255533092,0.00724200345575809,0.129592131823301,0.757328963954933,0.173982442473061
3.17094602272846,0.0159500698791817,0.554508739151061,0.00932545837713405,0.0592948725679889,0.0171740824589506,0.440981087042019,0.00540009798714891,0.216570960357785,0.00305110611952841,9.22247853945009,0.00389863550662994,3.06491234421264,0,1.77123438334092,0.0156687188427895,0,0.0306871255161241,0.0883697328390554,0.0505006536841393,0.0593119824770838,0.00733496365137398,0.0284750832943246,0.0165208940161392,0.00174216029699892,0.00512382562737912,0.0336269008694217,0.0144534781575203,3.8988825394772,0.0551053496310487,0.0662914301501587,0.0270453002303839,0.536105039063841,0.184222522075288,0.76889846753329,0.308219165308401,0.536470580147579,0.153117596870288,0.192187502863817,0.0284090917557478,0.260536392219365,0.00491400482133031,0.678127981955186,0.140314137563109,0.523248612880707,0.131595288170502,0.285154324723408,0.0991735530551523,0.523115889285691,0.0102695766836405,0.805850114673376,0.00500250142067671,0.0813397119054571,0.00304182502441108,0.133580706082284,0.0596760452026501,8.53296537214192,0.0621468934114091,1.48970366129652,0.0214752568281256,2.20168069354258,0.0909690154949203,4.78701814077795,0.0270974456798285,1.83414629939944,0.0415300561580807,1.03975539619569,0.453697051852942,0.192083064466715,0.244966444093734,0.615384626202285,0.0590111635392532,2.0993426683126,0.0533333332277834,0.350364960730076,0.0148148154839873,0.698484826367348,0.245170872076415,3.32390744495206,0.0370828178711236,9.10433992510661,0.0204230491071939,6.08730687806383,0.0103761348873377,1.6588294710964,0.0152027030708268,1.07843134668656,0.00835654581896961,0.222222216485534,0.00611828692490235,0.0308555397205055,0.0433604344725609
0.00690304365707561,4.69366760202684,0.0137542985612527,0.230545871600043,0.00135593221057206,0.100795754231513,0.00579570152331144,0.398046967107803,0,0.0754226264543831,0.00262123206630349,6.37146076769568,0.00558436382561922,0.650110884744208,0.00200702459551394,0.567030782462098,0.0306871255161241,0,0.108378870005254,0.283676713122986,0.110280377208255,0.132057414622977,0.0414364656899124,0.0919037222047336,0.0145454541780055,0.0500715320231393,0.00406504073180258,0.08245877281297,0.0408357064588927,25.5514917774126,0.105147868394852,0.253223908133805,0.110948902904056,0.354545454669278,0.0711188217392191,0.0616500452160835,0.0239680416416377,0.167336009326391,0.0265428004786372,0.0538226286880672,0.0118811884894967,0.0730067221447825,0.0215424384805374,0.103883946547285,0.0347826071083546,0.1675734447781,0.0123456786386669,0.115592519636266,0.0044296788983047,0.0380952397827059,0.00270087784156203,0.0116801440017298,0,0.00778210116550326,0.0117498950567096,0.101826663594693,0.0217889898922294,4.92118383839261,0.0261496847961098,0.042211904656142,0.017684887163341,0.489678878104314,0.00351699872408062,6.73998149484396,0.0132370641222224,0.238210992829408,0.167823340976611,0.511782297980972,0.0893665197072551,0.730091583682224,0.205659067491069,2.2052667576354,0.0313283206196502,5.87064057821408,0.0133460441138595,0.840887169353664,0.139625085052103,1.05657975445502,0,23.0675671325298,0.00501462584361434,4.93297404237092,0.00699300714768469,0.474844565615058,0.0061538461886812,0.35935431701364,0.00148257974069566,0.103427541209385,0.00330469280015677,0.0195645322673954,0.49787232466042,0.192746122134849
2.41673503490165,0.368053612066433,12.8509126865538,1.92181908269413,0.0524421615991741,0.0242669368162751,0.801127728947904,0.892894554126542,0.0167014617472887,0.00896414369344711,0.150300603127107,0.502683353726752,0.128317100636195,0.537981638568453,0.019488429185003,0.029790660541039,0.0883697328390554,0.108378870005254,0,22.8944565359852,0.0649350637104362,0.0501650180667639,8.57456901599653,2.8646097171586,0.00542005407623947,0.00214132759720087,0.00102774926926941,0.0088691795244813,0.252329197246581,0.291208798531443,4.10365857958095,3.58363971923245,12.4015839985223,9.93564028356923,0.639556365204044,0.122059755027294,0.194726161658764,0.0274949097074568,0.158826503437012,0.0256532065104693,0.100000002421439,0.00661813362967223,0.010032246587798,0.00383582664653659,0.00519480532966554,0.0103986135218292,0.0160701248096302,0.0201739124604501,0.000878734630532563,0,0.00116550119128078,0.000741839758120477,0.00205023074522614,0,0.0315457404940389,0.0486362156225368,1.00909550336655,0.266288956452627,0.197916670353152,0.0105671011260711,0.0507099379319698,0.0596205973997712,0.0330882354173809,0.0550458733923733,0.0253283302299678,0.0253264736384153,0.580219807103276,0.299741609953344,16.1921360042761,4.03070412925445,2.22511717409361,1.80625328654423,0.52371733734617,0.723986321361735,0.0974325188435614,0.481751828687266,0.567179009318352,1.60156630072743,0.00677966105286032,0.0239043831825256,0.0300384218571708,0.0639720819890499,0.0182982615660876,0.0196516304276884,0.0166134182363749,0.028241939144209,0.0076965366024524,0.0103141113650054,0.017162470612675,0.00109920313116163,0.683687921613455,0.590940752997994
0.192722707986832,3.45919675339246,0.693019774626009,11.5148512351443,0.00527936650905758,0.0875975731178187,0.100830129173119,2.8244754372281,0.00534759345464408,0.0299657532013953,0.0232358001521789,0.858814352774061,0.0405446294462308,0.644611853174865,0.00143317808397114,0.12233285792172,0.0505006536841393,0.283676713122986,22.8944565359852,0,0.185224837157875,0.139989147777669,1.22360580950044,3.0535193583928,0.00368154630996287,0.0182149361353368,0.000879507453646511,0.0525328330695629,0.105371902347542,0.664812247734517,1.37347555859014,2.4009584239684,3.11251306207851,7.44375381420832,0.133264998439699,0.0326144136488438,0.174782612419222,0.0706806289963424,0.272451192955486,0.062474311562255,0.0685840705409646,0.0380641670199111,0.00320615596137941,0.0136286206543446,0.0075815012678504,0.0288315627258271,0.0352250497089699,0.0405869484529831,0.000768049154430628,0.0038714671973139,0.00478723389096558,0.00661375641357154,0.000877577869687229,0,0.0760767022147775,0.110353016294539,0.224451707792468,1.00641178898513,0.0603448265464976,0.0195768872508779,0.0328667059075087,0.236821402388159,0.0191693287342787,0.190217394847423,0.0138211378944106,0.10718038858613,0.520665307063609,0.300183690618724,5.66328913404141,9.62291367474245,1.19448150426615,3.20315922435839,0.20467836613534,2.03368417394813,0.0844612859655172,1.27847417851444,0.725799551000819,3.41712351160822,0.00887409877032042,0.0534351122332737,0.0219366961391643,0.132731613120995,0.00954653928056359,0.0459680570638739,0.0187139160989318,0.0624863442790229,0.00745225884020329,0.0438846002798527,0.0428870281903073,0.00957902689697221,1.54200231190771,0.985819619498216
0.0355590664548799,0.0920570257585496,0.0377506893128157,0.177187949360814,0.13675214163959,2.44131458923221,0.0286944035906345,0.106995884561911,0.156962026376277,0.414965992094949,0.0413793101906776,0.0702702719718218,0.0767152906628326,0.0450281412340701,0.774869135115296,0.655375554342754,0.0593119824770838,0.110280377208255,0.0649350637104362,0.185224837157875,0,3.66066836938262,0.0892857147846371,0.168201348162256,1.74130739364773,3.95956864557229,0.621951220091432,3.89970500022173,1.74758625938557,0.413502101087943,4.05641029088292,3.07619044324383,0.0328806299949065,0.0725623592734337,0.0321931578218937,0.0581655483692884,0.661938535049558,0.465393812628463,0.35722678527236,0.557711974019185,7.22033899649978,1.18441556207836,0.0396396405994892,0.082376774167642,0.0168918923009187,0.101522840559483,0.0459057068219408,0.187535733450204,0.0034782609436661,0.00885739573277533,0.00867302704136819,0.00509554147720337,0.00727272732183337,0,0.138969314284623,0.194053198909387,0.0466101695783436,0.0856002900982276,0.0153649169951677,0.00817279610782862,0.0131004368886352,0.060661764931865,0.0323809520341456,0.0442953037563711,0.0198807148262858,0.0456816554069519,0.0485282413428649,0.106067032902502,0.0125899283448234,0.133682835381478,8.60025221481919,3.19030305184424,1.40638293419033,0.912052150815725,0.910941478796303,1.47506561130285,0.493827182799578,1.26063244370744,0.0515759331174195,0.0684210555627942,0.126655156491324,0.0596627742634155,3.06603778153658,0.323450141586363,0.079574108007364,0.0486711510457098,1.30735930614173,0.528301884885877,0.0970464141573757,0.0270592920714989,2.4647886864841,1.57928807847202
0.000798084598500282,0.074074073927477,0.0174741862574592,0.10712993517518,0.0377833738457412,5.97581639932469,0.00520231202244759,0.0806629797443748,0.0339869291055948,0.679113192250952,0.00236686388961971,0.0589861758053303,0.00985761266201735,0.0330368473660201,0.0182926822453737,1.61140286084265,0.00733496365137398,0.132057414622977,0.0501650180667639,0.139989147777669,3.66066836938262,0,0.0505643333308399,0.0985037439968437,0.296829962404445,1.37796374084428,0.0880503130611032,8.18070469913073,0.0421052647288889,0.668575501651503,1.85676861309912,1.65853658691049,0.0247452696785331,0.0736055225133896,0.0381355932913721,0.0758293867111206,0.0194884296506643,1.37761374935508,0.036319614155218,4.07127868570387,0.0121580548584461,6.48888904601336,0.0268292683176696,0.0934065957553685,0.0310612607281655,0.122731203911826,0.0302457455545664,0.302784212515689,0.00533333339262754,0.0163043481297791,0.00175361684523523,0.00517799332737923,0,0.00232288031838834,0.0129259692039341,0.621564473491162,0.00427502661477774,0.0922401171410456,0.00910865352489054,0.00947867333889008,0.00442722765728831,0.0921919088577852,0,0.0491467569954693,0.00407747179269791,0.0436046510003507,0.0514262765645981,0.147512868512422,0.0202391898492351,0.135501357726753,1.09895836608484,4.58999989740551,0.0852459047455341,1.37053577555344,0.0706521752290428,3.24719104450196,0.175519629381597,1.72197318077087,0.00617283955216408,0.118309854995459,0.00584112131036818,0.0856643347069621,0.0173913039034232,0.858455885550939,0.00225733639672399,0.0632666235323995,0.0239520967006683,2.09164979774505,0.00426439219154418,0.0876205773092806,23.9150574640371,1.59154926612973
0.0959375698585063,0.138752627943177,9.72075989702716,2.68140440946445,1.67712661682162,0.542195676709525,2.21125959791243,2.25699134595925,0.3096330378321,0.177252581343055,0.109792284201831,0.220708443783224,0.751699736923911,0.71883208816871,0.266202973551117,0.109296481241472,0.0284750832943246,0.0414364656899124,8.57456901599653,1.22360580950044,0.0892857147846371,0.0505643333308399,0,12.2332856964786,2.1548134367913,0.273364477325231,0.042328042909503,0.0686900946311653,0.327838839555625,0.518472897470929,9.22363190597389,4.56675944651943,6.50418577808887,1.75376048916951,0.691347413114272,0.148702156671789,0.0628742538392544,0.032282283063978,0.0605155042139813,0.0149732619174756,0.0211009175982326,0.00814111257204786,0.00916642788797617,0.00302388885756955,0.00398671079892665,0.00465425517177209,0.00349040154833347,0.012867133365944,0.0013440860202536,0,0.00290416268398985,0.000588928174693137,0.000754432287067175,0,0.0112580915447325,0.0160299218259752,0.104336628079182,0.0912066339224111,0.0312868940527551,0.00565131369512528,0.0235101136495359,0.0192175698466599,0.0159944369224831,0.0422195420833305,0.0077683615963906,0.00805701868375763,0.219354841276072,0.130528332316317,0.40367598447483,0.296639621257782,0.467353938845918,1.69445491675287,0.223427334800363,0.289770670235157,0.0558810291113332,0.072496603243053,0.389400080603082,0.466642379760742,0.00551724142860621,0.0208522211760283,0.0162784164422192,0.0318917616968974,0.0325710318866186,0.0210956101072952,0.0148285448085517,0.0121236615814269,0.0142913858871907,0.00705965387169272,0.00953288865275681,0.00138280709506944,0.0748815156985074,0.35409835469909
0.0416444217553362,0.268664863600861,2.21181488316506,17.0142393814167,0.247787619475275,2.30865993152838,1.09914891640074,4.27901233721059,0.408977541374043,0.421554612461478,0.0431654680869542,0.394838707172312,0.432485332537908,1.21179818059318,0.203761750599369,0.381655662786216,0.0165208940161392,0.0919037222047336,2.8646097171586,3.0535193583928,0.168201348162256,0.0985037439968437,12.2332856964786,0,1.48603927949443,1.59325495874509,0.0717444703914225,0.18172212690115,0.199624765664339,0.87372013181448,6.08805035823025,6.17395126633346,1.32287682930473,0.667338032275438,0.16705606947653,0.0288808671757579,0.0397865120321512,0.0448124702088535,0.0900290432036854,0.0282588877016678,0.0203951559960842,0.0124999997206032,0.00347222230629995,0.0118694361299276,0.00500208407174796,0.00500625791028142,0.00636717391898856,0.0303643714869395,0,0,0.00170406134566292,0.00143626565113664,0,0,0.0156356221414171,0.0325670490274206,0.0296515936497599,0.181772406678647,0.00936262134928256,0.00204918027156964,0.00984575017355382,0.0521059473976493,0.00353200873360038,0.0695009229239076,0.00540297164116055,0.0129969423287548,0.0997586441226304,0.0761478189378977,0.176192517392337,0.283114262856543,0.399402402341366,2.99705900077242,0.116009279736318,0.593632964883,0.0460198994260281,0.132832079427317,0.343779668328352,0.387429643888026,0,0.0313479627948254,0.00880758825223893,0.0668934249551967,0.0246153851039708,0.0412371139973402,0.00292642138083465,0.0322729369509034,0.00838574394583702,0.0171017106040381,0.00613668037112802,0.00375536479987204,0.154769850429147,0.559055116027594
