0,0.0420248339651152,6.02565058603068,0.0273157058400102,0.00530973449349403,0.00414323783479631,6.25435567519162,0.0129489748505875,0.0306306313723326,0.00233849743381143,6.30130609183107,0.0123655916540883,3.23367702262476,0.0131455402588472,0.165301942150109,0.00151362258475274,3.21487594360951,0.0181119650951587,1.8520252671442,0.195110908272909,0.0112715745344758,0.00561403529718518,0.0511066380422562,0.0111446483060718,0.00125431164633483,0.00060587702319026,0.000605510140303522,0.00247142417356372,4.00901808741037,0.0209947521798313,0.306282016448677,0.0282157689216547,2.25248367385939,0.46096827412839,0.0773075665347278,0.0075239401194267,0.236873517453205,0.00537473877193406,0.351693675213028,0.0136830098927021,0.359900810755789,0.00141143263317645,0.00320439459756017,0.00149514083750546,0.00210748147219419,0.000532197998836637,0.0381176478986163,0.00776078519993462,0,0,0.0085836912621744,0,0.00059154094196856,0,0.0445758476271294,0.0481927723740228,13.9082932240854,0.0470461488002911,0.583788926247507,0.00650708819739521,1.45107611868298,0.00977995118591934,1.04486645711586,0.024916147114709,0.0090600224211812,0.00656731479102746,0.274952918116469,0.0514921015128493,3.99454291211441,0.144204437790904,1.13429322838783,0.0899735373677686,3.69554893905297,0.0380952365230769,1.02164801472099,0.0259649132494815,0.653835128527135,0.0750654613366351,0.0277876729960553,0.00777110585477203,0.381384784122929,0.0114647165464703,0.205142384103965,0.00382096075918525,0.412951660109684,0.0030196275038179,0.0117320164572448,0.00112676061689854,0.0589506758842617,0.00187758167157881,0.0679079965339042,0.0865769342635758
0.0420248339651152,0,0.0274797675083391,4.82955344489892,0.00060186575865373,0.0597826078883372,0.0070433805231005,4.31339550204575,0.00061293289763853,0.0393559921067208,0.00532859691884369,6.99479873850942,0.00479407276725397,1.86549006451969,0.00052069773664698,0.0877598191145808,0.00722673861309886,2.34050885844044,0.488106554606929,2.94001377769746,0.0339105338789523,0.0510240756557323,0.0587395476177335,0.0995283033698797,0.0012812300119549,0.00618429214227945,0.000618046964518726,0.0189274444710463,0.0270063679781742,1.41992876760196,0.197144428675529,0.231679808639456,0.215763553278521,2.98776477170759,0.0177232453133911,0.0105005252407864,0.0273972615832463,0.121876900084317,0.0348557705292478,0.0273176393820904,0.00362844701157883,0.00722804456017911,0.00278940028510988,0.0233147500548512,0.000536336796358228,0.0162557564908639,0.0143437727820128,0.00741770956665277,0,0.00652351160533726,0.000395335053326562,0.00288184429518878,0,0,0.0115473441837821,0.0720320144318976,0.0438723703846335,9.85641621911782,0.0140096614777576,0.21813030866906,0.00450450461357832,0.365246281726286,0.00448682019487023,0.761626506107859,0.000577200553379953,0.205549853853881,0.16784283798188,0.397233194089495,0.657587538647931,6.20683218108024,0.192446047556587,1.29214152926579,0.0435967301018536,2.01412585831713,0.0407579546445049,0.674092717817985,0.286467489553615,0.928189905360341,0.00145985395647585,0.12301012640819,0.00276625173864886,0.246794875012711,0.00450704246759415,0.0300250207073987,0.00284539995482191,0.0495419079670683,0.00126103404909372,0.00516795879229903,0.0230983669753186,0.011028713081032,0.518712594173849,0.205070838273969
6.02565058603068,0.0274797675083391,0,0.411470028018812,3.34429053752683,0.492912929970771,24.6889866667916,0.237014478072524,1.14788734051399,0.147470709169284,1.22509223676752,0.0437072148779407,4.01732156446087,0.0829875521594658,0.565980935934931,0.0420583845698275,0.30236582714133,0.0107469107024372,12.7873071666691,0.405693946871907,0.0137127190828323,0.00819672108627856,6.71553112770198,1.41299882158637,0.569329656427726,0.169872751226649,0.0863649775274098,0.0717948744422756,2.17592133488506,0.0397156160906889,9.7470294367522,0.80314108019229,8.40190248345607,0.449146761005977,0.216303987312131,0.0133244507014751,0.186005822848529,0.00408520584460348,0.215375766041689,0.00725041853729635,0.124784552084748,0.000686813204083592,0.00134922421420924,0.000977756106294692,0.00309757352806628,0.000521376437973231,0.0194085030234419,0.00493384170113131,0,0,0.00730207521701232,0,0,0,0.0290502799907699,0.0232608232763596,0.916799183178227,0.0208960513991769,0.210968488943763,0.00502168454113416,0.123882222687826,0.0015961691387929,0.0883858765009791,0.00893697075662203,0.00387811631662771,0.00247708696406335,0.143652565428056,0.0172910660330672,1.72535391920246,0.0481426458572969,2.8520541107282,0.26271917053964,2.48143843130674,0.0649167358642444,0.785180155362468,0.0348360646166839,0.551278461003676,0.0916074015549384,0.00138648180291057,0.00412512884940952,0.0553200980648398,0.00272532610688359,0.0611637349938974,0.00374131498392671,0.0506876836298034,0.000662361329887062,0.00180886342423037,0.00110253586899489,0.0290303854853846,0,0.0454384088516235,0.100459855166264
0.0273157058400102,4.82955344489892,0.411470028018812,0,0.03158726147376,3.59292515815469,0.154395352903521,17.7410086817981,0.0433270931825973,2.01932113483781,0.00934094481635839,1.44005809980445,0.049753209692426,3.36817304804572,0.0180681032070424,0.459181347745471,0.00526731659192592,0.124845788697712,3.05512823109166,12.4657132843859,0.0541871911846101,0.0540042952634394,2.21007629670203,15.7888041227125,0.0300166754750535,0.295417789602652,0.0113146551302634,0.0438837101683021,0.0377186999539845,0.718367356806993,2.65225831200951,3.69930401130114,0.328924152301624,2.06474817337585,0.0275659834733233,0.011401139665395,0.039351238287054,0.0345928699243814,0.0720294388011098,0.0163390357047319,0.0105198018136434,0.0117175451596268,0.00376726654940285,0.0113071007945109,0.0023781212803442,0.00239980799960904,0.0218931100680493,0.0133611690253019,0,0.000962695572525263,0,0.00129310344345868,0,0,0.0295463997172192,0.045436268002959,0.0116822434938513,0.527266648598015,0.00303292894386686,0.0386247885762714,0.00366151338675991,0.0611246941844001,0.00247402262175456,0.127863845642423,0,0.0425824177509639,0.0514075877435971,0.0885115587152541,0.1826214955654,0.981060605146922,0.333158428547904,3.09921258687973,0.0703889899305068,1.16159007302485,0.0837152450112626,0.500153416360263,0.545501308399253,0.898595910519361,0.000621890532784164,0.0216049392474815,0.00166181963868439,0.0724213622161187,0.00198708404786885,0.0245519273448735,0.0023522493429482,0.0153846154862549,0.00219298247247934,0.00505178060848266,0.0276464159833267,0.00523103750310838,0.397712816367857,0.441418613598216
0.00530973449349403,0.00060186575865373,3.34429053752683,0.03158726147376,0,0.842535815667361,0.202635165827814,0.0170491807220969,11.1551484647207,0.128561967168935,0.088714940007776,0,0.409621006227098,0,6.45591190631967,0.112085770815611,0.0596205973997712,0.00346420321147889,0.0101738024968654,0.00239425379550084,0.196332246996462,0.136460557579994,0.973185047507286,0.209603339084424,5.82302271761,1.14614827744663,14.4414094104432,1.72830188588705,1.78173077089014,0.0536141693592072,6.6065667681396,0.587199057918042,0.0523702023783699,0.00332640344277024,0.00550964183639735,0,0.0319444452179596,0.0180932502262294,0.00404585315845907,0.00250626564957201,0.193194294348359,0.0108459871262312,0.0048840050585568,0.0047596383956261,0.00212314235977829,0,0.0111206161091104,0.00162008905317634,0.00338409491814673,0,0.00311138777760789,0.000862440734636039,0.00136147043667734,0,0.00885311840102077,0.00452318124007434,0.00871697068214417,0.00164068909361959,0.00784313748590648,0,0.0100192678510211,0,0.00697269011288881,0,0.0123456795699894,0.000977039569988847,0.00529723340878263,0.00373250374104828,0.00114090135321021,0.00290909083560109,4.45472821360454,0.150436533614993,0.674897118005902,0.0798454638570547,0.0546218515373766,0.0405117280315608,0.0407903119921684,0.0327868852764368,0.0268156416714191,0,0.0866425973363221,0.00190657773055136,0.663929644506425,0.0308219165308401,0.0432939082966186,0.000987898209132254,0.0964581742882729,0.00854700885247439,0.028958136215806,0,0.00725513929501176,0.0167264032643288
0.00414323783479631,0.0597826078883372,0.492912929970771,3.59292515815469,0.842535815667361,0,0.161694370617624,1.64329536346486,0.696517429314554,18.8865161673166,0.00919842289295048,0.0645520337857306,0.103915110114031,0.180573381832801,0.187405542936176,10.915237192763,0.00819112616591156,0.113887271843851,0.0502555352286436,0.0689378746319562,1.41048037167639,7.65480013564229,0.79028554726392,2.76258390548173,1.25750396540388,13.8751813722774,1.46231889131013,18.1278540543281,0.124697920982726,3.61308950325474,3.29787245253101,7.26359338907059,0.0408348458586261,0.05179615796078,0.0352504641050473,0.0639360621571541,0.0251924428157508,2.40673209819943,0.0258152178721502,4.68391159176826,0.00444444455206394,3.39626787905581,0.0506950108101591,0.183732055127621,0.024559530778788,0.0643051803344861,0.107434461824596,0.24410089245066,0.0011350738350302,0.00987383478786796,0.000624414591584355,0.00606585788773373,0,0.00268456386402249,0.0080840743612498,0.882664648815989,0.00273224053671584,0.0444322565454058,0.00350262690335512,0.00924369756830856,0.00773993786424398,0.0147895331028849,0.00350877188611776,0.0426477128639817,0.0012430080678314,0.0373280956409872,0.0614112811163068,0.134207238152158,0.022962111979723,0.0733137829229236,1.67297301348299,5.87415403069463,0.0649619905743748,3.80674448679201,0.138150901766494,1.55339799821377,0.341463424731046,1.5284016339574,0.0180995482951403,0.0286343600600958,0.00564061239128932,0.138392854307313,0.00826446257997304,4.20333147083875,0.00357941840775311,0.0926201072288677,0,6.12046699377242,0.00884396675974131,0.113429322838783,3.0759805010166,0.469733676407486
6.25435567519162,0.0070433805231005,24.6889866667916,0.154395352903521,0.202635165827814,0.161694370617624,0,0.0938791865482926,1.68816209348734,0.0455673347169068,1.86941883148393,0.00760777678806335,12.0733947441913,0.0246585733839311,1.48008126686909,0.0120578776113689,0.165000001114095,0.00429553270805627,1.13723265961744,0.0681399654422421,0.00519345630891621,0.00258933199802414,1.98863252101,0.545967271202244,0.0652225642988924,0.044052863959223,0.0208574741554912,0.0136502705863677,2.55555555183673,0.015160582610406,3.37428505168646,0.310784529341618,1.3006421882892,0.0904484867060091,0.0463493659626693,0.00304878037422895,0.0953253884799778,0.00412749376846477,0.129339683189755,0.00442477874457836,0.0615384645061567,0.00104004156310111,0.0026017468480859,0.00278606970096007,0.000831946730613708,0,0.0163435959839262,0.00667531992075965,0.000851607415825129,0.000840689346659929,0.00391006842255592,0.000381460995413363,0.000455269735539332,0,0.0166389356309082,0.0204410971782636,0.889461728744209,0.00486248312518001,0.0923548561113421,0.00112888056901284,0.328682725434192,0.000852333265356719,0.185145318391733,0.00462784431874752,0.00748239422682673,0.000804667070042342,0.0430243590380996,0.00586414709687233,0.295916195493191,0.0102349382941611,1.5601358609274,0.107409928314155,1.9078046042705,0.0196560202166438,0.685758546344005,0.00983946159249172,0.402403746498749,0.0247246571234427,0.00157109188148752,0.00104085344355553,0.11925420013722,0.00197661010315642,0.0838193997042254,0.00299401202937588,0.160162045649486,0,0.00799811808974482,0.000438404211308807,0.021635796467308,0,0.0250599834835157,0.0425418792292476
0.0129489748505875,4.31339550204575,0.237014478072524,17.7410086817981,0.0170491807220969,1.64329536346486,0.0938791865482926,0,0.015060908452142,3.79331297054887,0.00518358545377851,5.20897043825244,0.0287621979368851,10.5153352661291,0.00431965445750393,1.22975333110662,0.00306144764181226,0.22447711386485,1.60813782841433,4.26200259535108,0.023856857791543,0.031226767168846,1.65913897601422,3.73707224387908,0.0228623684961349,0.0842621496703941,0.0102495541214012,0.0434192670509219,0.02781533729285,1.14539146889001,2.35390277579427,3.162500076578,0.213102401699871,1.4369320787082,0.0224558052723296,0.00730104628019035,0.021159355994314,0.0626378465094604,0.0379912674834486,0.0157681654090993,0.00548902194714174,0.00597163452766836,0.00252070574788377,0.0115429013385437,0.00200762893655337,0.00445073857554235,0.011775529012084,0.00718648952897638,0,0.00405597238568589,0.000316906982334331,0.00147710484452546,0,0.00043497173464857,0.0161232534446754,0.0413913031516131,0.00916075651184656,0.896357730904128,0.00519287830684334,0.0539358620299026,0.00175685170688666,0.113029182102764,0.00083022000035271,0.238477322563995,0.000423998309997842,0.0707620540633798,0.0511162435868755,0.102661596145481,0.110515461768955,0.716905174398562,0.226678291801363,2.30658525129547,0.0381997804215644,0.856774188112468,0.066189180011861,0.233457259309944,0.308615514077246,0.456079610332381,0,0.0353585667908192,0,0.149583603895735,0.000416493130614981,0.0263971947133541,0.00158353132428601,0.0274279303266667,0.000452079577371478,0.00802534315153025,0.015938795695547,0.00860082940198481,0.176350655034184,0.240467707510106
0.0306306313723326,0.00061293289763853,1.14788734051399,0.0433270931825973,11.1551484647207,0.696517429314554,1.68816209348734,0.015060908452142,0,0.150448579574004,0.392396455514245,0.00228832941502333,3.66318929917179,0.00349650345742702,21.9948337889509,0.0552208814769983,0.176553672645241,0,0.00608960428507999,0.00327064585871994,0.113033444620669,0.109339412301779,0.478986002621241,0.208993570646271,1.16023008455522,0.534236253006384,3.02930127829313,0.678260856773704,3.52178228809498,0.0364711690926924,3.34830177342519,0.317711490439251,0.0194895589957014,0.00255863531492651,0.0174927113112062,0.00210084044374526,0.0391304361401126,0,0.0323260714067146,0.00260416674427688,0.0376028195023537,0.00232018553651869,0.0166875263676047,0.00685938238166273,0.00657894741743803,0.00335946260020137,0.0210711155086756,0.00415110000176355,0.00583771150559187,0.0011273956624791,0.0120481930207461,0,0.00709723215550184,0,0.0115463915280998,0.00154261477291584,0.0199390745256096,0.000556018901988864,0.00894854601938277,0.000858000887092203,0.0205128198722377,0,0.0180614087730646,0.000908265239559114,0.0179487185087055,0.0010065424721688,0.0149790299474262,0.00316957215545699,0.00236266991123557,0.00304182502441108,3.91194965934847,0.120363893453032,0.922746804426424,0.0482250493951142,0.188340816646814,0.025056948652491,0.070245198556222,0.0177474400261417,0.064670659834519,0,0.182490752195008,0.00388726929668337,1.12826742604375,0.0165484633762389,0.0705722677521408,0.000501378788612783,0.135753745678812,0.0088719897903502,0.0173243503086269,0,0.0156453712843359,0.0231660234276205
0.00233849743381143,0.0393559921067208,0.147470709169284,2.01932113483781,0.128561967168935,18.8865161673166,0.0455673347169068,3.79331297054887,0.150448579574004,0,0,0.065252857748419,0.0309909917414188,0.193358549731784,0.0315737538039684,11.2770045484649,0.0066357001196593,0.0555870671523735,0.0217573228292167,0.0457232943736017,0.200417540967464,0.904024810530245,0.304305595345795,0.896125321043655,0.148318047751673,1.83802810439374,0.157524609938264,2.28023597970605,0.0322122212965041,1.56226417422295,0.854485786752775,4.06805060384795,0.0142475515604019,0.0328407227061689,0.0125000000698492,0.0153403645381331,0.00135961931664497,0.376021793112159,0.0132100400514901,0.312231093877926,0.00424628471955657,0.46379850525409,0.0136655946262181,0.0544090056791902,0.00522193207871169,0.0191795420832932,0.0244829047005624,0.0783999980194494,0,0.00536193023435771,0,0.000851063814479858,0,0,0.00238473771605641,0.129657229059376,0.00108049705158919,0.0412147510796785,0.00171969051007181,0.00330305541865528,0.000761614646762609,0.00444444455206394,0,0.0322721324628219,0,0.0115495668724179,0.012248469167389,0.0406654336256906,0.0134529154747725,0.0284495018422604,0.448094600928016,3.09473697468638,0.0188045667018741,1.76010100846179,0.109867752995342,0.497420044150203,0.157499996479601,0.442159381695092,0.00647948146797717,0.0126315783709288,0.00158478610683233,0.0415355568984523,0.00230414746329188,0.919798139948398,0.000443262397311628,0.021078432619106,0,0.886758572887629,0.00561097275931388,0.0208998543675989,0.29836830496788,0.221198156476021
6.30130609183107,0.00532859691884369,1.22509223676752,0.00934094481635839,0.088714940007776,0.00919842289295048,1.86941883148393,0.00518358545377851,0.392396455514245,0,0,0.00107353727798909,10.9046085073496,0.00499375769868493,3.24622136563994,0.00379686756059527,9.022860504454,0.00559597101528198,0.231151619867887,0.0281140180304646,0.0325865596532822,0.00402819737792015,0.0218438799493015,0.00979591836221516,0.013513513840735,0.00415512453764677,0.026279392070137,0.00434782623779029,5.43231840978842,0.00652985059423372,0.159827209543437,0.0159271894954145,0.165638770675287,0.040650405571796,0.0227272724732757,0.00937207136303186,0.145819394267164,0.00670241308398545,0.182054615579545,0.0072683219332248,0.155279505997896,0.00614124862477183,0.0151273887604475,0.00185528758447617,0.00103145954199135,0.00210415571928024,0.0158796485047787,0.00316957221366465,0.00984682724811137,0.00105876126326621,0.0195778533816338,0,0.0078740157186985,0,0.0188976377248764,0.0132939436007291,3.7090712954523,0.00592672411585227,0.138723401760217,0,0.568301886494737,0.00109649123623967,0.976351374993101,0.0043159257620573,0.0429850732907653,0.00285442429594696,0.039386042393744,0.00917431170819327,0.20243362756446,0.00839160871692002,0.829236747696996,0.0531088069546968,1.91011243849061,0.00497512426227331,0.695134059060365,0.0161127895116806,0.288177334936336,0.0253164558671415,0.128421046771109,0.00205338816158473,1.24882263736799,0.0024984385818243,3.09090899303555,0,0.332451489055529,0.000487329438328743,0.105643990915269,0,0.0272277223411947,0,0.0566893431823701,0.0739910351112485
0.0123655916540883,6.99479873850942,0.0437072148779407,1.44005809980445,0,0.0645520337857306,0.00760777678806335,5.20897043825244,0.00228832941502333,0.065252857748419,0.00107353727798909,0,0.00715679919812828,13.6213594318251,0.00257953576510772,0.486146088049281,0.0088593577966094,6.8031039146008,0.90442543104291,1.49294786318205,0.0365950672421604,0.0425867516314611,0.12750885123387,0.230458710109815,0.00124455511104316,0.012798139010556,0.0023242300376296,0.0120845925994217,0.0199170126579702,8.5456797555089,0.539727322175168,0.80570582288783,0.112377214245498,1.06471666693687,0.0253699778113514,0.0134128167992458,0.02598870114889,0.0814940594136715,0.0419194684363902,0.0176531679462641,0,0.00798722030594945,0.00717617513146251,0.0230357884429395,0.00271002715453506,0.0183823530096561,0.0142428789404221,0.0107181133353151,0,0.00462107214843854,0,0.000755001907236874,0,0,0.00923623435664922,0.0516258812276646,0.00849787588231266,1.4833208086784,0.00761904753744602,0.04777655180078,0.00410256406757981,0.142925200634636,0.00292540225200355,0.323302471544594,0,0.0555321851279587,0.0418454934842885,0.113399155146908,0.112337976344861,0.663929644506425,0.151565076084808,2.67289721150883,0.0402684565633535,3.20764728588983,0.0608424337115139,0.700315471272916,0.243285943055525,0.687870619585738,0.00163265306036919,0.317053636768833,0.000708466162905097,0.354328443761915,0.000982800964266062,0.0826128697954118,0.00207856995984912,0.0232929890917148,0,0.00813008099794388,0.0148274876410142,0.00854700896888971,0.414866041392088,0.215938302688301
3.23367702262476,0.00479407276725397,4.01732156446087,0.049753209692426,0.409621006227098,0.103915110114031,12.0733947441913,0.0287621979368851,3.66318929917179,0.0309909917414188,10.9046085073496,0.00715679919812828,0,0.0110680691432208,21.5732681861846,0.0132610005093738,2.18818383291364,0.00266844569705427,0.316137947200332,0.0312831405899487,0.0383036927087232,0.00544464611448348,0.3302497700206,0.216334326658398,0.0668501789914444,0.0384180789696984,0.0971019978169352,0.0308761093765497,7.67842222703621,0.0101341284462251,1.09565785678569,0.154260693117976,0.252226380864158,0.051212202757597,0.021231421851553,0.00263388943858445,0.189948261482641,0.00369959307136014,0.236449610383715,0.0111809922382236,0.136885625077412,0.00182815361768007,0.0188020413042977,0.00237600249238312,0.00698412669589743,0.000642673519905657,0.0410654841689393,0.00481927685905248,0.00723922363249585,0.000645161315333098,0.0245535715657752,0,0.0117001831531525,0,0.0394561442080885,0.0168410309124738,2.01417861436494,0.00812512706033885,0.134231963776983,0.00109379272907972,0.649572639609687,0.00197693577501923,0.984934729232918,0.00680272118188441,0.0408870400278829,0.0030184123897925,0.0475986290839501,0.0102655658847652,0.14839350245893,0.013631199952215,2.54769676970318,0.0871143350377679,3.25036705989623,0.0219936154899187,1.18034266890027,0.0117967332480475,0.632804224092979,0.0207810822175816,0.0434983798186295,0.000915331824216992,0.883213590132073,0.00226603224291466,2.24570860806853,0.00198807165725157,0.593701060628518,0.00112888056901284,0.121095259673893,0,0.058068872342119,0.000854700861964375,0.0382226472720504,0.0808369019068778
0.0131455402588472,1.86549006451969,0.0829875521594658,3.36817304804572,0,0.180573381832801,0.0246585733839311,10.5153352661291,0.00349650345742702,0.193358549731784,0.00499375769868493,13.6213594318251,0.0110680691432208,0,0.00139567337464541,0.232717324979603,0.00085251493146643,0.765564938541502,1.34716626489535,1.72689579892904,0.0255982202943414,0.018805309664458,0.765274986857548,1.35068906703964,0.00465766177512705,0.018592297215946,0.00265369308181107,0.0100227788207121,0.0183050848427229,5.8837446742109,1.95425564574543,1.89817337784916,0.165316051861737,0.905648840649519,0.0245022978633642,0.0138150901766494,0.019047619542107,0.0572171648964286,0.0399490019772202,0.0137875096988864,0.0044918586499989,0.00558035739231855,0.00180342653766274,0.00875126256141812,0.000726216414477676,0.00368188513675705,0.00748129701241851,0.00778676266781986,0,0.000739644980058074,0,0.000627155823167413,0,0,0.00476900162175298,0.0323587847524323,0.00528517935890704,0.978572984604398,0.00315955752739683,0.0288255137274973,0.00692640664055943,0.082607046701014,0.00154380546882749,0.31800765520893,0.00160642573609948,0.0452519729733467,0.0304592319298536,0.0646266855765134,0.102173087070696,0.433853007969446,0.134688694670331,2.16108521370916,0.0352233682060614,1.39909206773154,0.0559824375668541,0.299778759945184,0.241902425768785,0.333194152568467,0,0.0626048063859344,0.00118941417895257,0.136420216178522,0.00233009713701904,0.0137299775378779,0,0.0219556823722087,0.000910332251805812,0.00159489631187171,0.0123548306874,0.00700280113960616,0.218031827243976,0.241359111852944
0.165301942150109,0.00052069773664698,0.565980935934931,0.0180681032070424,6.45591190631967,0.187405542936176,1.48008126686909,0.00431965445750393,21.9948337889509,0.0315737538039684,3.24622136563994,0.00257953576510772,21.5732681861846,0.00139567337464541,0,0.035797665361315,1.55265798512846,0,0.0076468542101793,0.00264550256542861,1.17231835622806,0.0631868147756904,0.211409396957606,0.0803295563673601,0.394428979139775,0.137388569535688,2.27763235941529,0.224633748759516,14.3525784548838,0.0207134638912976,2.05097197787836,0.196307969628833,0.0300036585540511,0.00957919971551746,0.0236465471098199,0.00653594790492207,0.760980623890646,0.00818414334207773,0.158920543966815,0.000946073792874813,4.06298119411804,0.00416666676755995,0.0840336142573506,0.00610920181497931,0.00999167351983488,0,0.0875350160640664,0.0033478406840004,0.0366652108496055,0.000850340118631721,0.0589496217435226,0,0.0463009537197649,0,0.162504157982767,0.0075685903429985,0.17331105293124,0.00335329343215562,0.0533238518983126,0.000687521474901587,0.159974297275767,0,0.111656991066411,0.00215827336069196,0.0991580910049379,0.00311890849843621,0.0429009210783988,0.00803643168183044,0.0193747254088521,0.00316957198083401,6.72872071468737,0.0857000530231744,4.19230779772624,0.0434572683298029,0.454421774949878,0.0219780225306749,0.350742686307058,0.0303475277032703,0.270346771576442,0,1.48654927918687,0.00163710775086656,16.1178592705983,0.0176211458165199,0.624924999719951,0.00218962115468457,2.4715446587652,0.00278293137671426,0.724221924087033,0.000508647004608065,0.00892193312756717,0.0206642062403262
0.00151362258475274,0.0877598191145808,0.0420583845698275,0.459181347745471,0.112085770815611,10.915237192763,0.0120578776113689,1.22975333110662,0.0552208814769983,11.2770045484649,0.00379686756059527,0.486146088049281,0.0132610005093738,0.232717324979603,0.035797665361315,0,0.0302439024671912,0.450997406151146,0.0552335473475978,0.0863636347348802,0.658227864652872,2.55820098076947,0.181167393457144,0.476254628971219,0.314424642012455,1.15028022276238,0.327735370025039,4.66982628358528,0.0648078358499333,14.3785204409505,0.880641062976792,2.02986387745477,0.0451774826506153,0.0664652567356825,0.0481058331206441,0.0857503153383732,0.0148957298370078,1.58627541502938,0.016528926033061,0.957603697839659,0.00269360258243978,1.5668449504301,0.133289339253679,0.354392523178831,0.0496338481316343,0.119008264504373,0.186126378306653,0.43181072518928,0,0.0174418600508943,0.00316789874341339,0.00691323890350759,0,0.00289156625512987,0.00261523365043104,0.561512225191109,0.00895170803414658,0.0997400111809839,0.0104566049412824,0.0168634069268592,0.010728937049862,0.0128040974959731,0.00435729860328138,0.0789844878017902,0.000911577022634447,0.07706981850788,0.141490432899445,0.294008982542437,0.0309411250054836,0.146741924108937,0.870702153886668,5.16723204462323,0.0246062991209328,6.92618720408063,0.0760157299228013,1.25132271344773,0.255716290790588,1.96760359540349,0.0231449974235147,0.124581377604045,0.00521682435646653,0.520827759930398,0.00351031147874892,6.9492693512002,0.00158259144518524,0.187756865110714,0.00105207785964012,2.17902356293052,0.00373233796562999,0.111334002809599,1.07351890206337,0.121899360558018
3.21487594360951,0.00722673861309886,0.30236582714133,0.00526731659192592,0.0596205973997712,0.00819112616591156,0.165000001114095,0.00306144764181226,0.176553672645241,0.0066357001196593,9.022860504454,0.0088593577966094,2.18818383291364,0.00085251493146643,1.55265798512846,0.0302439024671912,0,0.0358381494879723,0.0967331340070814,0.0263578270096332,0.0302702710032463,0.0128205134533346,0.00785340322181582,0.000835770973935723,0.00470588228199631,0,0.0244780411012471,0.0136054423637688,8.90471605863422,0.0766650680452585,0.0456824523862451,0.012933568097651,0.665160395205021,0.168955468805507,2.06807721732184,0.607920811045915,1.9401947397273,0.133797906339169,0.176907498622313,0.0200752820819616,0.132013200782239,0.0152173906099051,0.203665986191481,0.141972365963738,0.300743886153214,0.106290673837066,0.103595889639109,0.0859343360643834,0.268774698488414,0.0360262014437467,0.798256511683576,0.00690548121929169,0.0422631234396249,0,0.0515505447983742,0.0761976609937847,6.29599327803589,0.0361149102682248,1.30135193606839,0.0234407696407288,2.82529895659536,0.0407470297068357,2.88656208047178,0.0221238937228918,2.77379477676004,0.0977995106950402,1.18727920018137,0.436352319899015,0.32895489782095,0.0597232360159978,0.573539284407161,0.0484196352772415,1.75549454963766,0.0593165680766106,0.442105242982507,0.0213675224222243,2.01276319066528,0.254760345909745,1.3057111306116,0.0436204997822642,6.13568841852248,0.0655007947352715,5.83440983947366,0.0217142854817212,1.67448095453437,0.0202619223273359,0.264150943257846,0.00366748182568699,0.199055121047422,0.00527549808612093,0.0727272732183337,0.040718563599512
0.0181119650951587,2.34050885844044,0.0107469107024372,0.124845788697712,0.00346420321147889,0.113887271843851,0.00429553270805627,0.22447711386485,0,0.0555870671523735,0.00559597101528198,6.8031039146008,0.00266844569705427,0.765564938541502,0,0.450997406151146,0.0358381494879723,0,0.123230000957847,0.241304356197361,0.0558848421787843,0.10234899376519,0.0338164246641099,0.0505851277848706,0.00261267134919763,0.0353012767154723,0.0060790270799771,0.0481317283120006,0.0651242500171065,17.8489119093865,0.095563140232116,0.129790493752807,0.366950170544442,0.366303127433639,0.215934479492716,0.154818327398971,0.0188902001827955,0.235363679123111,0.0207253892440349,0.0227027032524347,0.00515021465253085,0.015306122135371,0.0250829943688586,0.161358806071803,0.0336763327941298,0.139999998500571,0.0131172840483487,0.0448035238659941,0.000986679806374013,0.03352490341058,0.00519031123258173,0.00544111942872405,0,0.00113960111048073,0.005841548088938,0.123839004663751,0.0535031818435527,2.89542317739688,0.0549234979553148,0.14215500629507,0.0414180406369269,0.17597626359202,0.0192405064590275,4.24960261001252,0.00747065083123744,0.181660144357011,0.466593666002154,0.774863049387932,0.170403593801893,1.17495394300204,0.264756440534256,2.75846239831299,0.02570093376562,6.52573356684297,0.0331674958579242,0.953020138666034,0.176631933427416,2.12141648156103,0.0261096598114818,21.1594205989968,0.0138332732021809,2.51220229826868,0.00816743262112141,0.425722838146612,0.00929250259650871,0.145944692427292,0.00379506626632065,0.0327695555752143,0.00408044311916456,0.0398037060513161,0.690101760323159,0.135655360529199
1.8520252671442,0.488106554606929,12.7873071666691,3.05512823109166,0.0101738024968654,0.0502555352286436,1.13723265961744,1.60813782841433,0.00608960428507999,0.0217573228292167,0.231151619867887,0.90442543104291,0.316137947200332,1.34716626489535,0.0076468542101793,0.0552335473475978,0.0967331340070814,0.123230000957847,0,18.2202547127381,0.0564159289933741,0.0736668503377587,7.65321171376854,3.37912099988898,0.0111214087810367,0.00704845832660794,0.00176056334748864,0.00906618312001228,0.385005052085035,0.345454531197902,7.44137427373789,3.16331260511652,14.3301037361962,12.4899568875553,0.885279210284352,0.127839403226972,0.0913399391574785,0.0198446943541057,0.111675124615431,0.0185708514763974,0.0602678598370403,0.0188574598869309,0.00179748359369114,0.00938967103138566,0.000723327277228236,0.00513384683290496,0.0217458835686557,0.0149253726704046,0,0.0022099448251538,0.00439560465747491,0,0,0,0.0267379672732204,0.0441426155157387,0.427943765069358,0.244160429574549,0.140428206126671,0.0336185834021308,0.0437284237705171,0.0301886792294681,0.0253651033854112,0.0801781729096547,0.00319872051477432,0.0239071031683125,0.701565796189243,0.2607421875,11.446468847862,1.12234038999304,2.25801014853641,2.19831225113012,0.62590852403082,1.00328677991638,0.296781238168478,0.621220454340801,0.773061224084813,1.34413969656453,0.00225225230678916,0.0255555561743677,0.014819206262473,0.0412115192157216,0.00696055660955608,0.00835548818577081,0.0082058934494853,0.00933062884723768,0.00181159423664212,0.000793965882621706,0.0340069009107538,0.00232828868320212,0.710772804100998,0.461001170799136
0.195110908272909,2.94001377769746,0.405693946871907,12.4657132843859,0.00239425379550084,0.0689378746319562,0.0681399654422421,4.26200259535108,0.00327064585871994,0.0457232943736017,0.0281140180304646,1.49294786318205,0.0312831405899487,1.72689579892904,0.00264550256542861,0.0863636347348802,0.0263578270096332,0.241304356197361,18.2202547127381,0,0.0961636842694134,0.0925737548386678,1.20068524929229,3.05054047738668,0.00347071583382785,0.00661977659910917,0.00330715160816908,0.0271993204951286,0.0707850715843961,0.510105870198458,1.74867253110278,1.36506772041321,3.80635203816928,5.9359164039488,0.115257437690161,0.0196078442968428,0.0940032401122153,0.0365111563587561,0.123456789006013,0.0221036577131599,0.0154718931298703,0.0215384607436135,0.00172166421543807,0.0115052737528458,0.00206043961225078,0.00487125967629254,0.0344622689299285,0.0114383758045733,0,0.00209643604466692,0.00141442712629214,0,0,0,0.0404212938155979,0.0434664497151971,0.134496703161858,0.738527216599323,0.0481492606922984,0.0614214706001803,0.0204250622191466,0.0514837321825325,0.0130956707289442,0.142249233671464,0.00302114803344011,0.0344715457758866,0.547220950131305,0.255950972554274,4.72707666351926,5.02372024487704,0.860659016761929,2.66428286000155,0.155269513779785,1.84347150335088,0.152525259414688,1.06510682764929,0.858683095430024,2.136310288799,0.00312012468930334,0.0544427302666008,0.00681624538265169,0.0742514974263031,0.00512257585069165,0.0165467624319717,0.00363042287062854,0.0114240689727012,0.00169851374812424,0.00450112530961633,0.0513674196554348,0.00315173345734365,1.14716981071979,0.671313665341586
0.0112715745344758,0.0339105338789523,0.0137127190828323,0.0541871911846101,0.196332246996462,1.41048037167639,0.00519345630891621,0.023856857791543,0.113033444620669,0.200417540967464,0.0325865596532822,0.0365950672421604,0.0383036927087232,0.0255982202943414,1.17231835622806,0.658227864652872,0.0302702710032463,0.0558848421787843,0.0564159289933741,0.0961636842694134,0,6.29457380902022,0.0526525732129812,0.0347071588039398,2.55647386610508,2.35322204744443,3.53095251577906,5.93281669355929,1.98561142757535,0.414824445499107,3.62600320985075,1.34722223225981,0.030048078042455,0.0787486485205591,0.011152416234836,0.0390455536544323,0.332958393730223,0.26636569481343,0.223175965249538,0.156937797088176,4.21666676877066,0.522911039646715,0.0199370398186147,0.0477419373346493,0.00300075020641088,0.0216216212138534,0.0503637391375378,0.06777893693652,0.00654664495959878,0.00623538577929139,0.00375516334315762,0.00113122176844627,0,0,0.0630816952325404,0.0789724055211991,0.00833333359332755,0.0309079214930534,0.00573394470848143,0.00434782588854432,0.0117416828870773,0.014778325217776,0.00512820517178625,0.0187025126069784,0.00748362950980663,0.00935828895308077,0.0323147185845301,0.0457957969047129,0.0183028280735016,0.0922330105677247,7.57021252624691,2.61620475235395,0.996692425571382,0.89221556740813,0.513715728186071,1.41085275029764,0.495088426396251,0.753593455301598,0.0523255812004209,0.0163043481297791,0.156539657153189,0.0423728828900494,2.79376083286479,0.309741879114881,0.0880407127551734,0.014293882122729,0.974226774182171,0.154553813394159,0.236100540496409,0.00628711155150086,2.54347830824554,1.08391607180238
0.00561403529718518,0.0510240756557323,0.00819672108627856,0.0540042952634394,0.136460557579994,7.65480013564229,0.00258933199802414,0.031226767168846,0.109339412301779,0.904024810530245,0.00402819737792015,0.0425867516314611,0.00544464611448348,0.018805309664458,0.0631868147756904,2.55820098076947,0.0128205134533346,0.10234899376519,0.0736668503377587,0.0925737548386678,6.29457380902022,0,0.0214455922250636,0.0528301886515692,0.803256457671523,1.8704358828254,0.834312557708472,13.6152868270874,0.17272726946976,0.783731438452378,2.02545741735958,1.7265692721121,0.0214925366453826,0.0621983907185495,0.0437158467248082,0.0805084747262299,0.0422222232446074,2.63545157527551,0.0487804904114455,4.43750013224781,0.00539083546027541,9.83246083371341,0.0417318707332015,0.110185781028122,0.0133928573923185,0.0459418084938079,0.0389321451075375,0.124416793696582,0.00324411992914975,0.00927357003092766,0.00074794318061322,0.00337268121074885,0,0,0.00308483303524554,0.334122098749503,0.00638773548416793,0.0346487006172538,0.00569800555240363,0.00648298230953515,0.00583941594231874,0.00488201784901321,0.00169348006602377,0.040650405571796,0.00185185181908309,0.0238885204307735,0.0482855153968558,0.0874766354681924,0.023083264939487,0.119760481175035,4.36593036353588,4.96944131143391,0.1459694954101,1.59526169113815,0.296116507612169,2.93969846097752,0.396501456387341,1.6771574029699,0.028169013094157,0.0527704507112503,0.0081925243139267,0.0629075570032001,0.0309012879151851,1.30693073384464,0.00304491247516125,0.0284981477307156,0.0101651838049293,1.69945354142692,0.0106181266019121,0.0410577601287514,31.9512198469602,1.58249154454097
0.0511066380422562,0.0587395476177335,6.71553112770198,2.21007629670203,0.973185047507286,0.79028554726392,1.98863252101,1.65913897601422,0.478986002621241,0.304305595345795,0.0218438799493015,0.12750885123387,0.3302497700206,0.765274986857548,0.211409396957606,0.181167393457144,0.00785340322181582,0.0338164246641099,7.65321171376854,1.20068524929229,0.0526525732129812,0.0214455922250636,0,17.8299364100094,3.53517683106475,0.543617377057672,0.557388107758015,0.152151464310009,0.228415308869444,0.368492766749114,18.7343799812952,7.80261920625344,4.99973676924128,1.85094100795686,0.545522648375481,0.0933641982264817,0.0377483449992724,0.0112694728886709,0.0222004571696743,0.00692695187171921,0.0040144519880414,0.00559552357299253,0.00396333914250135,0.00325998372863978,0.0011547344038263,0.00116754230111837,0.00663603900466114,0.00938503298675641,0,0.00234329234808683,0.00166875263676047,0,0.000655952782835811,0,0.0078720785677433,0.00661469425540417,0.0316130251449067,0.0622493817645591,0.0206451606936753,0.00554016593378037,0.00718562878319062,0.0101522843469866,0.00787640130147338,0.0322748582111672,0,0.00992555846460164,0.20449980290141,0.0704900924465619,0.252625252585858,0.119120134972036,0.331488122290466,1.85467578843236,0.0868992735631764,0.335780412773602,0.066350711742416,0.0905480560613796,0.262305485142861,0.246698866481893,0,0.00880352134117857,0.00589246256276965,0.0186164585174993,0.0127853887388483,0.0162064820760861,0.00494967840495519,0.00426363490987569,0.00137598894070834,0.00435052823740989,0.00714736155350693,0.00120144174434245,0.0589945971732959,0.242449317942373
0.0111446483060718,0.0995283033698797,1.41299882158637,15.7888041227125,0.209603339084424,2.76258390548173,0.545967271202244,3.73707224387908,0.208993570646271,0.896125321043655,0.00979591836221516,0.230458710109815,0.216334326658398,1.35068906703964,0.0803295563673601,0.476254628971219,0.000835770973935723,0.0505851277848706,3.37912099988898,3.05054047738668,0.0347071588039398,0.0528301886515692,17.8299364100094,0,0.977210568264127,0.909800536639523,0.15511265170062,0.106155215471517,0.118785453843884,0.714570836280473,5.98526178207248,5.53893131576478,0.74393357092049,0.55629139021039,0.104685943806544,0.0217729388969019,0.0212134065805003,0.0203908234834671,0.0383333342615515,0.0103461999096908,0.00328227574937046,0.00543773814570159,0.0029638412524946,0.00861497718142346,0,0.00361925456672907,0.0110599076142535,0.00886001216713339,0,0.000727008387912065,0,0,0,0,0.00881834188476205,0.0156862752046436,0.00653879687888548,0.068648886954179,0.00186799495713785,0.00423216458875686,0.00227790442295372,0.00893521984107792,0.00227445038035512,0.0427807485684752,0.000788332661613822,0.00809716572985053,0.0403244500339497,0.0275895454979036,0.0734082404524088,0.0785340322181582,0.340531553374603,2.9908562945202,0.0421052624005824,0.680971647670958,0.119850182905793,0.173584905569442,0.349155279691331,0.328419330006,0,0.0174291934818029,0.00117302057333291,0.0201771652791649,0.00457665917929262,0.0239790175110102,0.00148203037679195,0.00523560220608488,0,0.00469667336437851,0.0117244748398662,0.00277072261087596,0.105504582636058,0.393386534415185
