0,0.0156862743897364,4.0619257009821,0.0187006286578253,0.0292128740111366,0.00435611233115196,6.34751976153348,0.0239828695775941,0.0538440202944912,0.00273298704996705,5.23309887433425,0.00801402423530817,3.04429097496904,0.0106723586213775,0.452751337434165,0.00472478161100298,3.09795356722316,0.0106436902424321,2.25489774980815,0.137426902976586,0.0460142560186796,0.00893141934648156,0.0687194891797844,0.0153583612991497,0.00175849936204031,0.00224656006321311,0.0346368704922497,0.000574877834878862,3.79105836414965,0.0151933704328258,0.264698527636938,0.0323824225924909,1.88213961571455,0.475133405823726,0.106865484965965,0.0247540469281375,0.641811643610708,0.00164024048717692,0.403301249549259,0.0163072068244219,0.208689922117628,0,0.0055496264831163,0.000449135404778644,0.00640394107904285,0.000996264046989381,0.0612200921750627,0.00465313019230962,0.0112828055280261,0.000490917998831719,0.0389465873013251,0,0.0122018858091906,0,0.0853503158432432,0.0430416062590666,11.1823332135682,0.0123725130106322,0.490532820578665,0,1.88644309193478,0,1.07967318047304,0.0044336068094708,0.166099024063442,0.000935453688725829,0.335957994684577,0.0188713477691635,3.6541772398632,0.0106234276900068,1.09155900281621,0.0922489097574726,4.63971783971647,0.0236559144686908,0.557989673572592,0.0167904420522973,0.76278821437154,0.046908316668123,0.116196036222391,0.000652315735351294,0.690824307966977,0.00257637104368769,0.602649027248845,0.00202071224339306,0.452204282220919,0.000612557400017977,0.0837845543283038,0.00105764146428555,0.131892284844071,0.00035044681862928,0.0446549373446032,0.12508405779954
0.0156862743897364,0,0.0121823877270799,4.03492009057663,0.00112201960291713,0.0214628642424941,0.00448967388365418,3.52335228386801,0,0.0232492198701948,0.00224341009743512,5.03496495774016,0.0029227557242848,1.23610805079807,0.00095808383775875,0.10046330181649,0.00735918502323329,2.57420033530798,0.354088196589146,3.78350520925596,0.0121868649730459,0.0259740252513438,0.0300346553558484,0.0346795442746952,0.00365853658877313,0.0116652087308466,0.000580046384129673,0.0107559012249112,0.0202257759228814,0.776828090311028,0.0491591196623631,0.140994940593373,0.383177581825294,1.53305511630606,0.0518302572891116,0.0271613107179292,0.0189165949705057,0.0612592168617994,0.0194119332591072,0.012534060573671,0.00963523762766272,0.00342465762514621,0.00219635403482243,0.0171256654721219,0.0030549899674952,0.0309039407875389,0.00887508329469711,0.00826805894030258,0.000506970856804401,0.0507356657180935,0.000760456256102771,0.00221827867790125,0,0,0.010484928265214,0.0560353898035828,0.0211315617198125,10.8510852272739,0.0126984128728509,0.0652989199152216,0.00718968079308979,0.225456463987939,0.00158562365686521,0.65859784843633,0.00325644516851753,0.181467178044841,0.333512453100411,0.804238733137026,0.881089610978961,2.72685044346144,0.0918687614612281,0.750849358155392,0.0191333706025034,1.02062433044193,0.00471063249278814,0.255649249011185,0.130184015259147,0.438674013130367,0,0.138377646100707,0.00610420742304996,0.226706902263686,0.00210859254002571,0.0371047833468765,0.0014834594912827,0.118787123938091,0,0.0180821918766014,0.0120142670348287,0.0121973098721355,0.186968836002052,0.0738916234695353
4.0619257009821,0.0121823877270799,0,0.627859279047698,2.93295085371938,0.218430042266846,14.6782726473757,0.490127444209065,0.330569673911668,0.0632411101832986,1.72509120643372,0.0295471053104848,2.53262152749812,0.0987347054760903,0.641008327249438,0.0425726710818708,0.41883716871962,0.00783929415047169,10.3170887840388,0.380991065350827,0.0260707646375522,0.0122286763507873,7.20102515816689,1.41293532354757,0.212514082377311,0.132539891346823,0.173842837859411,0.0359612741158344,2.19999999180436,0.0593750003317837,5.60948472213931,0.535882773052435,8.32145977267646,0.354283354943618,0.169299557572231,0.0182537263026461,0.268831507128198,0.00527148135006428,0.177671703277156,0.00711020838934928,0.0535601744195446,0.0012547051301226,0.00622277555521578,0.000871649594046175,0.00333651102846488,0.000963623228017241,0.0251308892620727,0.00246710528153926,0.00427248995401897,0.00142517813947052,0.0112156291725114,0,0.00801710353698581,0,0.0301279412815347,0.0191425723023713,0.742503245535772,0.00817394175101072,0.199657978635514,0.000833159778267145,0.127276369195897,0.000988386454991996,0.106614023912698,0.00301269642659463,0.0349101932952181,0.000906618312001228,0.230046137672616,0.0127501330571249,0.762604002607986,0.00646377587690949,1.42751123092603,0.270526303444058,2.17634743609233,0.0695020783459768,0.300000013550743,0.0228889579302631,0.508569970843382,0.056069957150612,0.0142990361782722,0.000624609645456076,0.106282182270661,0.00394973054062575,0.239783362543676,0.00390720413997769,0.0881723465281539,0.00240023992955685,0.0257887516636401,0.00459418084938079,0.0318141185271088,0.000684579834342003,0.0304010352119803,0.109324755030684
0.0187006286578253,4.03492009057663,0.627859279047698,0,0.101972103933804,1.79342044555233,0.227628861553967,14.4058395517932,0.0423228344880044,0.784466036129743,0.00673238764284179,1.22092504778993,0.0847111253533512,3.28293827245943,0.0520134230609983,0.590541098616086,0.00824042633757927,0.231903782841982,1.77007447654614,10.6507907579071,0.0563856796361506,0.134593987371773,2.18075003416743,13.6364340477448,0.0289181508123875,0.425161592429504,0.0287057656096295,0.100507616763934,0.0804953587066848,0.931945883785374,1.76446838045376,3.89889707334805,0.50769545068033,1.89467551535927,0.0353260853444226,0.0121816169703379,0.037726603099145,0.0534110219450668,0.05810546875,0.0300258025527,0.0205773082561791,0.010816965950653,0.00582977081649005,0.0191290198126808,0.0044237999827601,0.0187667562277056,0.0192156859848183,0.0165735213377047,0.00132216839119792,0.0127894155739341,0.00170852552400902,0.00196039996808395,0.000491762941237539,0,0.013923805905506,0.0468164798803627,0.0154774796101265,0.878609099599998,0.00319808116182685,0.0202887248015031,0.00526118016568944,0.0329368708189577,0.00365547183901072,0.12228479841724,0.00140252456185408,0.0472873141989112,0.161593260185327,0.2937039466633,0.604398091527401,0.922734009451233,0.361151781398803,2.60072725906502,0.0593199903087225,1.46089451259468,0.0224403920583427,0.387858339236118,0.367501174274366,0.716828870063182,0.000564652727916837,0.0635100640356541,0.0038610037881881,0.0956743005663157,0.010029633063823,0.076018099905923,0.00409053725888953,0.0577885835664347,0.00151133502367884,0.0461937298532575,0.0182432436849922,0.00680933851981536,0.300263395998627,0.323144103458617
0.0292128740111366,0.00112201960291713,2.93295085371938,0.101972103933804,0,0.518427508650348,0.184944435604848,0.0403225800255314,12.4159182105213,0.161090461770073,0.035087718279101,0,0.297532145632431,0.00227272720076144,5.32360756897833,0.0813528359867632,0.0197530873119831,0,0.0600000000558794,0.00510390102863312,0.263208445627242,0.0678899087943137,1.38128616625909,0.39197880087886,5.85369434801396,0.905013229697943,5.52964160079136,0.90655509266071,1.75032069493318,0.0208786432631314,5.46413903892972,0.235102924751118,0.351499794051051,0.00681818160228431,0.013628619723022,0,0.0520304557867348,0.00123992562294006,0.0138364777667448,0.00455321557819843,0.658610271289945,0.00595829193480313,0.00303030293434858,0.000830564764328301,0.000992555869743228,0,0.00539707002462819,0.00149086839519441,0.00295275589451194,0,0.00896325102075934,0,0.00768738007172942,0,0.00900562852621078,0.00423429789952934,0.0207332493155263,0.000508130062371492,0.0112134562805295,0,0.00994318211451173,0,0.0106894713826478,0.00162205996457487,0.0203160275705159,0,0.012534060573671,0.00115406804252416,0.0115485563874245,0.00130548304878175,3.17964820715133,0.0852378029376268,0.806825078558177,0.0191044770181179,0.103871575556695,0.0152091253548861,0.078703704290092,0.0175746926106513,0.0077220075763762,0,0.0344053863082081,0.000590144598390907,0.718766604550183,0.0146290487609804,0.0376967695483472,0.00312151608522981,0.165300541906618,0.00575705256778747,0.0175746926106513,0,0.00658616912551224,0.0172228198498487
0.00435611233115196,0.0214628642424941,0.218430042266846,1.79342044555233,0.518427508650348,0,0.0547945205471478,0.837520247034263,0.29595827346202,21.3484273324721,0.00368324120063335,0.0405405408237129,0.0441640366916545,0.119266059016809,0.211796248855535,9.99722748593194,0.00375939847435802,0.0415556745138019,0.0559006221592426,0.0735564564820379,1.52802365343086,6.16322702262551,0.538532382634003,1.49140889308183,1.37751305883285,17.9879362348001,2.42885504208971,16.66950301826,0.143412530887872,1.44527475396171,2.15456442872528,3.58507139398716,0.0392658989876509,0.0611620815470815,0.0121739133028314,0.0258780040312558,0.0103092780336738,0.743864064454101,0.0255427835509181,3.44950937910471,0.00206398358568549,0.887080376036465,0.0129969423287548,0.0494966445257887,0.0110497237183154,0.0236382331931964,0.0147859922144562,0.0797292228089646,0,0.000997506198473275,0.00060186575865373,0.000777907436713576,0,0,0.00302915554493666,0.38932384661166,0.00152632920071483,0.0219836395699531,0.00161746866069734,0,0.00143266480881721,0.00434310548007488,0.00216567399911582,0.0155610156361945,0,0.00906207540538162,0.0241360405925661,0.0540383483748883,0.0255183409899473,0.0159151190891862,1.14540813979693,3.47084644064307,0.0705009304219857,1.29133853013627,0.0154589368030429,0.729571984265931,0.13497652777005,0.717765877023339,0,0.0240722168236971,0.00150943396147341,0.0772659748326987,0.0215401174500585,1.22857144544832,0.00249791837995872,0.0806993973674253,0.00416666676755995,2.90017507597804,0.00294985249638557,0.0357339199399576,0.692220936762169,0.302762417122722
6.34751976153348,0.00448967388365418,14.6782726473757,0.227628861553967,0.184944435604848,0.0547945205471478,0,0.173826922837179,0.420106942940038,0.0240963860414922,2.52788261775277,0.00394866743590683,10.8298299871094,0.0298766725463793,0.83435585629195,0.0150801136624068,0.295123505580705,0.00199282585526817,0.633199239091482,0.0583617739321198,0.0202020205906592,0.00618017592933029,0.901219153456623,0.457986122200964,0.012488848879002,0.018562486715382,0.027515048161149,0.00395517467404716,2.32404691865668,0.0140324960229918,0.921680781058967,0.170058427494951,0.86323852208443,0.0535000880481675,0.0284316010365728,0.00426237273495644,0.154698487662245,0.00253699795575812,0.134693006315501,0.00287238406599499,0.044768855557777,0,0.00486364436801523,0.000723981880582869,0.00116913483361714,0.000393159047234803,0.0210120814153925,0.00103448278969154,0.0058263739629183,0,0.0198019798845053,0,0.00598546402761713,0,0.0190245584235527,0.0104184169613291,0.688348446099553,0.00453707622364163,0.0798004968091846,0,0.33844598045107,0.000401364639401436,0.204891739413142,0.00179115173523314,0.0458171400241554,0.00074794318061322,0.0486223647021689,0.00425337988417596,0.0919952201948036,0.00172080018091947,1.36929286248051,0.0827702722745016,1.99243375158403,0.0166944903321564,0.347701141086873,0.00527704495470971,0.487512916064588,0.0128524046449456,0.0105947505217046,0.000483325275126845,0.190986007422907,0.000614817079622298,0.25850339938188,0.00119260582141578,0.195342978229746,0.00131544336909428,0.0323073559557088,0.0016481252387166,0.0361353540210985,0.00029502875986509,0.00943396223010495,0.0652496258262545
0.0239828695775941,3.52335228386801,0.490127444209065,14.4058395517932,0.0403225800255314,0.837520247034263,0.173826922837179,0,0.0139745170599781,1.98740351822926,0.00886917929165065,4.95243535930058,0.0517380749806762,10.3412908538303,0.0190305198775604,1.3729985661339,0.00811688310932368,0.33019773720298,1.5870006387122,3.8489505686448,0.0620832362619694,0.125056842080085,2.0907572619617,4.38514530682005,0.0239572187419981,0.229270315117901,0.0243650631746277,0.0940531403466593,0.0559589173062705,1.78241482222802,1.75361212657299,4.3170353746973,0.491277537250426,1.6455951044918,0.0339134312234819,0.022655188513454,0.029074529214995,0.0845356634818017,0.0420579841011204,0.0307996060000733,0.0111601953394711,0.00880648908787407,0.00739744427846745,0.0286913932068273,0.00450873572845012,0.0272830612957478,0.0118603862938471,0.0200300454162061,0.000374531839042902,0.0164886645507067,0.00120210368186235,0.00304929708363488,0.000410761975217611,0,0.0110497240384575,0.0517746674304362,0.0107393639918882,0.869685226643924,0.0075796723831445,0.00573549239197746,0.00195950351189822,0.0595284092705697,0.00077234988566488,0.310010381945176,0.00196850392967463,0.0816031767171808,0.0988822009821888,0.22674934566021,0.184538651024923,0.228512396774022,0.351020407979377,2.69088689648197,0.0387957170605659,1.23620308935642,0.0141973899444565,0.267889910377562,0.316123915021308,0.51485543421586,0.000920810329262167,0.123354123352328,0.00234035434550606,0.229057789285434,0.00308344583027065,0.0938337821571622,0.0029498526128009,0.130116771353642,0.000838222971651703,0.0471754225436598,0.00922344537684694,0.0123385935439728,0.201943589374423,0.316261498082895
0.0538440202944912,0,0.330569673911668,0.0423228344880044,12.4159182105213,0.29595827346202,0.420106942940038,0.0139745170599781,0,0.0802631613332778,0.155227715265937,0,2.57635649613803,0.00314218387939036,23.9843176335562,0.0372492835158482,0.114023594884202,0.00110680691432208,0.00957701518200338,0.0030200076289475,0.160506869666278,0.0542168654501438,0.353937874780968,0.18673989304807,2.20109980751295,0.421940919477493,2.92990968271624,0.361194032710046,3.57772829569876,0.00816326541826129,2.09041975927539,0.11872145626694,0.0545534539269283,0.0078554596984759,0.00555555545724928,0.007905138656497,0.0472334667574614,0.00394996698014438,0.0360962573904544,0.00360793748404831,0.01334816403687,0.00438116118311882,0.00706991372862831,0.00172860850580037,0.00416449783369899,0.0010660981060937,0.0255999993532896,0.000772499013692141,0.0123839015141129,0,0.0319704881403595,0,0.0286298578139395,0,0.0194476859178394,0.00218978093471378,0.0352240346837789,0.00104112445842475,0.0166458589956164,0,0.0330639231833629,0,0.0348902640398592,0,0.0464839091291651,0,0.00950783002190292,0.00177935947431251,0.00331308657769114,0,3.35781055851839,0.0380327869206667,1.24628316657618,0.00885515462141484,0.157512960024178,0.00208768271841109,0.135862915311009,0.00619962811470032,0.0276008506771177,0,0.120930232107639,0.000606980291195214,0.903189721866511,0.00769230804871768,0.0853400942287408,0.000455477100331336,0.249635026557371,0.00730371242389083,0.0379518080153503,0,0,0.0335329347290099
0.00273298704996705,0.0232492198701948,0.0632411101832986,0.784466036129743,0.161090461770073,21.3484273324721,0.0240963860414922,1.98740351822926,0.0802631613332778,0,0.00123839010484517,0.0366492150351405,0.0140894681680948,0.377401992795058,0.0593525193398818,12.391628170968,0.00126422254834324,0.0450885656755418,0.0523028874886222,0.0783733811695129,0.460618152748793,1.17680607433431,0.168362622556742,0.4890595098841,0.332580878632143,6.82543951412663,0.463593873777427,3.79226374893915,0.0399826155044138,1.09862893586978,0.841170303756371,2.59070795495063,0.0163160159136169,0.0415065328124911,0.0105633800849319,0.0187265919521451,0,0.156190469744615,0.00902061827946454,0.301338000339456,0.00418848171830177,0.163054703269154,0.013835510937497,0.0329113926272839,0.0101163377985358,0.0310559011995792,0.010954616474919,0.0340264642727561,0,0.00200904067605734,0.000604412227403373,0.00156433321535587,0,0.00131061603315175,0.0022839741432108,0.0579399156267755,0.00102118973154575,0.0143663422204554,0.000813338730949908,0.000774593325331807,0.00143988477066159,0,0,0.0107084017363377,0,0.00547195610124618,0.0181718054227531,0.0355892652296461,0.0182110334280878,0.0187416330445558,0.456885462044738,1.6546488921158,0.0199625696986914,0.938301801681519,0.017629774287343,0.345167657360435,0.0698224847437814,0.434991029673256,0,0.0203458801843226,0,0.045359596144408,0.0130222463048995,0.405117280315608,0.00208768266020343,0.0490218131162692,0.00140252453275025,0.387286620330997,0.00236966833472252,0.0154525386169553,0.178694166708738,0.179573521018028
5.23309887433425,0.00224341009743512,1.72509120643372,0.00673238764284179,0.035087718279101,0.00368324120063335,2.52788261775277,0.00886917929165065,0.155227715265937,0.00123839010484517,0,0.0010261673014611,9.08339161402546,0.00454373331740499,1.26204151497222,0.00548195536248386,6.53053648944478,0.0010515246540308,0.202229909424204,0.0211370270117186,0.0537428008392453,0.00366636109538376,0.0414381460286677,0.0181543109938502,0.00438596494495869,0.00527356611564755,0.044270834652707,0,3.2196581470198,0.00260869570774958,0.125960061326623,0.024905250989832,0.158783787628636,0.055282088695094,0.0374468078371137,0.00903342384845018,0.252377938013524,0.00123915739823133,0.192331868922338,0.00796359474770725,0.0724346050992608,0,0.00681559997610748,0.00166044000070542,0.008928571944125,0.00101471331436187,0.0339113681111485,0.00223546946654096,0.0186915880767629,0,0.0436081227962859,0,0.0294494242407382,0,0.0367591900285333,0.0176366840605624,2.82962594501441,0.00101600203197449,0.124099277018104,0,0.666666654869914,0,1.11752142268233,0.000810701283626258,0.118443322135136,0,0.052846634760499,0.00865301408339292,0.0944386096671224,0.00391389441210777,0.675455124350265,0.0580246939789504,2.2009745236719,0.00835322227794677,0.469811327755451,0.00759734073653817,0.409485261887312,0.0245901629095897,0.208293152041733,0,1.30691588716581,0.000589970499277115,1.53772580658551,0.00208877283148468,0.396355346805649,0,0.111945390934125,0,0.0702781858853996,0,0.0175438597798347,0.116129034664482
0.00801402423530817,5.03496495774016,0.0295471053104848,1.22092504778993,0,0.0405405408237129,0.00394866743590683,4.95243535930058,0,0.0366492150351405,0.0010261673014611,0,0,9.44754755194299,0.000781860842835158,0.429951695376076,0.00208768271841109,8.70641765627079,0.852900585450698,1.55709119222593,0.00897531816735864,0.0360750360414386,0.0430528385331854,0.0796189155662432,0.0024052916560322,0.0110375275835395,0.00436919694766402,0.0138728320598602,0.0106261860346422,11.1560693956562,0.149466190952808,0.426704016106669,0.187758167157881,1.11784739582799,0.0394557828549296,0.0228245370090008,0.0256410269066691,0.0607648007571697,0.0180275725433603,0.012664393754676,0.00310318078845739,0.00306983874179423,0.00340599450282753,0.0133136096410453,0.00259627861669287,0.03000882640481,0.00553633226081729,0.0100704934448004,0,0.0163440859178081,0.00274499034276232,0.00207540637347847,0,0,0.00472813221858814,0.0306709259748459,0.00658668548567221,1.28686203464167,0.00429645529948175,0.00685871054884046,0.00385604111943394,0.0814061057753861,0,0.380883419187739,0.000967118015978485,0.0743965163128451,0.0786686840001494,0.183413075865246,0.192639709217474,0.222100659040734,0.114406779874116,1.4725848461967,0.0103252450935543,2.81684416066855,0.00442804419435561,0.3115726984106,0.119565222179517,0.477284074528143,0,0.730447962298058,0.00134680129121989,0.309905031870585,0,0.214479639020283,0.00117096016765572,0.0891027008474339,0,0.017707820283249,0.00431266846135259,0.00353713997174054,0.271748140919954,0.0799999999580905
3.04429097496904,0.0029227557242848,2.53262152749812,0.0847111253533512,0.297532145632431,0.0441640366916545,10.8298299871094,0.0517380749806762,2.57635649613803,0.0140894681680948,9.08339161402546,0,0,0.00672703742748126,6.86664724047296,0.00878992112120613,1.0516696232371,0.00319897633744404,0.149542481405661,0.0176411285065114,0.0458958521485329,0.0138228945434093,0.304926771990722,0.186659770319238,0.0262345680966973,0.0313754116650671,0.0615942050353624,0.00902594975195825,4.45903499377891,0.00964812759775668,0.382751017808914,0.0892217539367266,0.21881960547762,0.0341526515549049,0.0291788237518631,0.0120120124192908,0.161370937945321,0.000704721605870873,0.132149199256673,0.00335345393978059,0.0468890899792314,0,0.0181112546124496,0.00165152759291232,0.00925925967749208,0.0012519562151283,0.0555119131458923,0.00102354143746197,0.0190359223051928,0,0.0748031509865541,0,0.0387652544304729,0,0.0493573285639286,0.0108401087345555,0.957528939470649,0.00271265266928822,0.094572814181447,0,0.519178415939678,0,0.604005183849949,0.00162557564908639,0.142809478216805,0.000578703708015382,0.0510725221829489,0.00980601154151373,0.0511182099580765,0.00145085237454623,1.71813983470201,0.0457102662767284,2.1758547910722,0.00896551751065999,0.456217154162005,0.00263504614122212,0.472739579156041,0.0177353343460709,0.0751879706513137,0,0.760194928036071,0.000866926740854979,1.6464907345362,0.000637145596556365,0.559061640640721,0.00035026270779781,0.174786164716352,0.00202565838117152,0.0982970494078472,0,0.0159176031593233,0.0752089123707265
0.0106723586213775,1.23610805079807,0.0987347054760903,3.28293827245943,0.00227272720076144,0.119266059016809,0.0298766725463793,10.3412908538303,0.00314218387939036,0.377401992795058,0.00454373331740499,9.44754755194299,0.00672703742748126,0,0.00184615381294861,0.91183875547722,0.00383435573894531,1.48563514859416,1.63768120307941,2.42079867818393,0.0226712672738358,0.0481231953017414,0.534082918893546,1.09005785745103,0.0042462843703106,0.029552715132013,0.00554894958622754,0.0346820818958804,0.0114217014051974,8.82750203995965,0.816326541826129,2.14114330452867,0.304023853386752,0.982359459274448,0.0416281222715043,0.0171919770073146,0.016380655230023,0.0530565161607228,0.0271528318990022,0.0182149364263751,0.00908632040955126,0.00300751870963722,0.00220507173798978,0.0217903424636461,0.00399600388482213,0.0243407702073455,0.0061418199329637,0.00817216001451015,0,0.0185614847578108,0.000461361021734774,0.00223276577889919,0.00078462139936164,0,0.00766493286937475,0.0340136050363071,0.00485535117331892,0.786758735164767,0.0051649926463142,0.00720620836364105,0.0042060986161232,0.0581639779848047,0.00139909063000232,0.410538515949156,0.00144927541259676,0.0770425589289516,0.0609703752561472,0.164346659614239,0.130660215276293,0.159523811715189,0.14728682115674,2.53548141336069,0.0205401298007928,1.90311678231228,0.00879335612989962,0.201960796257481,0.240795287943911,0.345825600321405,0,0.281732203322463,0.000546149618458003,0.226182320038788,0.00209132098825648,0.0606478285044432,0.00103163687163033,0.108898225065786,0,0.0278899075929075,0.00545206724200398,0.00731182791059837,0.171669301809743,0.249347927630879
0.452751337434165,0.00095808383775875,0.641008327249438,0.0520134230609983,5.32360756897833,0.211796248855535,0.83435585629195,0.0190305198775604,23.9843176335562,0.0593525193398818,1.26204151497222,0.000781860842835158,6.86664724047296,0.00184615381294861,0,0.029306648473721,0.80986544850748,0.00159299082588404,0.0355140175670385,0.0065612880862318,0.741368837188929,0.0341176457004622,0.383449004031718,0.186289575125556,0.815376826561987,0.27751646033721,1.67832167353481,0.238747552037239,9.74567688710522,0.00962530064862221,1.90866507327883,0.119706836238038,0.0947262365953065,0.0159999997122213,0.0336322886869311,0.016317016677931,0.327538882032968,0.00539811083581299,0.0963636370142922,0.00337980571202934,2.11603238806129,0.00123685842845589,0.0313846148201264,0.000662690552417189,0.0228571426123381,0.00232558138668537,0.122971283330116,0,0.0446631340309978,0,0.117260552942753,0,0.0930446774582379,0,0.147786257206462,0.00464576063677669,0.25892662248225,0.00263968325452879,0.0971998707973398,0,0.213660241104662,0.000807754462584853,0.162837566924281,0.00260078022256494,0.207388745679054,0.00140795495826751,0.0415887863200624,0.010304219846148,0.0230616305489093,0.00280112045584247,4.25703917781357,0.0744728581630625,2.41403824690497,0.00875273544806987,0.306770533323288,0.00601684732828289,0.319931571139023,0.0164005178958178,0.122721754596569,0,0.786845347145572,0.00250062526902184,9.46447200700641,0.00475435832049698,0.529606486670673,0.00157016678713262,1.57280616194475,0.00681721325963736,0.233101381338201,0.000468164798803627,0.00920447113458067,0.048083171248436
0.00472478161100298,0.10046330181649,0.0425726710818708,0.590541098616086,0.0813528359867632,9.99722748593194,0.0150801136624068,1.3729985661339,0.0372492835158482,12.391628170968,0.00548195536248386,0.429951695376076,0.00878992112120613,0.91183875547722,0.029306648473721,0,0.00371057516895235,0.462043494044337,0.146045915374998,0.284233005368151,0.511097030248493,2.77982774423435,0.193345551670063,0.465555205009878,0.478192326845601,3.11500976979733,0.623853229801171,4.4436549351085,0.0619130416889675,15.5477952004294,0.722668798174709,1.63056252675597,0.0985187772894278,0.176322411280125,0.0549707595491782,0.0365408055949956,0.020833333954215,0.786412271554582,0.0225776103325188,1.2533798472723,0.00130804441869259,0.515878137899563,0.0579345065634698,0.171875003201421,0.0486083881696686,0.0973663210170344,0.0753993596881628,0.237962097337004,0,0.0226120866136625,0.00103013135958463,0.00319386774208397,0,0.00571428565308452,0.00124960951507092,0.261127594858408,0.00534402136690915,0.0612701240752358,0.00395647867117077,0.00253485422581434,0.00238663493655622,0.0133222313597798,0.000830909819342196,0.0586275830864906,0.00259965338045731,0.0231297425925732,0.0813124130945653,0.213893059175462,0.051618188910652,0.0580270809587091,0.679511295282282,3.23433871904854,0.0395039052236825,4.60515601158841,0.0137931036297232,1.011334973271,0.203180213575251,1.87695052969502,0.00890585244633257,0.15157354157418,0.00124610587954521,0.475923541351222,0.00413736037444323,2.63999999861699,0.00260999248712324,0.28838875843212,0.00100000004749745,1.27408711751923,0.00708860764279962,0.0595521669310983,0.717346236342564,0.211604092619382
3.09795356722316,0.00735918502323329,0.41883716871962,0.00824042633757927,0.0197530873119831,0.00375939847435802,0.295123505580705,0.00811688310932368,0.114023594884202,0.00126422254834324,6.53053648944478,0.00208768271841109,1.0516696232371,0.00383435573894531,0.80986544850748,0.00371057516895235,0,0.0139111819444224,0.0724299042485654,0.0199188484693877,0.0436075334437191,0.00756143685430288,0.0190827943733893,0.00612792046740651,0.00599250942468643,0.00808625319041312,0.039920158451423,0.0028530671261251,3.21889898879454,0.0185266869957559,0.0437500022817403,0.0110253586899489,0.394860803557094,0.192484658095054,0.507880900986493,0.45810056431219,0.354922270867974,0.0708412369713187,0.107830555178225,0.0185507237911224,0.0894901189021766,0.00615384592674673,0.21242330793757,0.0378787869703956,0.256177509436384,0.0515995896421373,0.224043712078128,0.0294228591956198,0.343000016291626,0.0140210317913443,0.685972875973675,0.000780335569288582,0.223675595596433,0.00261096609756351,0.183061150251888,0.0292648104950786,5.11853149160743,0.0169057367602363,0.769168360624462,0.000772797502577305,1.82614941848442,0.00545256247278303,3.14627529110294,0.0106820050277747,1.36551723629236,0.0127330602845177,0.426058276207186,0.218986606225371,0.123865459579974,0.00533333327621222,0.45769232197199,0.0264650273602456,1.72902422235347,0.0182592810597271,0.323271673172712,0.00980392214842141,0.557783027179539,0.180298501858488,3.39243037998676,0.0121334684081376,7.38304315600544,0.013106940430589,2.98756078770384,0.00743889471050352,1.0337781435228,0.0103301143099088,0.266759768710472,0.00586510286666453,0.237729143234901,0.0011019284138456,0.0341296917758882,0.0602006705012172
0.0106436902424321,2.57420033530798,0.00783929415047169,0.231903782841982,0,0.0415556745138019,0.00199282585526817,0.33019773720298,0.00110680691432208,0.0450885656755418,0.0010515246540308,8.70641765627079,0.00319897633744404,1.48563514859416,0.00159299082588404,0.462043494044337,0.0139111819444224,0,0.167778164613992,0.407754018669948,0.018604651093483,0.03883495205082,0.0254957508877851,0.0345781474607065,0.00495049497112632,0.0203966007102281,0.00560538144782186,0.0249554361216724,0.0285935075953603,17.870487105567,0.0390731485676952,0.135560861090198,0.334862396470271,0.55520940781571,0.281096273101866,0.135793355293572,0.0219178083352745,0.208378093317151,0.0228385002119467,0.0249252247158438,0.00322061195038259,0.0191082805395126,0.0117687779711559,0.0639819365460426,0.0150176679599099,0.0919333059573546,0.0105522337253205,0.0231923602987081,0.00175361684523523,0.0500438993331045,0.00611790851689875,0.00421940919477493,0.00220994465053082,0,0.00549073424190283,0.100551412906498,0.0166508083930239,2.4076464222162,0.0254916251287796,0.0104566049412824,0.017618270649109,0.104018911370076,0.00377358496189117,4.31749554007547,0.00791687238961458,0.142741933290381,0.322020924417302,0.584118429105729,0.191272048745304,0.433464359724894,0.141227596905082,1.87044965615496,0.0253968257457018,6.26403330778703,0.00305810407735407,0.293620287673548,0.150733433198184,1.25357870291919,0.00622568093240261,17.7307085953653,0.00821074261330068,4.9318307043286,0.00281690148403868,0.466944045329001,0.00709080143133178,0.524714836792555,0.00116754230111837,0.0553877139464021,0.00764400768093765,0.0327282026410103,0.337931033223867,0.07979626650922
2.25489774980815,0.354088196589146,10.3170887840388,1.77007447654614,0.0600000000558794,0.0559006221592426,0.633199239091482,1.5870006387122,0.00957701518200338,0.0523028874886222,0.202229909424204,0.852900585450698,0.149542481405661,1.63768120307941,0.0355140175670385,0.146045915374998,0.0724299042485654,0.167778164613992,0,12.9298287128331,0.037204627529718,0.069676153245382,4.78079933466506,1.28098029526882,0.0112311018165201,0.0211038960842416,0.00886024988722056,0.0260285470285453,0.298752653819975,0.598706487799063,3.21034492400941,1.81746595149161,16.2986431349418,11.0830549219972,0.833176241256297,0.106134374625981,0.127575281600002,0.0242092933040112,0.109535067109391,0.0170055449707434,0.0257599167525768,0.00306905375327915,0.00334448169451207,0.00774731818819419,0.00404994946438819,0.00548320775851607,0.0180688872933388,0.0104654367314652,0.00134228193201125,0.00403090368490666,0.00325960415648296,0.000564493355341256,0.00318852136842906,0.000796178355813026,0.0221422640606761,0.0322580646607094,0.423006325552706,0.153153153893072,0.157329459267203,0.0039237670134753,0.0425079697743058,0.0127931772731245,0.0248315013595857,0.070298770442605,0.0132352943765,0.0150990877300501,0.483759218943305,0.240598102012882,6.57833841769025,0.491129024710972,1.07795275188982,2.59680566430325,0.459636913146824,1.09645447169896,0.0866965652676299,0.495000023511238,0.653961134958081,1.01242937520146,0.0120967738330364,0.0396140181692317,0.0226394249475561,0.0447313824552111,0.025450689252466,0.0356394127593376,0.0197368415538222,0.0198785194661468,0.00497512437868863,0.0208566107321531,0.0187987159297336,0.00173535791691393,0.485207083052956,0.440063937800005
0.137426902976586,3.78350520925596,0.380991065350827,10.6507907579071,0.00510390102863312,0.0735564564820379,0.0583617739321198,3.8489505686448,0.0030200076289475,0.0783733811695129,0.0211370270117186,1.55709119222593,0.0176411285065114,2.42079867818393,0.0065612880862318,0.284233005368151,0.0199188484693877,0.407754018669948,12.9298287128331,0,0.0487804878503084,0.132049516774714,0.404849037149688,0.982324567856267,0.00732302677351981,0.0314537785016,0.00685453182086349,0.0388118806877173,0.0641399389132857,1.0106194652617,0.897798250545748,1.49063676572405,4.77501457929611,7.19538987096166,0.181015447597019,0.0318616288132034,0.101987247820944,0.0488165686838329,0.116374488919973,0.0358146071084775,0.0489443364785984,0.00762631092220545,0.00750469032209367,0.0108602460240945,0.00450740521773696,0.0150277682114393,0.0298507473780774,0.0164281925535761,0.00128081976436079,0.0121794875594787,0.0013519603817258,0.00271296798018739,0,0.000753295666072518,0.0308839185163379,0.0580891688587144,0.0796670619165525,1.30773822017363,0.0373467122553848,0.0517380740493536,0.0148451488930732,0.0419343946268782,0.0081026335246861,0.128760189283639,0.00279427180066705,0.0349187236279249,0.621718146139756,0.800526676699519,6.19025393819902,5.63553198910085,0.508386122761294,3.44575639057439,0.101024890202098,2.39913235232234,0.0344186053844169,0.853009816724807,0.706633581547067,1.62973557366058,0.00470145751023665,0.0785984871909022,0.00743691937532276,0.0705357146798633,0.00874831748660654,0.0745424283668399,0.00642000345396809,0.0365853660623543,0.00234833668218926,0.0374823203892447,0.0359600446536206,0.00462865564622916,0.780219758511521,0.492079223273322
0.0460142560186796,0.0121868649730459,0.0260707646375522,0.0563856796361506,0.263208445627242,1.52802365343086,0.0202020205906592,0.0620832362619694,0.160506869666278,0.460618152748793,0.0537428008392453,0.00897531816735864,0.0458958521485329,0.0226712672738358,0.741368837188929,0.511097030248493,0.0436075334437191,0.018604651093483,0.037204627529718,0.0487804878503084,0,4.9895616970025,0.0958801507949829,0.0826771650463343,2.44179886789061,4.05303848907351,2.01515151327476,1.81774004828185,1.90625001420267,0.200236974284053,2.5398955460405,2.14574894926045,0.0296127574983984,0.0394282909110188,0.0106571938376874,0.00808080844581127,0.294300530571491,0.0998003990389407,0.222676209406927,0.129144852980971,2.46596861165017,0.0858585857786238,0.00492853636387736,0.0189204236958176,0.00854700850322843,0.0103016924113035,0.0272314675385132,0.0183397679938935,0.00140745949465781,0,0.00657894741743803,0.00100806448608637,0.00421052612364292,0,0.0292112957686186,0.049482682661619,0.0281100468127988,0.0120300753042102,0.0106044544372708,0.000995520153082907,0.0217687077820301,0.00478087656665593,0.0222222225274891,0.00862533692270517,0.0378983644768596,0.00493827182799578,0.0124223598395474,0.0189141862210818,0.035548685118556,0.0152008691802621,5.45361852273345,3.67063513258472,1.02330099267419,0.357142866123468,0.263392868917435,0.603174611460418,0.286481641232967,0.361313865752891,0.0235294108279049,0.0292682927101851,0.0562287914799526,0.0115190781652927,1.59370078146458,0.136607824009843,0.0384159357345197,0.0154878676403314,0.50644781626761,0.175843698321842,0.0313949331175536,0.00589970522560179,0.860000020824373,1.44654083065689
0.00893141934648156,0.0259740252513438,0.0122286763507873,0.134593987371773,0.0678899087943137,6.16322702262551,0.00618017592933029,0.125056842080085,0.0542168654501438,1.17680607433431,0.00366636109538376,0.0360750360414386,0.0138228945434093,0.0481231953017414,0.0341176457004622,2.77982774423435,0.00756143685430288,0.03883495205082,0.069676153245382,0.132049516774714,4.9895616970025,0,0.0566384714911692,0.0961076410021633,0.83975153695792,2.81551352981478,0.88386437157169,10.9220178807154,0.171074843034148,0.513529089046642,1.69640286150388,2.2538940096274,0.0443213293328881,0.0923965349793434,0.0392156867310405,0.0441176472231746,0.0611439850181341,1.55661271605641,0.101167315151542,5.64686209429055,0.0324825975112617,2.35056182183325,0.00673724734224379,0.0314192848745733,0.00825877510942519,0.0170454550534487,0.015748031437397,0.0462046194588766,0.00136054423637688,0.00545330625027418,0.00143626565113664,0,0.00200200197286904,0,0.0114122685045004,0.221830981783569,0.00471559073776007,0.022525193518959,0.00516795844305307,0.000971817295067012,0.00621118029812351,0.00460122688673437,0.00152788392733783,0.0147058831062168,0.00330578512512147,0.00718993437476456,0.0225225227768533,0.0468319565989077,0.0402084892848507,0.0350515476893634,3.69514570978936,10.104068107903,0.135310473502614,1.16801440017298,0.104627762921154,1.9265305288136,0.255574621027336,0.950218368321657,0.0168776363134384,0.0217864918522537,0.00757575780153275,0.0304209420573898,0.0227445038035512,0.711538470815867,0.00375058595091105,0.0407851114869118,0.00665188464336097,2.24170208733995,0.011220196262002,0.0206451620906591,9.21490005031228,1.92370569519699
0.0687194891797844,0.0300346553558484,7.20102515816689,2.18075003416743,1.38128616625909,0.538532382634003,0.901219153456623,2.0907572619617,0.353937874780968,0.168362622556742,0.0414381460286677,0.0430528385331854,0.304926771990722,0.534082918893546,0.383449004031718,0.193345551670063,0.0190827943733893,0.0254957508877851,4.78079933466506,0.404849037149688,0.0958801507949829,0.0566384714911692,0,16.0482211381895,1.68958618759643,0.44387917208951,0.229456392524298,0.126020242169034,0.266129024326801,0.308044821722433,10.551801051246,4.63079113536514,6.42842833488248,0.58140079153236,0.359614688437432,0.0570383928716183,0.0386895468691364,0.0166563843959011,0.0142901520594023,0.0082693446893245,0.00381388264941052,0.00227617600467056,0,0.00544959132093936,0.0027442371356301,0.00222283974289894,0.00568316364660859,0.00510204085730948,0.00163889641407877,0.00109349365811795,0.000401929253712296,0.000946969725191593,0.00188087776768953,0,0.00279459706507623,0.0103069682081696,0.0444126090733334,0.0215633417246863,0.0208434313244652,0.00141209695721045,0.0107986503280699,0.000572246091905981,0.00628571421839297,0.0122100129374303,0.00411643635015935,0.00414507789537311,0.070956784998998,0.030225710652303,0.0848896452225745,0.0215121795190498,0.406705978966784,0.830665010318626,0.131498467817437,0.218523011833895,0.0260416671517305,0.0402834769338369,0.167411375499796,0.137889691395685,0.00375234521925449,0.0128301886725239,0.0153381364652887,0.016341172013199,0.0370370360906236,0.0254022009903565,0.00960198207758367,0.0147203140659258,0.0103459423407912,0.0118835410103202,0.00436248275218531,0.00226800225209445,0.0433070864528418,0.140734951710328
0.0153583612991497,0.0346795442746952,1.41293532354757,13.6364340477448,0.39197880087886,1.49140889308183,0.457986122200964,4.38514530682005,0.18673989304807,0.4890595098841,0.0181543109938502,0.0796189155662432,0.186659770319238,1.09005785745103,0.186289575125556,0.465555205009878,0.00612792046740651,0.0345781474607065,1.28098029526882,0.982324567856267,0.0826771650463343,0.0961076410021633,16.0482211381895,0,0.457167092245072,0.940566421486437,0.0680918444413692,0.0940206167288125,0.183183187618852,0.618844956741668,4.5259940775577,4.95100456400542,0.689696233836003,0.217020109063014,0.0646651274291798,0.0143061520066112,0.023373588337563,0.033026113640517,0.0255714836530387,0.0138282389380038,0.00201612897217274,0.00900900887791067,0.00495731213595718,0.00823771732393652,0,0.00337723729899153,0.00725244043860584,0.00816548679722473,0.00198478333186358,0.0019867549999617,0.00138312586932443,0,0.00235109712230042,0.000782778894063085,0.0060175055405125,0.0141176468459889,0.0113222806248814,0.0219200320425443,0.00573394470848143,0,0.00367743644164875,0.00140007003210485,0.00768693216377869,0.0225629158085212,0.00289540365338326,0.00558659242233261,0.0231709933723323,0.0210904188861605,0.0227900561294518,0.0158541416749358,0.325977538013831,1.64291191287339,0.0911854114383459,0.468117032200098,0.0165853658691049,0.0851688680704683,0.192717915982939,0.177909568883479,0,0.0109343931544572,0.00654843100346625,0.0296803648234345,0.0229805010021664,0.0619621347868815,0.00378071822342463,0.0204528861213475,0.010590631281957,0.0381231671199203,0.00499432455399074,0.00300881155999377,0.063091479241848,0.267708347295411
