0,0.0323812983988319,5.01715920356219,0.0483575137332082,0.00675295433029532,0.00447052251547575,4.43320439080708,0.043988271499984,0.0328246488352306,0,4.625034463068,0.0198019808158278,2.45292621664703,0.0136413642612752,0.244600821984932,0.000482276343973354,2.16532136197202,0.0109631945961155,1.74797637810116,0.213149972259998,0.0198281568009406,0.00198347104014829,0.0560784305271227,0.0117493469151668,0.00416790711460635,0,0.00115440110675991,0.000591891119256616,3.17295662791003,0.0147513684933074,0.389186435611919,0.0161626695771702,1.19981431605993,0.269534685881808,0.0165026979520917,0.00524418242275715,0.586313721374609,0.00167738331947476,0.322029230184853,0.0135354624944739,0.439701905823313,0,0.00309940235456452,0,0.00200451025739312,0.00150300603127107,0.0236290684260894,0.00303161551710218,0.00102485262323171,0.000520156056154519,0.0202802359126508,0,0.000556947954464704,0,0.0556042020907626,0.0560980662703514,11.4217395323212,0.0190806585305836,0.863883850164711,0.0013089005369693,0.779874219442718,0.00258933199802414,0.627980908902828,0.0050285714387428,0.0764674169477075,0.000474946573376656,0.379280060296878,0.0258407746441662,6.2836839237716,0.113196811056696,1.07152718468569,0.0907319748075679,3.84641438256949,0.0269675293238834,0.625124290236272,0.0139720554579981,0.658643333707005,0.0695699839270674,0.0720538690802641,0.00200736033730209,0.310434789222199,0.00603204546496272,0.306519436649978,0.00104384135920554,0.334484321472701,0.00189155107364058,0.0509780695429072,0.00106809078715742,0.0859854835434817,0,0.0720720705576241,0.073611112893559
0.0323812983988319,0,0.024109392601531,5.41070822725305,0,0.0700344415381551,0.00694130090414546,5.56907087622676,0.00118413264863193,0.0294450728688389,0.00737797992769629,7.72580683475826,0.00346245407126844,1.43775280509726,0.00149031303590164,0.107107607356738,0.0314465406700037,2.9437901142519,0.28775692882482,2.91291945148259,0.0259297164157033,0.0566552893142216,0.0287712283898145,0.0351033103070222,0.00245098047889769,0.0111371626262553,0.00356083083897829,0.0115712551050819,0.0696022748015821,1.25267773354426,0.0899111316539347,0.137931033968925,0.316563832864631,1.38489132482209,0.0333769636927173,0.0324763180688024,0.0202546297805384,0.121194717183243,0.0390713466913439,0.0238955272361636,0,0.0200970196747221,0.00316598822246306,0.0211466170731001,0.00564681744435802,0.0148832441773266,0.0050102481036447,0.0110546097857878,0,0.0176000001956709,0.00337774431682192,0.00641025643562898,0,0,0.00760116259334609,0.0623145402933005,0.14581178323715,14.5841267833603,0.0904242997057736,0.113165512739215,0.032085560815176,0.677462153369561,0.0179396569146775,1.02102806864423,0.0055263884132728,0.101068998686969,0.283928568387637,0.554566547973081,0.639676147839054,2.4156678491272,0.1798071457888,1.26186391379451,0.0324920210987329,1.33879621437518,0.0205338816158473,0.482308482052758,0.199943845625967,0.989313875965308,0.00626086938427761,0.286109192529693,0.0142064373940229,0.698272565525258,0.00323537341319025,0.0733208450837992,0.00517819044762291,0.357497206772678,0.000609942071605474,0.0547945208381861,0.00568397110328078,0.0779783413745463,0.730920822825283,0.150807893369347
5.01715920356219,0.024109392601531,0,0.975569459988037,4.06528372620232,0.273626386304386,17.1357802298153,0.67373925098218,0.662139232736081,0.0417570504359901,1.29619559302228,0.0755000035860576,2.2424115370959,0.207121140905656,0.38115734315943,0.0323193913791329,0.182266011019237,0.0118191165965982,13.3143350247992,0.817815458867699,0.036929058318492,0.0181464671622962,7.21914379659574,1.43568825928378,0.226900581968948,0.156950680539012,0.0884855354670435,0.158720929641277,1.81598170619691,0.094746716786176,5.76494221994653,0.669232772663236,6.95377586857649,0.311457665782655,0.161270231299568,0.0147814909578301,0.323366559576243,0.00824628921691328,0.15997831011191,0.0165113175753504,0.137404585839249,0.000657462223898619,0.00655308016575873,0.00181323662400246,0.0177690039854497,0.000493461615405977,0.0109962609712966,0.00427441758802161,0.00302724516950548,0,0.0123974473099224,0.000442086660768837,0.00109529029577971,0,0.030244113295339,0.0348789493727963,1.06377979088575,0.0106419497751631,0.424255992402323,0.001722282031551,0.0919064384652302,0.000509813893586397,0.066753588616848,0.00541027961298823,0.0121854298631661,0.000468164798803627,0.44058375665918,0.0221637866343372,1.54260551894549,0.0396980718942359,1.13579578895587,0.460864808643237,1.96946993819438,0.0963464144151658,0.340480834245682,0.0241278126486577,0.474576291628182,0.0802801721147262,0.0118772678542882,0.00327868852764368,0.0660802403581329,0.00857249327236786,0.101423025829718,0.00513742619659752,0.0559357332531363,0.00562060880474746,0.0145560406963341,0.00683131895493716,0.0345969825866632,0.000702247198205441,0.0766881589079276,0.0965657937340438
0.0483575137332082,5.41070822725305,0.975569459988037,0,0.0904268728918396,1.8729918980971,0.51241755229421,16.6214528310229,0.0618875725194812,0.665674641611986,0.0223658041795716,1.66942912695231,0.112478032708168,2.49696977378335,0.0273972597788088,0.543936736299656,0.0105052529834211,0.268649665871635,2.04180060885847,15.1630759703403,0.0746138170361519,0.165597660467029,1.36784740694566,10.6542690548522,0.0834218906820752,0.626278104027733,0.0609819096280262,0.209302322706208,0.1282811150013,1.1588541753008,1.94544608192518,3.58358874212718,0.299957569048274,1.78552704921458,0.0343082128674723,0.0167824075324461,0.0465116288978606,0.120040180394426,0.100198418484069,0.0370822151890025,0.00655347021529451,0.0242173665901646,0.00812677782960236,0.031959630199708,0.00773430388653651,0.013645667640958,0.0171744013787247,0.0175194108160213,0.000464252545498312,0.0122352943872102,0.00171556006534956,0.00410846347222105,0,0.000498380279168487,0.0172933838621248,0.0640092009853106,0.0463344980962574,0.614586733980104,0.0369831696152687,0.0248546810471453,0.00695652177091688,0.118584484356688,0.00430725049227476,0.225523019325919,0.00388443795964122,0.0337954939459451,0.0865573771297932,0.142907554109115,0.329607609455707,0.639122678665444,0.351217105460819,3.94197111949325,0.0825943797826767,1.33498384011909,0.0789012250606902,0.600996799767017,0.360994838294573,1.26972388243303,0.00118518515955657,0.0801414283923805,0.00279720276012085,0.268301234173123,0.00570206693373621,0.11139957245905,0.00396263808943331,0.153504227520898,0.00105848105158657,0.121927710424643,0.0173070264281705,0.0437086099991575,0.813734422205016,0.41765603213571
0.00675295433029532,0,4.06528372620232,0.0904268728918396,0,0.37767683621496,0.196840301185148,0.0154746969637927,7.51358867785893,0.0390182504197583,0.0632511044386774,0.00105207785964012,0.209858106274623,0.000797766260802746,3.08113304350991,0.0483641551109031,0.0437299020122737,0,0.00473746529314667,0.00152905203867704,0.0769230788573623,0.060790276620537,0.90267795114778,0.22283034020802,6.39515519142151,0.550034056417644,8.00420429569203,0.862043232889846,0.975010965950787,0.019399538228754,7.0631968381349,0.21802001260221,0.0440334668383002,0.00158856238704175,0.0107816713862121,0,0.0158625254407525,0.00389863550662994,0.00377595971804112,0.00120772945228964,0.00656455149874091,0.0042417817749083,0.00161355384625494,0.000864677887875587,0.00307219661772251,0.00102354143746197,0.00898692820919678,0.00155038759112358,0.00214477209374309,0,0.016538689378649,0,0.00128783006221056,0,0.00711462437175214,0.00216216221451759,0.0114019172033295,0.000536624633241445,0.00590717303566635,0,0.0131771595915779,0.00109649123623967,0.0138248847797513,0,0.0155131270876154,0,0.00875034183263779,0.00248062005266547,0.00340522150509059,0.00135317991953343,2.83006936311722,0.0463022491894662,0.492021261015907,0.0112781954230741,0.0183861090335995,0.00619834684766829,0.0296662542968988,0.0136391818523407,0.0150214591994882,0,0.0530835276003927,0.00183654727879912,0.32276329875458,0.00780379062052816,0.0385031359328423,0.000464468175778165,0.0928143747150898,0.0105448155663908,0.0167916039936244,0.000556018901988864,0.00235849060118198,0.00237529701553285
0.00447052251547575,0.0700344415381551,0.273626386304386,1.8729918980971,0.37767683621496,0,0.105330220190808,1.185354712361,0.223287677159533,8.57001256616786,0.00747197982855141,0.101765321101993,0.0392156865564175,0.215639813162852,0.0853889936115593,9.28491109935567,0.016455696313642,0.0759075904497877,0.078967945126351,0.112078755162656,1.35636730422266,10.8379450980574,0.412698423664551,1.61982187535614,1.68053488677833,14.431057444308,1.63636365998536,14.6983894599834,0.0928013893426396,2.56073055276647,3.93291391059756,5.16511268680915,0.0592334500979632,0.0731419605435804,0.0492091393098235,0.080924856942147,0.0169050714466721,0.932225056341849,0.0371747219469398,3.05651390238199,0.00212992541491985,1.34090903471224,0.0327476032543927,0.0932420889148489,0.0121334684081376,0.0303183426149189,0.0323493732139468,0.0706333986017853,0,0.0251091707032174,0.00293169170618057,0.00489795918110758,0.00126742711290717,0.00250783702358603,0.00156555778812617,0.582857136614621,0.00514933082740754,0.0405117280315608,0.00918580370489508,0.00777907436713576,0.0050779833109118,0.0118983231950551,0.00454287324100733,0.0160880606272258,0.00352733675390482,0.0191082801902667,0.0689842492574826,0.140307689784095,0.0514829333405942,0.0971390522317961,1.37810942064971,5.81012662150897,0.0654022209346294,1.50030840188265,0.0537848621606827,0.737160120159388,0.185027381405234,0.927960961125791,0.00417972821742296,0.0286885229870677,0.00927715469151735,0.122721754596569,0.0323841414647177,1.28422210738063,0.00473321854951791,0.160701911430806,0.0117560615763068,4.86258657451253,0.002976190589834,0.15184980147751,0.520045844139531,0.235294109210372
4.43320439080708,0.00694130090414546,17.1357802298153,0.51241755229421,0.196840301185148,0.105330220190808,0,0.365786149224732,2.08385832607746,0.0248055489209946,2.91724580849404,0.0114420987374615,10.8398908209347,0.0849339214328211,1.00323744857451,0.0212241811677814,0.217658263340127,0.00564402318559587,1.28117875917815,0.140733060165076,0.0259865254629403,0.00673886900767684,2.30979141575517,0.775061140710022,0.0632657590904273,0.0452879021759145,0.0252448306418955,0.0501219789148308,3.30923096835613,0.0483780227077659,1.89031873602653,0.329842938983347,0.989887824631296,0.0742173772014212,0.0527914038975723,0.00526189903030172,0.274300362914801,0.0038240916619543,0.176581873674877,0.0107794361538254,0.0813326768111438,0.000972999259829521,0.00460421471507289,0.00109469078597613,0.00312438979744911,0,0.0160256409435533,0.00313152407761663,0.00278164108749479,0,0.0195300579071045,0,0.00211819526157342,0,0.0238680234178901,0.0376914031803608,0.870072598219849,0.00696156662888825,0.14590104308445,0.000350017508026212,0.237966102955397,0.00080128206172958,0.183115825522691,0.00326975475763902,0.027250207203906,0,0.123369965818711,0.00875958066899329,0.204462475609034,0.0150667244452052,1.03220373496879,0.198179119150154,2.08047943655401,0.0314861455990467,0.377622377331136,0.00531914908788167,0.468031745404005,0.0355574158311356,0.0160975609906018,0.00194221897982061,0.136125655844808,0.00310800300212577,0.126064049603883,0.0028214429912623,0.191759729903424,0.00107037730049342,0.0199822384456638,0.00451282053836621,0.0452099033282138,0,0.0273904390633106,0.0793017427786253
0.043988271499984,5.56907087622676,0.67373925098218,16.6214528310229,0.0154746969637927,1.185354712361,0.365786149224732,0,0.0153158901957795,1.48218330158852,0.0193934392300434,4.53764278726885,0.0703230136423372,9.61822280185879,0.00934754134505056,1.06902326186537,0.00622277555521578,0.418659821472829,1.6406277239148,3.53111185890157,0.0418429718411062,0.0916999760374893,1.26864732726244,1.89766488288296,0.0165685630054213,0.244561772880843,0.0149158321437426,0.0811808121507056,0.0667027209419757,1.60486094013322,1.5715672702645,3.57701426339918,0.260791033389978,1.585753842548,0.037451472657267,0.0191633561917115,0.0368277886882424,0.100728407269344,0.058908341336064,0.0304754168610089,0.00526315782917663,0.0152055118232965,0.00800696274382062,0.0193583081709221,0.00459858204703778,0.011111111351056,0.0136506828130223,0.0208689708088059,0,0.0130100532551296,0.00270595311303623,0.0028114567976445,0,0,0.0210489985183813,0.0470120822428726,0.0364912286750041,0.936936936923303,0.0287437902297825,0.0244322096987162,0.00933644536416978,0.148919455241412,0.00479808077216148,0.314474395854631,0.00283286126796156,0.0308880301890895,0.10226780368248,0.167000462883152,0.21360381640261,0.349494102527387,0.259022473124787,3.60091278795153,0.0536687634885311,1.14685318176635,0.0527679631486535,0.352857811289141,0.282555283920374,0.80262347671669,0.000952834670897573,0.133270098041976,0.00343170890118927,0.424001227365807,0.00198728143004701,0.0802371526369825,0.00430979850352742,0.213946108706295,0.00173837458714843,0.0965212122537196,0.00969550106674433,0.0375928910798393,0.484686448675347,0.302823766134679
0.0328246488352306,0.00118413264863193,0.662139232736081,0.0618875725194812,7.51358867785893,0.223287677159533,2.08385832607746,0.0153158901957795,0,0.0278514584060758,0.418666662182659,0,5.48864073643927,0.00164880463853478,17.3646348814946,0.0285996058955789,0.211668931413442,0.00116822426207364,0.00652528554201126,0.000788954610470682,0.0529217217117548,0.022075055167079,0.224756799289025,0.155026238411665,1.10161288629752,0.191642645630054,0.411589888273738,0.455555561813526,3.16909093048889,0.00767754297703505,3.16315215895884,0.14676761906594,0.0228310498641804,0.00164136232342571,0.0116279069334269,0.00214592274278402,0.0502793281339109,0.00823045265860856,0.00928381946869195,0.0012698412174359,0.0240096030756831,0.00696055660955608,0.0116763969417661,0.000896057346835732,0.0074786328477785,0,0.0295732999802567,0.00240096036577597,0.0168161443434656,0,0.0605143723078072,0,0.0149456524522975,0,0.027766436105594,0.00148478103801608,0.0402329280041158,0.00109709275420755,0.0227173445746303,0.000811359030194581,0.0535646923817694,0,0.0543806666973978,0,0.0614420070778579,0,0.0111856823787093,0.00254452927038074,0,0.00143163918983191,2.51264969876502,0.0379918594844639,0.654954316327348,0.00924092438071966,0.106904234737158,0.00225479132495821,0.0884840628132224,0.0143603135365993,0.0564042292535305,0.00229885056614876,0.222490933025256,0.00125549279619008,1.00652818381786,0.00116754230111837,0.132981069851667,0.000946745567489415,0.226294824155048,0.00492004910483956,0.0356484319781885,0,0.00260756188072264,0.0157687249593437
0,0.0294450728688389,0.0417570504359901,0.665674641611986,0.0390182504197583,8.57001256616786,0.0248055489209946,1.48218330158852,0.0278514584060758,0,0,0.0435663649113849,0.00363504193956032,0.369767440482974,0.00185528758447617,7.35197058651829,0.00737100723199546,0.0289389052195475,0.039907903643325,0.0379323165980168,0.113100847229362,0.375471703708172,0.125677829375491,0.365640449686907,0.229555238038301,1.24513618648052,0.149333331733942,1.15275815536734,0.0101954117417336,0.86773906176677,0.453987719491124,1.62159280874766,0.0230375419487245,0.0347356230486184,0.0219224286265671,0.0184162065852433,0.00630517024546862,0.127791562234052,0.00842358625959605,0.0786581858992577,0,0.094488188624382,0.00470219424460083,0.0259849121212028,0.00296150066424161,0.0108534778701141,0.007933359593153,0.0241236332803965,0,0.0127659570425749,0,0.00320256198756397,0,0,0.000768344209063798,0.0582865174510516,0.00152594101382419,0.0168421044945717,0.00163733109366149,0.00152730045374483,0.000713012472260743,0.00738007389008999,0.00110558315645903,0.0066390042193234,0.00114351056981832,0.00979519169777632,0.0214477209374309,0.0406306849326938,0.01634877466131,0.0116054154932499,0.141304345917888,1.48771495965775,0.0101458467543125,0.559616558835842,0.0209125473629683,0.165225739590824,0.0520402104593813,0.214709376567043,0.00199004984460771,0.009765625,0.000759013288188726,0.0413173660053872,0.00217509525828063,0.260310654295608,0.000425894366344437,0.0470427034597378,0.00141944643110037,0.624719107523561,0.00117370893713087,0.021253407059703,0.11074918974191,0.0808743198867887
4.625034463068,0.00737797992769629,1.29619559302228,0.0223658041795716,0.0632511044386774,0.00747197982855141,2.91724580849404,0.0193934392300434,0.418666662182659,0,0,0.00406917603686452,13.2380610108376,0.00622083991765976,3.13594044838101,0.00367985269986093,9.74444488459267,0.00430570496246219,0.270207843685057,0.0358075350522995,0.0417853740509599,0,0.0607611134182662,0.038124286220409,0.0274170273914933,0.00521512376144528,0.00536193046718836,0.00853485055267811,4.61040074937046,0.00896860961802304,0.188911710865796,0.0182501337258145,0.108732875902206,0.0418118457309902,0.0237691006623209,0.00371057516895235,0.325728768017143,0.00374064850620925,0.197097950847819,0.011621150188148,0.234933615429327,0,0.0188679238781333,0.000841042899992317,0.00991080305539072,0.000990589382126927,0.0382013535127044,0,0.0196891200030223,0.00106837612111121,0.0846131596481428,0,0.00988875143229961,0,0.0416184972273186,0.0408450689865276,3.26146775018424,0.00369198294356465,0.280903500504792,0.00229797017527744,0.559170535649173,0,1.06496387720108,0.00249791837995872,0.144744401564822,0.000893655058462173,0.0881246677599847,0.0103343460359611,0.0821018067654222,0.0272197007434443,0.718446608632803,0.0629629658069462,2.45251750852913,0.0144491270184517,0.538314163335599,0.00387221691198647,0.450386204291135,0.0357568531762809,0.401203613728285,0.00590551178902388,1.47392464708537,0.00180072023067623,2.45439638535026,0,0.369027292326791,0.000915122393053025,0.167023552581668,0.00451467279344797,0.0623529386939481,0,0.0262869670987129,0.114663730375469
0.0198019808158278,7.72580683475826,0.0755000035860576,1.66942912695231,0.00105207785964012,0.101765321101993,0.0114420987374615,4.53764278726885,0,0.0435663649113849,0.00406917603686452,0,0.00261181849054992,8.52835428970866,0,0.523656774312258,0.0185567017178982,6.39944899297552,0.661411935871001,1.49616799026262,0.0174799715168774,0.0583090400323272,0.0498984609730542,0.0835881789098494,0.00351699872408062,0.0151024805381894,0.0022075055167079,0.0231749704107642,0.0292573145125061,11.5725488451426,0.210758371045813,0.32065964769572,0.188253005035222,0.915604580543004,0.0520694281440228,0.0500715320231393,0.0231822961941361,0.0945945952553302,0.0385005085263401,0.0166585000697523,0,0.013554216362536,0.00628491601673886,0.025945145462174,0.00427716004196554,0.0265070549794473,0.0112954461947083,0.0155143343727104,0,0.0237226275494322,0.00212145317345858,0.00427046266850084,0,0,0.00754716963274404,0.0322784812306054,0.0438265783013776,1.89688715909142,0.0319419228471816,0.0307062431238592,0.00898299645632505,0.212765955657233,0.00282885425258428,0.493019832356367,0.00776322185993195,0.0383111812989227,0.142998507537413,0.25152354396414,0.319515597773716,0.665593112353235,0.141260157339275,2.3453609115677,0.0211752252653241,3.48813744611107,0.0322580644860864,0.607538797426969,0.156764852930792,0.864864852279425,0.00151860283222049,0.755988052114844,0.00475059391465038,0.459474279079586,0,0.113813674775884,0.00359424913767725,0.169686634500977,0,0.0372848945553415,0.0075268818764016,0.0281265694648027,0.747769643669017,0.224938869243488
2.45292621664703,0.00346245407126844,2.2424115370959,0.112478032708168,0.209858106274623,0.0392156865564175,10.8398908209347,0.0703230136423372,5.48864073643927,0.00363504193956032,13.2380610108376,0.00261181849054992,0,0.0168983369367197,12.8788903374225,0.0085600734455511,2.23555395990843,0.0040609136922285,0.253315291833133,0.0349391216877848,0.0372093031182885,0.0027919962303713,0.369791677687317,0.192473122267984,0.0708819990977645,0.0243253521621227,0.0254924674518406,0.033559727249667,5.81237298657652,0.0126239857636392,0.583908029017039,0.103378380881622,0.101369070005603,0.0336956506362185,0.0246153851039708,0.00275862071430311,0.270654205465689,0.00296186609193683,0.15848782856483,0.00567778572440147,0.102119462331757,0.000950118759647012,0.0280142817646265,0.00115107907913625,0.00770465517416596,0,0.0576177281327546,0.00320684141479433,0.0211430452764034,0.00134725496172905,0.115215476427693,0,0.0213627999764867,0,0.0460455036954954,0.0238760477514006,1.09300932753831,0.00572714250301942,0.172140426002443,0.00107874860987067,0.374422173248604,0.000669792352709919,0.565907501149923,0.000571591896004975,0.138830156356562,0,0.0676488880126271,0.00683838617987931,0.0451436407165602,0.0159090904053301,1.0637522873003,0.0618329050485045,2.10127533203922,0.0101522840559483,0.49883231415879,0.00751173729076982,0.458992801373824,0.0223423428833485,0.12798471772112,0.000946521526202559,0.700859308708459,0.00451569212600589,1.62773219571682,0.000676589959766716,0.43422644934617,0.000731528911273926,0.199359483725857,0.00278842798434198,0.0893929269514047,0.000420256343204528,0.0218905482906848,0.0788423152407631
0.0136413642612752,1.43775280509726,0.207121140905656,2.49696977378335,0.000797766260802746,0.215639813162852,0.0849339214328211,9.61822280185879,0.00164880463853478,0.369767440482974,0.00622083991765976,8.52835428970866,0.0168983369367197,0,0.00130123621784151,0.701290349767078,0.0078554596984759,0.99999999627471,1.26787747372873,1.64069859258598,0.0141485598869622,0.0384226499591023,0.437206991249695,0.767540173488669,0.0051903115818277,0.0243902433430776,0.00248138961615041,0.0197255579987541,0.0244498788379133,10.2737641772255,0.675713306525722,1.50376477965619,0.133660332649015,0.739811915089376,0.0247148287016898,0.0179640718270093,0.015175718581304,0.0490118567831814,0.033333333209157,0.0105780127923936,0.00524934381246567,0.0155118922702968,0.00749279547017068,0.0157384994672611,0.00339673919370398,0.00747028877958655,0.00872346572577953,0.00896107498556376,0,0.00285918521694839,0.000913867959752679,0,0,0.000780944945290685,0.00340812269132584,0.0212426972575486,0.0214432985521853,0.840186522866134,0.0160666467854753,0.0118744695209898,0.00429760944098234,0.0802841909462586,0.00513384683290496,0.283653856720775,0.00149981246795505,0.0151706705801189,0.0692771078611258,0.0977229593554512,0.17072284972528,0.284325628832448,0.131313134217635,2.83346431324026,0.0320641277357936,2.00773089448921,0.0192893405910581,0.315467084990814,0.144116524374112,0.480030721519142,0.00104004156310111,0.216271894751117,0.000562904577236623,0.270079857727978,0.000725426187273115,0.0689407512545586,0.00106875665369444,0.0860864615533501,0,0.0407709428691305,0.00462320836959407,0.0174367916770279,0.370853741536848,0.205128208734095
0.244600821984932,0.00149031303590164,0.38115734315943,0.0273972597788088,3.08113304350991,0.0853889936115593,1.00323744857451,0.00934754134505056,17.3646348814946,0.00185528758447617,3.13594044838101,0,12.8788903374225,0.00130123621784151,0,0.0156950672389939,1.4344957456924,0.00254237285116687,0.0135483876219951,0.00314169010380283,0.562057858216576,0.024453024729155,0.112978782563005,0.0671999983023852,1.26165254472289,0.0569744617678225,0.481444336473942,0.11215932527557,9.59199448028812,0.00878477306105196,1.16489795857342,0.0583509529824369,0.0451021827757359,0.0103727718815207,0.0261904771905392,0.0050632911734283,0.353846154175699,0.00854700832860544,0.0825602975091897,0.00449842569651082,0.73058745614253,0.0013245033333078,0.0682862782850862,0.00138888892251998,0.0198412701138295,0.0007933359593153,0.116749587468803,0.000635525910183787,0.050164474057965,0,0.264609146281146,0,0.0471698120236397,0,0.12657410162501,0.00598444021306932,0.288748296559788,0.00465766177512705,0.138917268253863,0.000642467057332397,0.215216731303371,0,0.259661304531619,0.000688705244101584,0.233615695382468,0.000729926978237927,0.0591856078244746,0.011075948830694,0.0120223275152966,0.00782396085560322,3.08837215881795,0.0424128177110106,1.91501695773331,0.0194174751522951,0.301423029974103,0.0091205210192129,0.309382156585343,0.0385321103967726,0.23749166703783,0.00263504614122212,1.04058809275739,0.00469483545748517,11.6202313703252,0.00338839483447373,0.721387285273522,0.00205212389118969,1.72779820952564,0.0193491639802232,0.289595092763193,0.00288184429518878,0.00989399268291891,0.0411639465019107
0.000482276343973354,0.107107607356738,0.0323193913791329,0.543936736299656,0.0483641551109031,9.28491109935567,0.0212241811677814,1.06902326186537,0.0285996058955789,7.35197058651829,0.00367985269986093,0.523656774312258,0.0085600734455511,0.701290349767078,0.0156950672389939,0,0.0195530728669837,0.307627830596175,0.0857325658435002,0.169523216784,0.345351030235179,3.72278483526316,0.140082076191902,0.295779124833643,0.363636354915798,1.05722601467278,0.306930702645332,2.61013440601528,0.0654140585102141,11.2813630755991,0.974151881877333,1.32245923782466,0.0803072602138855,0.0983606551308185,0.0644783099414781,0.112079697428271,0.0161443490651436,0.909943715669215,0.0137488541076891,1.05558026087238,0,0.828125024680048,0.0553385433158837,0.17825189611176,0.0369206605828367,0.0934432657668367,0.0769483736366965,0.160731167416088,0,0.0633333348669112,0.00251319434028119,0.010603048838675,0,0.000924641673918813,0.00384245929308236,0.462589093775023,0.00808625353965908,0.0856481466325931,0.020249747321941,0.0210258046863601,0.00842105271294713,0.0405461316695437,0.00515242607798427,0.0361774738994427,0.0123402383178473,0.0361532904207706,0.138352944224607,0.339968583546579,0.0441613574512303,0.137131824507378,0.632352943532169,3.19553076568991,0.0352885082829744,2.61763368558604,0.0229007634334266,0.676489446312189,0.150158298551105,1.32275611720979,0.0118032786995173,0.106217613909394,0.00760697317309678,0.364248720055912,0.0144128868705593,2.63259321078658,0.0088190181995742,0.275974694406614,0.0072576462989673,3.28782615700038,0.0030549899674952,0.151789978262968,0.57043717650231,0.0961672451812774
2.16532136197202,0.0314465406700037,0.182266011019237,0.0105052529834211,0.0437299020122737,0.016455696313642,0.217658263340127,0.00622277555521578,0.211668931413442,0.00737100723199546,9.74444488459267,0.0185567017178982,2.23555395990843,0.0078554596984759,1.4344957456924,0.0195530728669837,0,0.0447598260361701,0.0497667193412781,0.023352165648248,0.0272638760507107,0.0155945420265198,0.0180586902424693,0.00693107431288809,0.0147058826405555,0.0053050396963954,0.00954979541711509,0.00289855082519352,4.41810343181714,0.0762250456027687,0.050988556118682,0.0152422420214862,0.444155855686404,0.173640986904502,0.510416670469567,0.372623571194708,0.333762876340188,0.160963243339211,0.095823094015941,0.0401179939508438,0.159496318548918,0.0183299398049712,0.0802224005456083,0.0799319711513817,0.0953815225511789,0.0441545411013067,0.077201446518302,0.0305460090748966,0.0640756335342303,0.0281690140254796,0.361459839623421,0.0024350649327971,0.0238693464780226,0,0.0537173990160227,0.0426439242437482,5.34017463680357,0.044609664240852,1.12079700047616,0.0294003859162331,1.60952721664216,0.0300590437836945,2.6197184342891,0.0387205377919599,0.983090336434543,0.0171790239401162,0.598484847927466,0.281862755073234,0.126596331596375,0.100197756197304,0.464858188875951,0.0564617308555171,1.65651321667247,0.0550458702491596,0.471512787044048,0.0496524327900261,0.749547357670963,0.58474578789901,3.16374886035919,0.0343434358946979,4.88965777197154,0.0447670888388529,3.50692518346477,0.0218221498653293,0.89575292612426,0.0285385502502322,0.301090901484713,0.0148911805590615,0.0924718470778316,0.0148514850880019,0.0631341570988297,0.0476731010712683
0.0109631945961155,2.9437901142519,0.0118191165965982,0.268649665871635,0,0.0759075904497877,0.00564402318559587,0.418659821472829,0.00116822426207364,0.0289389052195475,0.00430570496246219,6.39944899297552,0.0040609136922285,0.99999999627471,0.00254237285116687,0.307627830596175,0.0447598260361701,0,0.119572954718024,0.324922228464857,0.0189723316580057,0.0743670904776081,0.023959269747138,0.0373897702083923,0.00625782238785177,0.010309278848581,0.00586854468565434,0.0222496907226741,0.0977326053543948,15.7936118699145,0.0648148136679083,0.100240963511169,0.44819467375055,0.543112682236824,0.274820141261443,0.198449611663818,0.00893854722380638,0.126651977188885,0.0150053582619876,0.021727885119617,0.00167926109861583,0.0278688524849713,0.00580551521852612,0.0540540530346334,0.0161434973124415,0.0600627516396344,0.0110091740498319,0.0133006653049961,0.000933706818614155,0.0527831079671159,0.00764400768093765,0.00814211665419862,0,0,0.000712504435796291,0.0393184809945524,0.0783365592942573,3.31168821954634,0.109557989635505,0.0665958193130791,0.0471917574177496,0.139933368831407,0.0168902144068852,4.83167563739698,0.0153609830886126,0.0595918367034756,0.56786982936319,0.845231334678829,0.309955871198326,1.123646694934,0.151612906367518,1.8089519937057,0.0336889398749918,4.12172994809225,0.00955414026975632,0.507630532607436,0.142480210633948,0.92063493328169,0.0132340779528022,9.7394133429043,0.0197252554353327,4.98476309806574,0.00978952506557107,0.177691941615194,0.0126530612178613,0.310713508864865,0.00371977686882019,0.0776209654286504,0.00498338876059279,0.0433660293929279,0.547555561643094,0.0786416451446712
1.74797637810116,0.28775692882482,13.3143350247992,2.04180060885847,0.00473746529314667,0.078967945126351,1.28117875917815,1.6406277239148,0.00652528554201126,0.039907903643325,0.270207843685057,0.661411935871001,0.253315291833133,1.26787747372873,0.0135483876219951,0.0857325658435002,0.0497667193412781,0.119572954718024,0,11.7495178051759,0.0458852851297706,0.0469061875483021,7.4856581587228,1.29342662356794,0.023952096235007,0.0168946103076451,0.010638298059348,0.0169635284692049,0.297149785328656,0.599622885463759,6.09793121763505,2.09733567852527,13.5285887006903,9.64016932359664,0.550234756548889,0.135960595216602,0.105138337938115,0.0422535206889734,0.132003065897152,0.01945379760582,0.0507509071612731,0.01020408119075,0.00400457647629082,0.010810811072588,0.00404040387365967,0.00471221830230206,0.00865800830069929,0.00444815121591091,0.000693962501827627,0.00070821528788656,0.00363388587720692,0.000581057509407401,0,0,0.0236819854471833,0.0263713067397475,0.529122232692316,0.180438451003283,0.277531751198694,0.0179623905569315,0.0368098163162358,0.0302710316027515,0.023247366771102,0.0554561706958339,0.00519866333343089,0.0068965518148616,0.76337183220312,0.270627056830563,8.88449109450448,1.37394787347876,1.60076923226006,2.61664079036564,0.531535092741251,0.79601988196373,0.160320643335581,0.477581867482513,0.478937384847086,1.38631175487535,0.0071831711102277,0.0304878037422895,0.0156468288041651,0.0667600375309121,0.0093424363876693,0.025613660691306,0.011702127289027,0.0278038703254424,0,0.0359765046159737,0.0160845588834491,0.00433463370427489,0.973726530559361,0.448628278565593
0.213149972259998,2.91291945148259,0.817815458867699,15.1630759703403,0.00152905203867704,0.112078755162656,0.140733060165076,3.53111185890157,0.000788954610470682,0.0379323165980168,0.0358075350522995,1.49616799026262,0.0349391216877848,1.64069859258598,0.00314169010380283,0.169523216784,0.023352165648248,0.324922228464857,11.7495178051759,0,0.0478927191579714,0.0910397683037445,0.355598271708004,2.36905401031254,0.00330441957339644,0.0256909299641848,0.00316580920480192,0.0213027446297929,0.088731141295284,0.921286329627037,1.61180023988709,0.954451309866272,1.61435783514753,4.11995563254459,0.0650700386613607,0.0274491242598742,0.0933792553842068,0.0538082597777247,0.135366306290962,0.0283018866903149,0.00595829193480313,0.0244738126639277,0.00558815314434469,0.0164078527595848,0.00327546673361212,0.00720366736641154,0.0135287479497492,0.013043477665633,0.000674536277074367,0.0068799447035417,0.00222915739868768,0.00170212774537504,0,0,0.0269972461392172,0.0412903213873506,0.254083483305294,0.778951704269275,0.127377522992902,0.0213933087070473,0.0302713994169608,0.0820793467573822,0.0183356846682727,0.12860051903408,0.00576368859037757,0.0207760462071747,0.30060961827985,0.227514445781708,4.14535287232138,4.00775798829272,0.6134923446225,3.81167607032694,0.130568356253207,1.71290800150018,0.123136125504971,1.0067698546336,0.612950698472559,2.42830812348984,0.00492125982418656,0.0672842517960817,0.0114691419876181,0.149301584577188,0.00558269349858165,0.0421561853727326,0.00698934134561568,0.0728819835057948,0.00246305420296267,0.0591378681710921,0.0175873734697234,0.0191611668560654,1.81519513484091,0.694129795534536
0.0198281568009406,0.0259297164157033,0.036929058318492,0.0746138170361519,0.0769230788573623,1.35636730422266,0.0259865254629403,0.0418429718411062,0.0529217217117548,0.113100847229362,0.0417853740509599,0.0174799715168774,0.0372093031182885,0.0141485598869622,0.562057858216576,0.345351030235179,0.0272638760507107,0.0189723316580057,0.0458852851297706,0.0478927191579714,0,2.14814809663221,0.0986582454061136,0.0581280805636197,1.7679697368294,2.5292242015712,0.972191280685365,2.10332099231891,1.22190534928814,0.212584001943469,3.45535048632883,1.06456692516804,0.0206540445797145,0.0190954771824181,0.01367521379143,0,0.190862949006259,0.128585553029552,0.282752118073404,0.0851063802838326,0.917098422534764,0.115662652999163,0.00717580760829151,0.0212885163491592,0.0014035088242963,0.0126227207947522,0.0187500009778887,0.0194931775331497,0,0.00312744337134063,0.00629811070393771,0.00210859254002571,0.00195121951401234,0,0.0409590398194268,0.0827770342002623,0.0114079854683951,0.0118787123938091,0.0130293164402246,0.00396432122215629,0.00816696917172521,0.00462962966412306,0.0132450331002474,0.00552791578229517,0.00174216029699892,0.00364741624798626,0.0159795468789525,0.0259547654422931,0.0194489462301135,0.0315789459273219,5.03696676483378,1.94157745875418,0.272540968377143,0.260299628134817,0.452328155748546,0.354545443318784,0.370642204768956,0.440553000546061,0.00990098994225264,0.0189125295728445,0.0127826946554706,0.0189850312890485,0.810985480435193,0.116903634974733,0.0180708191473968,0.0169401802122593,0.128712869249284,0.271416455507278,0.0320626996108331,0.0143369175493717,0.418750006239861,1.80254779756069
0.00198347104014829,0.0566552893142216,0.0181464671622962,0.165597660467029,0.060790276620537,10.8379450980574,0.00673886900767684,0.0916999760374893,0.022075055167079,0.375471703708172,0,0.0583090400323272,0.0027919962303713,0.0384226499591023,0.024453024729155,3.72278483526316,0.0155945420265198,0.0743670904776081,0.0469061875483021,0.0910397683037445,2.14814809663221,0,0.0623766263597645,0.0956136054592207,0.512626262148842,1.64255313947797,0.36748330690898,13.7783248857595,0.0639269379898906,0.925427914015017,1.6883308372926,1.07171000912786,0.0367393791675568,0.0653594807954505,0.0410958901047707,0.103305780794472,0.0609756074845791,1.32079212041572,0.0792452841997147,6.3708963629324,0.0051948050968349,3.81159415142611,0.0112820508657023,0.0459641278721392,0.0126404495676979,0.0182456147158518,0.0218863984337077,0.0497318382840604,0,0.0250391233712435,0.00490024511236697,0.0010548522695899,0.001953125,0,0.0109945030417293,0.463935897685587,0.0102102104574442,0.0393996235798113,0.00760456291027367,0.00892414525151253,0.00544711772818118,0.0138996136374772,0.00994200515560806,0.0110619468614459,0.00523103750310838,0.0085158150177449,0.0537084394600242,0.0853115721838549,0.0665044585475698,0.134878814220428,2.03984818072058,6.73294351994991,0.104615380754694,0.89409560803324,0.102222224697471,1.51252853684127,0.238751146243885,0.987084882799536,0.00992555823177099,0.0379146933555603,0.00491883896756917,0.0438276131171733,0.0210185933392495,0.632411055266857,0.00683927698992193,0.0619539330946282,0.00991325918585062,3.50254676188342,0.00855310074985027,0.0906127753551118,1.37931031174958,0.862619793042541
0.0560784305271227,0.0287712283898145,7.21914379659574,1.36784740694566,0.90267795114778,0.412698423664551,2.30979141575517,1.26864732726244,0.224756799289025,0.125677829375491,0.0607611134182662,0.0498984609730542,0.369791677687317,0.437206991249695,0.112978782563005,0.140082076191902,0.0180586902424693,0.023959269747138,7.4856581587228,0.355598271708004,0.0986582454061136,0.0623766263597645,0,8.92251468636096,4.11998615437187,0.459701500658412,0.862428487860598,0.593003099318594,0.289521830622107,0.278092148015276,9.90901155641768,4.31937783153262,3.86953089182498,0.541830706642941,0.597969171067234,0.125830405042507,0.0490356309455819,0.0337115086149424,0.0191387557424605,0.0199875086545944,0.0040650405571796,0.00562474899925292,0.00397515529766679,0.00881057238439098,0.00171477568801492,0.000571428565308452,0.00250375567702577,0.00920988825964741,0,0.00119296147022396,0.00283860493800603,0,0.00129073893185705,0,0.00392541708424687,0.013422818883555,0.064014802366728,0.0322397114359774,0.0265577130485326,0.00342130986973643,0.00981767193297856,0.00356083083897829,0.00548446050379425,0.00927118223626167,0.00931098737055436,0.00322667369619012,0.166826828382909,0.0528191144694574,0.14207981119398,0.0760581987560727,0.221796110679861,1.06481777108274,0.142950819805264,0.236791842151433,0.0435643558739685,0.0556881458032876,0.158027818542905,0.246913581504487,0.00322840991429985,0.00480576697736979,0.0082765338011086,0.0174527317285538,0.0126811592490412,0.0209580842056312,0.00680823472794145,0.0133287759963423,0.00138792500365525,0.0301260369014926,0.00409752101404592,0.00427765885251574,0.0526315798633732,0.102177553344518
0.0117493469151668,0.0351033103070222,1.43568825928378,10.6542690548522,0.22283034020802,1.61982187535614,0.775061140710022,1.89766488288296,0.155026238411665,0.365640449686907,0.038124286220409,0.0835881789098494,0.192473122267984,0.767540173488669,0.0671999983023852,0.295779124833643,0.00693107431288809,0.0373897702083923,1.29342662356794,2.36905401031254,0.0581280805636197,0.0956136054592207,8.92251468636096,0,1.11807023448637,1.42891277081799,0.247063580609392,0.301300880382769,0.153475768456701,0.506392247742042,3.27247860457283,3.73309846030315,0.450347128557041,0.241573036182672,0.113225057022646,0.0223844277788885,0.0195694723515771,0.0464936066418886,0.0266058539273217,0.0163083771476522,0.00408997945487499,0.0201511336490512,0.00340812269132584,0.0149031300679781,0.00267111859284341,0.00801068125292659,0.00744985655182973,0.0121479841182008,0,0.00351000344380736,0.000903342384845018,0.00115373521111906,0.00154142582323402,0,0.00615901476703584,0.0188629806507379,0.00571311957901344,0.0293562596198171,0.00527549808612093,0.00167224084725603,0.00211976678110659,0.00558269349858165,0.00287976954132318,0.0165729513391852,0.000735835172235966,0.00186625187052414,0.0391572680091485,0.0220295287144836,0.0378031394211575,0.0325396829866804,0.175238093361259,1.8613785126945,0.0542026719194837,0.409401068463922,0.027709053363651,0.089552243007347,0.148120302183088,0.216949151828885,0.00101317127700895,0.0150526844663545,0.00554938975255936,0.0273845433839597,0.00641025637742132,0.0437235557474196,0.00388349505374208,0.0201944658765569,0.00420521449996158,0.05820298101753,0.00594014173839241,0.00776029337430373,0.0793650804553181,0.153927821083926
