0,0.099611184472451,8.56428730033804,0.0414909759128932,0.0343642628286034,0.00628212478477508,9.55548754282063,0.0478596901812125,0.0596237366553396,0,8.09720646636561,0.0331950224936008,2.72001711139455,0.022202084743185,0.530239462852478,0.000971581263002008,4.04897262406303,0.016285789955873,3.1780945440405,0.411267610295909,0.170054203947075,0.00533689139410853,0.0755459368228912,0.0246575338533148,0.00418285047635436,0.00117543339729309,0.0153482876485214,0.00603136315476149,3.17304460704327,0.0164848483982496,0.653189837932587,0.0318302388768643,2.70121951471083,0.736536329612136,0.129510305298027,0.0363756602746435,0.308929092250764,0.00576701248064637,0.375035801553167,0.0292091486626305,0.224580618087202,0.00136798911262304,0.00575730722630396,0.00189663353376091,0.00305110600311309,0.00206878711469471,0.0547000687220134,0.0202375716180541,0.00952129089273512,0,0.0251454299141187,0,0.00803673919290304,0,0.0492804184905253,0.0698615536093712,11.0297065466584,0.034977265750058,0.440553000546061,0.00135074291029014,1.15545944077894,0.00366684142500162,1.29521768353879,0.00278228614479303,0.362595404440071,0.00242600683122873,0.379335251636803,0.0408009064849466,5.19362446339801,0.300178671721369,1.44265131244902,0.0759782916866243,3.90666286088526,0.0272676694439724,0.80888289376162,0.00681198900565505,0.800444095511921,0.0785634154453874,0.137789905304089,0.00339328136760741,0.770145335001871,0.010765090235509,0.569206007523462,0.0015772869810462,0.473072852939367,0.0029093261109665,0.0614558496163227,0,0.117963494936703,0.000722152006346732,0.0686239855713211,0.0635593221522868
0.099611184472451,0,0.0358187137171626,2.12054800149053,0.000587716698646545,0.113682979834266,0.00963480930658989,3.71079994377214,0.00118835410103202,0.0220545561751351,0.00286450871499255,6.03663376474287,0.0030454644584097,0.980809226632118,0.00302877346985042,0.101787487219553,0.0190531176631339,2.01667555916356,0.231870671210345,3.74988945940277,0.0579811398638412,0.0584393253666349,0.0180216261651367,0.0494057329487987,0.00429711473407224,0.0259505123831332,0.0024249772541225,0.0427641760907136,0.0585341837140732,0.970763159275521,0.0854838727391325,0.222765554790385,0.16095808474347,2.67077057374991,0.0271973470808007,0.0143100516870618,0.0659988233819604,0.288842866197228,0.0640423019649461,0.0350282493745908,0.019067796645686,0.0183421514229849,0.00361418561078608,0.0285783477593213,0.00312174833379686,0.00794070947449654,0.0192397938517388,0.0152568987687118,0,0.00159235676983371,0.00038167939055711,0.00140944329905324,0.00117820326704532,0,0.0213475646451116,0.071211461443454,0.125241187575739,8.98667648129049,0.0254057868733071,0.126349640049739,0.021604937617667,0.209171350579709,0.0158730159746483,0.346590919420123,0.00502933782991022,0.0624845065176487,0.0917936486075632,0.270893367851386,0.298555366345681,0.962373855290934,0.307601289823651,1.30070336145582,0.0415224898606539,2.05877323821187,0.0215053762076423,0.377941708662547,0.254980072379112,1.40374093700666,0.00211044674506411,0.212736183777452,0.00628789566690102,0.524545276653953,0.00329760939348489,0.0511440099216998,0.00489296624436975,0.159068549837684,0.00061293289763853,0.0139781943289563,0.0250195469707251,0.00807339430321008,0.569758970523253,0.288734972476959
8.56428730033804,0.0358187137171626,0,0.566666660597548,1.54588823730592,0.181360192364082,16.3617895161733,0.293866751831956,0.218377763812896,0.0393788132932968,1.17666398012079,0.0656990063725971,2.16817314890795,0.0829431416932493,0.195536150597036,0.00716332375304773,0.355960264569148,0.00670448702294379,9.18530069541885,0.489543327596039,0.048957988852635,0.00325839035212994,4.79511066293344,1.55246016365709,0.187829143018462,0.19286126102088,0.105232724570669,0.0891644562361762,1.9592995592393,0.0219256439013407,6.41082497959724,0.418120282527525,8.40369101089891,0.507259132078616,0.313700792030431,0.0252019396866672,0.246482833055779,0.00226052547805011,0.121212126687169,0.00756756775081158,0.0655080226715654,0.000667779648210853,0.00174405926372856,0.00139892750303261,0.00849150825524703,0.00152361608343199,0.0203527814301196,0.010829543316504,0.00103842164389789,0,0.00370370369637385,0.000452796026365831,0.00112517585512251,0,0.0154605974676087,0.0264372638775967,0.825115144718438,0.0145102780661546,0.184085240180138,0.001329492602963,0.11712095074472,0.0020570841152221,0.110120609169826,0.00319343063165434,0.0342337526381016,0.00143095632665791,0.31781701152795,0.0257222733052913,1.14776812668424,0.0793234193697572,1.66902010096237,0.22172453161329,1.47960313619114,0.0354706679354422,0.202431816374883,0.01064183562994,0.46216655272292,0.0429160947678611,0.0186480181291699,0.00265076220966876,0.0936483868863434,0.00568936084164307,0.074230064463336,0.00258064508670941,0.0570149236009456,0.00255672750063241,0.0105170903261751,0,0.019711903296411,0.000356506236130372,0.0338164238492027,0.0447812624042854
0.0414909759128932,2.12054800149053,0.566666660597548,0,0.0300178076140583,2.78812485642266,0.295562255952973,15.9419558099471,0.0313302504364401,0.802214350318536,0.00547399831702933,1.5413271082798,0.0558048764360137,1.92705537716392,0.00356347439810634,0.0851624251808971,0.0120240482501686,0.0739519541675691,0.858789608639199,10.1333595384203,0.0342081979615614,0.0192027924349532,1.45635643601418,13.1479556579143,0.020602217875421,0.455491950560827,0.00522602582350373,0.0367509971838444,0.0635611675679684,0.482033306616358,3.40677959716413,9.12425743846688,0.232617485249648,1.62881568702869,0.0299181478330866,0.00750794081250206,0.037735850783065,0.0696186292916536,0.0483214654377662,0.0117994104512036,0.0136904767132364,0.0047576567158103,0.00121089810272679,0.0103070649784058,0.00137236961745657,0.00371574540622532,0.0100208767689764,0.00521564690279774,0,0.000931098707951605,0,0.000417972827563062,0,0,0.0187064679921605,0.0331125834782142,0.0189436499495059,0.208543124317657,0.00585896638222039,0.0254046302870847,0.00473933655302972,0.0549682886630762,0.006217121030204,0.0542929279909004,0.00389578775502741,0.02718702115817,0.0321338921785355,0.0777952197240666,0.0656352541409433,0.213326321973,0.312611923727673,3.32690363773145,0.0320320315659046,0.635755058377981,0.0082087367773056,0.162962959439028,0.37456702493364,0.509118163201492,0.00177988735958934,0.038393386057578,0.00361373208579607,0.110618680715561,0.000959923199843615,0.0122554793488234,0.00198075838852674,0.0443706621299498,0,0.00341047506663017,0.0127569098258391,0.00267648044973612,0.192284134449437,0.352185878902674
0.0343642628286034,0.000587716698646545,1.54588823730592,0.0300178076140583,0,0.505319132935256,0.196641622605966,0.0046511629188899,5.60466697742231,0.0403383227530867,0.0897598009323701,0.00215285248123109,0.214285718277097,0.000827814568765461,5.51777894049883,0.0405851807445288,0.133762053214014,0.00221116631291807,0.0115654685068876,0.00458540325053036,0.255765190348029,0.082000003894791,0.48816857667407,0.141057932283729,2.24017798819114,0.623487549601123,4.29640283668414,1.25796660524793,1.9749651721213,0.0470145751023665,3.59690766118001,0.180586911737919,0.169461607933044,0.00888171157566831,0.041591321118176,0,0.109090904588811,0.0122448981273919,0.014715718687512,0.00122624158393592,0.793066087178886,0.00647948146797717,0.00555996835464612,0.00270270276814699,0.00206718337722123,0.00107009091880172,0.0084997876547277,0.00156985875219107,0.00448682019487023,0,0.00480336230248213,0,0.0134589499793947,0,0.0162287475541234,0.00222469418076798,0.0490506305359304,0.00107526883948594,0.00768573844106868,0,0.0106585460016504,0,0.0435530075337738,0,0.0167664673645049,0.000941619568038732,0.0135669875890017,0.00182038836646825,0.0131219238974154,0.0029411765281111,2.60054352669977,0.101131068076938,1.42912127939053,0.0350877190940082,0.123203289695084,0.0149253734853119,0.082242988049984,0.014048530953005,0.0963597418740392,0.00210748147219419,0.192610056255944,0.00249687884934247,0.963005758821964,0.0265780733898282,0.0716907813330181,0.00047744091716595,0.158050218364224,0.00359712238423526,0.0324290602002293,0,0.012062726309523,0.00239808158949018
0.00628212478477508,0.113682979834266,0.181360192364082,2.78812485642266,0.505319132935256,0,0.141534387250431,1.05822785524651,0.30947512970306,12.5921141519211,0.00125628139358014,0.141327621415257,0.0355819137766957,0.269579558400437,0.0727096441551112,5.25692829163745,0.00894568674266338,0.188015394145623,0.0378445095848292,0.111153408302926,1.83817437058315,8.73861413402483,0.169305338407867,0.857859524781816,0.67844002880156,11.8925792048685,1.39999998500571,12.4924694141373,0.0516843548975885,3.61909208376892,3.43437676026952,8.92817099811509,0.0219683657633141,0.0780056282528676,0.0161290322430432,0.0231660227291286,0.014715718687512,0.698648665565997,0.030564782791771,1.47836679802276,0.00428724521771073,1.02564107626677,0.0324367096764036,0.156053807353601,0.00719794374890625,0.0627993638627231,0.0380871767993085,0.139171230024658,0,0,0,0.00169635284692049,0,0,0.000769822916481644,0.291835970419925,0.00368227250874043,0.0638069697888568,0.00255102035589516,0.00325998361222446,0.00227531284326687,0.0174863394349813,0.00341880333144218,0.00946236553136259,0.0011904762359336,0.0234301784075797,0.0287485893932171,0.107682997477241,0.0152256668079644,0.0846715294755995,1.21997296996415,8.09649736038409,0.0216698532458395,3.24034858564846,0.0284552834928036,0.502109680324793,0.143653252162039,1.11040606861934,0.00211864407174289,0.054223149549216,0.00548159750178456,0.0746733066625893,0.00114942528307438,2.06828185357153,0.00172376644331962,0.0509645160927903,0,1.13230035058223,0.00248678890056908,0.019149535568431,1.72348032309674,0.324644561856985
9.55548754282063,0.00963480930658989,16.3617895161733,0.295562255952973,0.196641622605966,0.141534387250431,0,0.131924763321877,1.95366446205298,0.0218866276554763,4.85955784586258,0.0151329246291425,12.5388116748945,0.0341409686661791,0.485742389719235,0.00388274114811793,0.389797245443333,0.00165255111642182,1.19530530410702,0.135599217494018,0.0396387357614003,0.00148809532402083,1.45823120838031,0.721832261013333,0.0739557177876122,0.104124405886978,0.0199004973983392,0.0404597704764456,3.59915214538341,0.0108548172283918,1.92153625341598,0.216902579326415,1.13854287611321,0.119803954730742,0.0502658286131918,0.00837851181859151,0.124861637712456,0,0.129003752372228,0.00386017575510778,0.0394437426002696,0.00151591713074595,0.0010810811072588,0.00114242197014391,0.000402657547965646,0.000408079969929531,0.0103992571821436,0.00465949805220589,0.00290758052142337,0,0.00565770867979154,0,0.00309871620265767,0,0.0124555161164608,0.0171059518179391,0.776670551567804,0.00503554521128535,0.0390770376543514,0.000365230109309778,0.2254815378692,0.000412201159633696,0.253297046292573,0.00112212458043359,0.0935772003140301,0.000387897598557174,0.0529680390609428,0.0060050571046304,0.147294793219771,0.0255009105894715,1.65985794021981,0.086438808706589,1.91287294967333,0.0129645637935027,0.233150274900254,0.0050377834122628,0.602976068970747,0.0221835584670771,0.0231971760513261,0.00150715908966959,0.158177906210767,0.000962155259912834,0.0789584181038663,0.000413393951021135,0.184262040245812,0.000276969949482009,0.00957592317718081,0,0.030774163082242,0,0.0207200204022229,0.0325918276794255
0.0478596901812125,3.71079994377214,0.293866751831956,15.9419558099471,0.0046511629188899,1.05822785524651,0.131924763321877,0,0.00511399959214032,1.47244921000674,0.0103777500044089,5.07145657105139,0.0192437546211295,6.72717601366458,0.000378143304260448,0.4171802130586,0.00584429153241217,0.25569871882908,0.994873607007321,3.6172902394319,0.0176610980997793,0.0245514633134007,0.936560693662614,3.5838376848842,0.0226826604921371,0.184443009435199,0.00605274521512911,0.0333772511221468,0.0222510664025322,1.67667349148542,2.69031110900687,7.60423309227917,0.242093793174718,1.80640646140091,0.0179640713904519,0.00656968570547178,0.0385511537606362,0.0977475580293685,0.0490382593125105,0.020135606668191,0.0149074297805782,0.00720807307516225,0.00139033712912351,0.00916422286536545,0,0.00313418218865991,0.00894614422577433,0.00968188128899783,0,0.00471050036139786,0.000609106151387095,0.000716332404408604,0.000423549354309216,0,0.0116758244694211,0.0364065397297964,0.0313033571001142,0.554054069856647,0.00573682319372892,0.0415492943138815,0.00545795680955052,0.0767405082588084,0.00562136102234945,0.170419742382364,0.00203832038096152,0.0279850748484023,0.0330676129087806,0.104715245193802,0.0592300115386024,0.174064398743212,0.290144425816834,4.97657728521153,0.0208550569368526,0.964403972611763,0.0080760094569996,0.14374700258486,0.300351165409666,0.457725950545864,0.000959232624154538,0.107048987410963,0.00484429072821513,0.256211175292265,0,0.0206267349421978,0.00177958569838665,0.0805387172149494,0,0.00326264277100563,0.0117957476759329,0.00560720093199052,0.133333330741152,0.310073704225942
0.0596237366553396,0.00118835410103202,0.218377763812896,0.0313302504364401,5.60466697742231,0.30947512970306,1.95366446205298,0.00511399959214032,0,0.0226666664239019,0.341747559607029,0.00219659530557692,7.97510370658711,0,23.5605172334472,0.0163304510060698,0.212121214368381,0.00112866819836199,0.00587248324882239,0.00155038759112358,0.0588876747060567,0.047767395619303,0.18307086545974,0.127078887308016,0.638719488400966,0.355263160541654,1.06282334635034,0.513661193544976,4.98584913089871,0.0210526313167065,0.748590719886124,0.126801154110581,0.0125616869190708,0.00327868852764368,0.00374181475490332,0.00202224473468959,0.0414364656899124,0.00558269349858165,0.0342935527442023,0,0.0203160275705159,0.00449943775311112,0.00483675941359252,0.000916170421987772,0.00316122220829129,0,0.0181347149773501,0.000796495412942022,0.00114547542762011,0,0.0121432903688401,0,0.0234644573647529,0,0.0109760876512155,0.00225563911953941,0.0655126471538097,0,0.00520607375074178,0,0.0131274128798395,0,0.0503512859577313,0,0.0110226573888212,0,0.00171379605308175,0,0.00669642887078226,0.00151171581819654,2.27874559233896,0.0395634381566197,1.76478313503321,0.011545863118954,0.241195298265666,0.0110987795051187,0.178571424912661,0.00654022209346294,0.120401341002434,0,0.253689670935273,0.000631512491963804,0.385115195531398,0.0079140760935843,0.0622551161795855,0,0.0971905812621117,0.00490496633574367,0.0189274444710463,0.000570776232052594,0.0101010100916028,0.0200752820819616
0,0.0220545561751351,0.0393788132932968,0.802214350318536,0.0403383227530867,12.5921141519211,0.0218866276554763,1.47244921000674,0.0226666664239019,0,0,0.0473435036838055,0.0058586597442627,0.666937759378925,0.00572519085835665,10.5864940283354,0.00250312895514071,0.0431965431198478,0.00730519479839131,0.0308270679670386,0.144433300942183,0.713326951023191,0.0786445006378926,0.512989680748433,0.130747125949711,2.87845314992592,0.0976971362251788,1.37252018903382,0.0109090909827501,1.3788018594496,0.848975155968219,4.85509659140371,0.00346470344811678,0.0142857144819573,0.00348128797486424,0.00374181475490332,0.00785340322181582,0.104428292484954,0.00780234066769481,0.102747905766591,0.00414078682661057,0.115583080798388,0.00702850450761616,0.0326999552198686,0.0010111223673448,0.0156903761671856,0.0041736225830391,0.0339637203142047,0,0,0,0.000836470106150955,0,0,0,0.0357664219336584,0.000521512411069125,0.0180706883547828,0,0.00160836346913129,0,0.00644122366793454,0,0.00508905854076147,0,0.00276880472665653,0.00670203845947981,0.0221623245161027,0.00427350448444486,0.0171062014997005,0.23234324157238,3.87063392996788,0.00873907597269863,0.727272699121386,0.00589970522560179,0.122324153780937,0.0703883501701057,0.251087629701942,0,0.0120967738330364,0.000773096224293113,0.0178626421256922,0,0.628447797847912,0.000427899009082466,0.0118147450848483,0,0.183518404955976,0.000615384604316205,0.00334821443539113,0.190366964321584,0.134549597278237
8.09720646636561,0.00286450871499255,1.17666398012079,0.00547399831702933,0.0897598009323701,0.00125628139358014,4.85955784586258,0.0103777500044089,0.341747559607029,0,0,0.00513874634634703,19.7399129609694,0.00319488812237978,3.59925263380865,0.000906207540538162,12.0693847804796,0.00421718508005142,0.200876846211031,0.036229204502888,0.143953930819407,0.00735294120386243,0.0315159151796252,0.0178137648617849,0.0250521926209331,0.00401875411625952,0.0338294979883358,0.00142247509211302,4.10244990081992,0.00270880357129499,0.123222750378773,0.0129032260738313,0.12574341148138,0.0499025359749794,0.0217755441553891,0.00897666090168059,0.162746340036392,0.00385109125636518,0.20088438782841,0.00698080309666693,0.150346185080707,0,0.0122793549671769,0,0.00296589208301157,0,0.0278574352851138,0.00606980267912149,0.0042757885530591,0,0.0111143613466993,0,0.0139771277317777,0,0.0254110612440854,0.0208258519414812,2.58092793059768,0.00262605055468157,0.0345679011661559,0,0.352117875474505,0.00314465397968888,1.57337700529024,0,0.151308300206438,0.000904159154742956,0.0248207378899679,0.00354609929490834,0.0584246190264821,0.0193370173219591,0.962820542859845,0.0238843497354537,2.01457187219057,0.0095011880621314,0.380414305487648,0.00584795325994492,0.451269953045994,0.0278113672975451,0.495107628405094,0,1.63829789217561,0,3.18591857887805,0.00105596624780446,0.408137305872515,0,0.122052708640695,0,0.0685887729050592,0,0.0327153748366982,0.0477223433554173
0.0331950224936008,6.03663376474287,0.0656990063725971,1.5413271082798,0.00215285248123109,0.141327621415257,0.0151329246291425,5.07145657105139,0.00219659530557692,0.0473435036838055,0.00513874634634703,0,0.00262123206630349,12.7287768569076,0.000827472074888647,0.554973833844997,0.0218863984337077,7.82604706840357,0.719569091219455,1.29285478277598,0.0925644908566028,0.077712609898299,0.0620469697751105,0.159504740091506,0.00350262690335512,0.0350480512715876,0.00342075247317553,0.083234243793413,0.0206267349421978,12.9731030445546,0.350344830716494,1.05711611569859,0.140684407379013,1.26575150748249,0.00952380965463817,0.0330935248639435,0.0746349364053458,0.190839686547406,0.0699300674023107,0.0240601496770978,0.0155400158837438,0.0263565890491009,0.0124913250328973,0.119969036895782,0.00956937816226855,0.0420958349714056,0.0184026503120549,0.0528846167144366,0,0.00809716625371948,0.00108254398219287,0.00147492624819279,0.0010810811072588,0,0.0108401086181402,0.0574975479394197,0.0202117420267314,0.988246791996062,0.0118255726993084,0.0370370368473232,0.00735539937159047,0.0906593410181813,0.00853485090192407,0.258305346593261,0.00688298942986876,0.0442122179083526,0.0538185570621863,0.178688531101216,0.0574555390630849,0.262180965626612,0.300653587561101,2.92876267014071,0.0301612053299323,5.8734691333957,0.0149476830847561,0.539170506410301,0.245810061460361,1.21243528439663,0.00924499263055623,0.859101321548223,0.00343878957210109,0.715246672742069,0.000955109833739698,0.143778803525493,0.0016016016015783,0.0694047875003889,0.00116414437070489,0.0216535432264209,0.00896107498556376,0.00307298346888274,0.474434201954864,0.265442396281287
2.72001711139455,0.0030454644584097,2.16817314890795,0.0558048764360137,0.214285718277097,0.0355819137766957,12.5388116748945,0.0192437546211295,7.97510370658711,0.0058586597442627,19.7399129609694,0.00262123206630349,0,0.00387811631662771,16.2094237993006,0.0006036824779585,2.49254266207572,0.00133200129494071,0.123928083106875,0.0278142230818048,0.061452514724806,0.000911577022634447,0.244917040108703,0.176174497464672,0.0314589077606797,0.0284724899684079,0.0425696582533419,0.00955414026975632,9.43718334520236,0.00180668465327471,0.321464222331997,0.0458530024625361,0.116184968501329,0.0310542080551386,0.0147826090105809,0.00180180184543133,0.125419937074184,0.00150150153785944,0.151729266392067,0.00566371669992805,0.0538497864617966,0.000943396240472794,0.00754310342017561,0.00175746926106513,0.00383509125094861,0,0.0327036941889673,0.00481026212219149,0.00671817280817777,0,0.0114917129394598,0,0.0186567165656015,0,0.0211528292857111,0.0133641744032502,0.907340533216484,0.002035002107732,0.0248868789058179,0,0.254907095455565,0,0.880571596091613,0,0.100558656267822,0,0.0287404900882393,0.0057906458969228,0.0330797221977264,0.0125293657183647,1.86121531552635,0.0207638123538345,2.21576464537065,0.00501792097929865,0.331180815817788,0.00375234521925449,0.537334748543799,0.0130434787133709,0.181390982004814,0,0.888710508064833,0.000909504306036979,1.00615599233424,0,0.394506435695803,0,0.0965463132597506,0,0.0704385360586457,0,0.0197726138867438,0.0364891523495317
0.022202084743185,0.980809226632118,0.0829431416932493,1.92705537716392,0.000827814568765461,0.269579558400437,0.0341409686661791,6.72717601366458,0,0.666937759378925,0.00319488812237978,12.7287768569076,0.00387811631662771,0,0,0.301874388882425,0.00403714162530378,1.5210545361042,0.615614718699362,1.2223791522556,0.0351812375010923,0.03642039722763,0.240578973665833,0.729418917617295,0.00176133867353201,0.0524280173704028,0,0.0267857144353911,0.0181877226568758,9.53689750964986,0.753018650051672,2.59094291133806,0.0984943527146243,0.620770841196645,0.0029585799202323,0.00718685856554657,0.0373909418703988,0.0551839460385963,0.0372362433699891,0.00391696055885404,0.0173441730439663,0.00974025973118842,0.00116279069334269,0.00954805815126747,0,0.00859906850382686,0.0122137402649969,0.0109510087640956,0,0.00143833155743778,0,0.000611620780546218,0,0,0.00797720777336508,0.0182370817638002,0.0140008483431302,0.736320547264768,0.00306372559862211,0.0166369574144483,0.00394477328518406,0.0313639682717621,0.00224971870193258,0.256410258007236,0.00077160494402051,0.0118187789339572,0.0255605374113657,0.0521574221784249,0.044347511662636,0.122699387138709,0.194653303304221,5.34268030850217,0.0217654173611663,2.20810171798803,0.010548522695899,0.210752692539245,0.242184404167347,0.351286167744547,0.00431034481152892,0.276857308810577,0.00173110206378624,0.277266109711491,0,0.0337243401445448,0.00288132531568408,0.0536098598677199,0,0.00463320454582572,0.00920319673605263,0.00179251621011645,0.259280422935262,0.231207298929803
0.530239462852478,0.00302877346985042,0.195536150597036,0.00356347439810634,5.51777894049883,0.0727096441551112,0.485742389719235,0.000378143304260448,23.5605172334472,0.00572519085835665,3.59925263380865,0.000827472074888647,16.2094237993006,0,0,0.009708738012705,2.47587511595339,0,0.0208053699461743,0.00440806028200313,0.998017225647345,0.0102629894390702,0.0411635570344515,0.00952057121321559,0.446540865115821,0.0743380892090499,1.43047721823677,0.151305276434869,13.482326993777,0.0037230082671158,0.518143463414162,0.0351780363707803,0.0318584064370953,0.0118577076354995,0.0168168172240257,0.00378548889420927,0.510763205587864,0.00197141454555094,0.0944498563185334,0.00182648398913443,2.80296887014993,0,0.0513487171847373,0,0.0152365677058697,0,0.103708793816622,0.00257483101449907,0.0247651571989991,0,0.0704370209714398,0,0.101711491122842,0,0.137273596599698,0.00798525783466175,0.499195585143752,0.000934797863010317,0.0199931050301529,0,0.118644069239963,0,0.425347225391306,0.000695894239470363,0.0960071785957552,0,0.0205028069321997,0.00207522697746754,0.0268006697297096,0.00833767559379339,4.05514532630332,0.0242483030888252,3.79886680422351,0.00928074237890542,0.414872807683423,0,0.364140485296957,0.00658823543926701,0.656396505655721,0.00132625992409885,2.55559143348364,0,12.713849265594,0.00507399591151625,0.71175337387831,0.000842459965497255,1.71876628417522,0,0.312267649685964,0.000487804878503084,0.00288184429518878,0.0143575016409159
0.000971581263002008,0.101787487219553,0.00716332375304773,0.0851624251808971,0.0405851807445288,5.25692829163745,0.00388274114811793,0.4171802130586,0.0163304510060698,10.5864940283354,0.000906207540538162,0.554973833844997,0.0006036824779585,0.301874388882425,0.009708738012705,0,0.0128440367989242,0.372226790583227,0.024950755527243,0.0950030813692138,0.429385681520216,2.49599995510653,0.0107816711533815,0.0538742928765714,0.126646409626119,0.806896575959399,0.12903226306662,1.63252709666267,0.00647016550647095,10.36627903115,0.44909688300686,1.14059242722578,0.015911448863335,0.0754352007061243,0.0173310219543055,0.0460327055770904,0.0189573457464576,0.702625308185816,0.0169811323285103,0.442375872517005,0.00129198969807476,1.05222433805466,0.0585427929181606,0.288224963587709,0.0125000001862645,0.11547714471817,0.087978508498054,0.308225650456734,0,0.00563607091316953,0.000505561183672398,0.00470904790563509,0,0,0.00435729848686606,0.293798916041851,0.00362236821092665,0.0929804379120469,0.00202224467648193,0.0123818833380938,0.00307503069052473,0.0269938655546866,0.00084388186223805,0.0204081635456532,0.00174291944131255,0.0305565650342032,0.0538073512725532,0.214231065474451,0.0114099426427856,0.0745591945014894,0.728660008870065,3.66165422741324,0.0146520147100091,4.49527240544558,0.0200125072151423,0.417146514402702,0.0905829571420327,1.43678681680467,0.00128287367988378,0.0813214704394341,0.00315556972054765,0.261164794210345,0.000849256874062121,4.2591527417535,0.00152207002975047,0.163689234410413,0,0.901003049570136,0.00417536543682218,0.0355256848270074,0.777166443294846,0.160383826936595
4.04897262406303,0.0190531176631339,0.355960264569148,0.0120240482501686,0.133762053214014,0.00894568674266338,0.389797245443333,0.00584429153241217,0.212121214368381,0.00250312895514071,12.0693847804796,0.0218863984337077,2.49254266207572,0.00403714162530378,2.47587511595339,0.0128440367989242,0,0.0716577554121614,0.120064463757444,0.0537714720703661,0.14778325567022,0.0150801129639149,0.00508582312613726,0.00818665546830744,0.0184397157281637,0.00818553892895579,0.0661612674593925,0.013052936643362,5.78809747262858,0.0868372968398035,0.0715812001144513,0.0163666123989969,0.745165427215397,0.371946414932609,1.42587831616402,0.649494001525454,0.508408801630139,0.113651203690097,0.182519279653206,0.0224586288677529,0.138211376965046,0,0.0907328424509615,0.0359491453273222,0.182364731794223,0.0466321263229474,0.0836785433930345,0.0183978541754186,0.172451195307076,0.00416666688397527,0.347287741024047,0.00083022000035271,0.0853264408651739,0,0.077765196445398,0.0471356045454741,9.43005498574348,0.0640042332233861,1.032875550678,0.0383233521133661,2.57738100038841,0.0871876650489867,9.62236998684239,0.0244107738253661,2.14789132087026,0.0512585821561515,1.13698252849281,0.59100385941565,0.151322753401473,0.282899358426221,0.733202886534855,0.0741687973495573,2.56543221464381,0.0543150259181857,0.753623169148341,0,1.32412960962392,0.609711112454534,8.41005016118288,0.0534653482027352,14.0652593737468,0.078407347202301,6.84533748892136,0.0107123726047575,1.70971869505593,0.0188235298264772,0.452296808362007,0.00347021408379078,0.252141986973584,0.00222098827362061,0.0651685399934649,0.0402234625071287
0.016285789955873,2.01667555916356,0.00670448702294379,0.0739519541675691,0.00221116631291807,0.188015394145623,0.00165255111642182,0.25569871882908,0.00112866819836199,0.0431965431198478,0.00421718508005142,7.82604706840357,0.00133200129494071,1.5210545361042,0,0.372226790583227,0.0716577554121614,0,0.0687134508043528,0.297407914418727,0.0851063830778003,0.092775663244538,0.00647058797767386,0.0207638123538345,0.0048076924867928,0.0372093021869659,0.012903226306662,0.0685854237526655,0.0542071215459146,16.227682306082,0.056444025831297,0.174413029802963,0.0999612542800605,0.618911197409034,0.0661505962489173,0.120805366546847,0.0322222230024636,0.212885163491592,0.0265193358063698,0.0226104839239269,0.00484652677550912,0.0273972601862624,0.00917755003320053,0.129388556117192,0.00800000008894131,0.0769230772275478,0.0149925041478127,0.0370241013588384,0,0.011959521274548,0,0.00600826134905219,0,0,0.00275576999410987,0.0690571069717407,0.0370099836727604,3.27286259707762,0.0218291312921792,0.11308445292525,0.0278721959912218,0.183606554288417,0.0174757285276428,5.70114055200247,0.0181360202841461,0.141041414346546,0.211783037055284,0.571032939886209,0.0792910429299809,0.789253706810996,0.223838840611279,3.73927391215693,0.00853788666427135,7.65253784693778,0.00310318078845739,0.45331205194816,0.142708340776153,2.70494414493442,0.00800640496890992,10.1186711405171,0.00979363441001624,2.58823524357285,0.000977995106950402,0.165959449484944,0.00566114031244069,0.144316166552017,0,0.0171457388205454,0.00624645070638508,0.00881742784986272,0.575174818746746,0.167101822793484
3.1780945440405,0.231870671210345,9.18530069541885,0.858789608639199,0.0115654685068876,0.0378445095848292,1.19530530410702,0.994873607007321,0.00587248324882239,0.00730519479839131,0.200876846211031,0.719569091219455,0.123928083106875,0.615614718699362,0.0208053699461743,0.024950755527243,0.120064463757444,0.0687134508043528,0,13.6060951312538,0.0457203609403223,0.0207576551474631,6.47158534522168,2.26171055494342,0.0456942007876933,0.0205831909552217,0.00172637030482292,0.0133630289928988,0.303501945454627,0.176162411051337,5.36669122619787,2.08595775533468,17.0241155127296,8.99236175755505,0.515494323801249,0.154633896425366,0.0986733001773246,0.0342094290535897,0.0751445107744075,0.00703674758551642,0.0248648654669523,0.00431732321158051,0.00174165453063324,0.0114394663833082,0.00419287208933383,0.00643776840297505,0.0158536585513502,0.0161151071079075,0,0.00143575016409159,0.000939408200792968,0,0,0,0.0176386922248639,0.0187637968920171,0.397541841026396,0.10114052289282,0.0954420352354646,0.00771284522488713,0.0506471574772149,0.0131052061915398,0.0449101813137531,0.0172732875216752,0.0246438197791576,0.0104883648455143,0.418365054065362,0.161022969987243,9.44847601815127,1.49278535071062,2.37432257272303,1.2930041126674,0.382139995053876,0.51129606901668,0.0757496058940887,0.203753348905593,0.488941554387566,0.820697935880162,0.00859752856194973,0.0234541583340615,0.0316911548725329,0.0488985728879925,0.0225818599574268,0.0146359310019761,0.0140338255441748,0.0132916343281977,0.0061376589583233,0.000770712911617011,0.0208030966168735,0.00134288269327953,0.224373585660942,0.243043718393892
0.411267610295909,3.74988945940277,0.489543327596039,10.1333595384203,0.00458540325053036,0.111153408302926,0.135599217494018,3.6172902394319,0.00155038759112358,0.0308270679670386,0.036229204502888,1.29285478277598,0.0278142230818048,1.2223791522556,0.00440806028200313,0.0950030813692138,0.0537714720703661,0.297407914418727,13.6060951312538,0,0.0847376021556556,0.0706547332811169,0.711026610340923,2.78402290167287,0.0105177997029386,0.0245253170724027,0.0063668922521174,0.0467021709191613,0.131097561097704,0.569846143596806,1.32651674537919,1.8169257597765,2.52227801352274,5.58055569068529,0.114849708974361,0.043741274275817,0.148773002671078,0.0833011977374554,0.161955696297809,0.0312273058225401,0.0430107526481152,0.0234260614961386,0.00274649821221828,0.0245288663427345,0.00392413325607777,0.0147058826405555,0.0391254317946732,0.0283301547169685,0.00137646251823753,0.00603621709160507,0.00269420753465965,0.00230481126345694,0.00153315451461822,0,0.0538938271347433,0.079057592432946,0.270600198709872,0.667354950681329,0.0577200553379953,0.0426128387916833,0.0522666672477499,0.0767923920066096,0.0327754533500411,0.0994764441275038,0.0157536694314331,0.0535879263770767,0.28191375269671,0.343969218665734,3.24322499718983,4.00483294902369,0.996531794720795,2.79131768038496,0.110365396598354,1.89334318984766,0.0381497386842966,0.591945666819811,0.785190615104511,2.55039046303136,0.00680602836655453,0.0916988399694674,0.0141805291641504,0.166397038847208,0.0056081316433847,0.0539433259400539,0.0114702813152689,0.0564759015105665,0.00242228497518227,0.0114654246717691,0.0383371826901566,0.00471698126057163,0.785860611824319,0.69391925400123
0.170054203947075,0.0579811398638412,0.048957988852635,0.0342081979615614,0.255765190348029,1.83817437058315,0.0396387357614003,0.0176610980997793,0.0588876747060567,0.144433300942183,0.143953930819407,0.0925644908566028,0.061452514724806,0.0351812375010923,0.998017225647345,0.429385681520216,0.14778325567022,0.0851063830778003,0.0457203609403223,0.0847376021556556,0,3.77826069714502,0.0259332032874227,0.0238870801404119,4.09394309297204,2.32832364737988,1.97647050954401,3.97943443525583,2.86332726187538,0.45620666211471,2.72226595436223,1.9334415566409,0.0196987248491496,0.0660815685987473,0.0106007067952305,0.00411522621288896,0.455026461277157,0.141935486812145,0.215706808492541,0.0531622358830646,6.34464761707932,0.404145067557693,0.010111223673448,0.0464285732014105,0.00286738341674209,0.0210684719495475,0.0220628781244159,0.0607569739222527,0.00321802101098001,0.00303260050714016,0.00214976712595671,0.00110619468614459,0.0126849892549217,0,0.0458984375,0.0556328217498958,0.0947109452681616,0.0301886787638068,0.00332963385153562,0.00420168088749051,0.0229995204135776,0.0109375001629815,0.0746887974673882,0.00225352123379707,0.0159292034804821,0.0050505050458014,0.00867244851542637,0.0326560231042095,0.015515903942287,0.0487804878503084,7.02575105987489,2.86812058044598,1.37782139657065,0.876893965527415,0.456221197731793,0.613065320067108,0.8957746719243,0.66666667163372,0.269035527482629,0.0391198061406612,0.177644710289314,0.0307807815261185,2.47058825916611,0.320695106755011,0.0899535617791116,0.0186352430609986,0.506142496597022,0.0921985786408186,0.0794900608016178,0.00666444539092481,1.58477513631806,1.66666663251817
0.00533689139410853,0.0584393253666349,0.00325839035212994,0.0192027924349532,0.082000003894791,8.73861413402483,0.00148809532402083,0.0245514633134007,0.047767395619303,0.713326951023191,0.00735294120386243,0.077712609898299,0.000911577022634447,0.03642039722763,0.0102629894390702,2.49599995510653,0.0150801129639149,0.092775663244538,0.0207576551474631,0.0706547332811169,3.77826069714502,0,0.00849093007855117,0.0169491525739431,0.435087713878602,1.82436884776689,0.35491073015146,10.8398059261963,0.0108238124521449,1.44274337822571,1.43507967644837,1.58059466280974,0.00790067738853395,0.0463943521026522,0.00326797389425337,0.0451127830892801,0.0302724516950548,1.49590155575424,0.029970029136166,3.69393130531535,0.0139860142953694,3.04166668932885,0.0197628466412425,0.0950173786841333,0.00832755002193153,0.0189090904314071,0.0247444853885099,0.0963972760364413,0,0,0,0,0,0,0.00286532950121909,0.266000915726181,0.00485142506659031,0.039057657122612,0.00108225108124316,0.00512820493895561,0.00187529297545552,0.00301659130491316,0,0.00658978591673076,0.00170068023726344,0.0171779140364379,0.0124835739261471,0.0563882933929563,0.0164794009178877,0.050808313768357,2.71983633749187,5.43508439557627,0.0262910805176944,1.43557169218548,0.0875000045634806,0.792792811989784,0.198019806994125,0.981343260733411,0,0.0483516505919397,0,0.0383763830177486,0.00161812303122133,1.52591457730159,0,0.0324763194657862,0.00232558138668537,1.02725721162278,0.00294876517727971,0.0177223503123969,14.8537314608693,0.64117648312822
0.0755459368228912,0.0180216261651367,4.79511066293344,1.45635643601418,0.48816857667407,0.169305338407867,1.45823120838031,0.936560693662614,0.18307086545974,0.0786445006378926,0.0315159151796252,0.0620469697751105,0.244917040108703,0.240578973665833,0.0411635570344515,0.0107816711533815,0.00508582312613726,0.00647058797767386,6.47158534522168,0.711026610340923,0.0259332032874227,0.00849093007855117,0,14.2501892864238,2.47823132656049,0.258344470406882,0.336799741024151,0.142316945304628,0.250266802846454,0.0570199011126533,9.63785979058594,3.16443642310333,3.0090743227629,1.40265491738683,0.329254738753662,0.075659153633751,0.0474642390618101,0.00326690613292158,0.0155541147105396,0.00248292996548116,0.00159108988009393,0,0.000486736418679357,0.00419837329536676,0.00170164491282776,0.00173410400748253,0.0010141987586394,0.0106305872322991,0,0,0.000406338891480118,0,0,0,0.00239291694015265,0.00186567159835249,0.0561025435454212,0.00979099958203733,0.0223747773561627,0.000495662970934063,0.0132764347363263,0.00117267668247223,0.00479616317898035,0,0.00306654401356354,0.000538357999175787,0.0873464597389102,0.0204624520847574,0.22339181008283,0.102338190306909,0.473392101412173,0.752424069447443,0.0755555524374358,0.0734232825343497,0.0155945424921811,0.0150257014902309,0.0907384246238507,0.0601837213616818,0.00237623759312555,0.0015748031437397,0.00483675947180018,0.00333680910989642,0.00481782574206591,0.00176626432221383,0.00257152039557695,0.0017301038315054,0,0,0.00208420169656165,0,0.0239669421571307,0.0668041224125773
0.0246575338533148,0.0494057329487987,1.55246016365709,13.1479556579143,0.141057932283729,0.857859524781816,0.721832261013333,3.5838376848842,0.127078887308016,0.512989680748433,0.0178137648617849,0.159504740091506,0.176174497464672,0.729418917617295,0.00952057121321559,0.0538742928765714,0.00818665546830744,0.0207638123538345,2.26171055494342,2.78402290167287,0.0238870801404119,0.0169491525739431,14.2501892864238,0,1.69423334882595,0.584387263515964,0.318700622068718,0.0879419762641191,0.123481112997979,0.197014928853605,5.90144496038556,7.43609029741492,0.851617011940107,0.48083210492041,0.114343029912561,0.028213165467605,0.025284449220635,0.00254452927038074,0.0218212336767465,0,0.00662617315538228,0.00551267934497446,0.00117439811583608,0.00450450455537066,0,0.00725426187273115,0.00493674771860242,0.005238649668172,0,0.000728067010641098,0.000474045984447002,0,0,0,0.00632911396678537,0.00557880033738911,0.0179487181012519,0.0199652779265307,0.00557275547180325,0.0054021606920287,0.00512091064592823,0.00443131453357637,0.00151917967014015,0.00874180428218096,0.00234558252850547,0.00597609579563141,0.0338906451361254,0.0229445504955947,0.0942215695977211,0.0978647678857669,0.251694912265521,3.05729823798174,0.0465876591042615,0.245571661216673,0.0118152527138591,0.03723987005651,0.177296426030807,0.110839442815632,0,0.00870985258370638,0.00291375297820196,0.0180840664543211,0.00152788392733783,0.0037119525950402,0.00253669137600809,0.00315146730281413,0,0,0.00390720413997769,0.000451569212600589,0.0512521844357252,0.254355394863524
0.00418285047635436,0.00429711473407224,0.187829143018462,0.020602217875421,2.24017798819114,0.67844002880156,0.0739557177876122,0.0226826604921371,0.638719488400966,0.130747125949711,0.0250521926209331,0.00350262690335512,0.0314589077606797,0.00176133867353201,0.446540865115821,0.126646409626119,0.0184397157281637,0.0048076924867928,0.0456942007876933,0.0105177997029386,4.09394309297204,0.435087713878602,2.47823132656049,1.69423334882595,0,1.65714287990704,16.8064260510728,2.60699066042434,0.200795219745487,0.100908172316849,6.88475368195213,0.373693907633424,0.0905233360826969,0.0171526591293514,0.0312174833379686,0.00454029534012079,0.0223880598787218,0.0120754716917872,0.00592592591419816,0.00134589499793947,0.00257069407962263,0.0153649169951677,0.000842814974021167,0.00674698792863637,0,0.00116009276825935,0.000905797118321061,0.00416146474890411,0.0012210012646392,0,0,0,0.00298284855671227,0,0.00491199328098446,0.00705329136690125,0.0065807516220957,0.00335664348676801,0.00182066450361162,0,0.000805801770184189,0,0.00999999977648258,0.00184331799391657,0,0.0010106114204973,0.00412614189554006,0.00380831491202116,0.00593824253883213,0.00823045265860856,1.21627729141619,0.275405008229427,0.21357850485947,0.121295657008886,0.0289505431428552,0.0428751576691866,0.0356164393015206,0.0520760013023391,0.0101394169032574,0.00746268639340997,0.0283451430732384,0.00392285047564656,0.0441640370991081,0.0421432871371508,0.00579580923658796,0.00247279909672216,0.00661703897640109,0.0144451742526144,0,0.00235571269877255,0.0292397662997246,0.0348330913111567
