0,0.0474168421351351,8.97451618441846,0.0494181430258323,0.00593471806496382,0.00270051299594343,5.95270758541301,0.0319417194114067,0.00765445560682565,0.00160857907030731,8.53132396313595,0.032552404445596,3.72413781029172,0.0213128732866608,0.152987677778583,0.00462641677586362,3.7694769622758,0.01595214381814,3.76109203370288,0.420295813208213,0.0653471541590989,0.00316957215545699,0.0493408661277499,0.0171122991014272,0,0.00055478501599282,0,0.00227596028707922,4.75005654734559,0.0374857143615372,0.156104729918297,0.0458509856835008,1.72705151326954,0.556167869828641,0.0476047002593987,0.0239294701023027,0.351851843413897,0.0108401081524789,0.343315514735878,0.0376273859292269,0.547750071622431,0.00128576019778848,0.00378389729303308,0.00181323662400246,0.00289715122198686,0.000487567042000592,0.0344827584922314,0.00833159778267145,0.0138408297207206,0,0.0657847688999027,0,0.00865800864994526,0,0.0350137103232555,0.0641076363972388,10.7493848781742,0.0111365868942812,0.272117668559076,0.000422208162490278,2.05236242411775,0,1.9844610952423,0.00176250271033496,0.301058605778962,0.00184800184797496,0.101449271547608,0.0208997518057004,4.78907215810614,0.0829390444559976,0.822222203365527,0.140633383416571,3.07094683870673,0.0678865015506744,0.805970122630242,0.0733886388479732,1.13453025347553,0.151865475228988,0.069638789689634,0.00576553505379707,1.00268538988894,0.00256316363811493,0.39929772191681,0.00148809532402083,1.01950095806387,0.00121322413906455,0.0821214700117707,0.00103172555100173,0.0880413475097157,0.000343112013069913,0.179144388530403,0.125414732261561
0.0474168421351351,0,0.0276127220422495,2.60795541416155,0,0.00791183917317539,0.0023927022702992,2.29022071760846,0,0.00616937776794657,0.00331583304796368,4.68054508138448,0.00164846482221037,0.742932867899071,0,0.0182736236019991,0.026785715483129,1.77182953420561,0.330238735594321,2.03911560447887,0.0125869488692842,0.00468070869101211,0.0116595416329801,0.0190645092807245,0.000603136315476149,0.00581226369831711,0.00117370893713087,0.00656520470511168,0.0473622500721831,0.827831877395511,0.0351771586574614,0.071706936461851,0.183153542457148,0.818181826849468,0.0253565772436559,0.073041170835495,0.0302166468463838,0.180941575730685,0.0374720359686762,0.0278460279805586,0.00478632474550977,0.0040719376411289,0.00174178101588041,0.0164783424406778,0.00100553047377616,0.00558659230591729,0.00446827529231086,0.0116454605595209,0.000515198335051537,0.00713739451020956,0.00184162068762816,0.00177975522819906,0.000566251401323825,0.000561324704904109,0.00393270698259585,0.112883437774144,0.0458143830765039,9.36889974604128,0.0134559319121763,0.0734747434034944,0.0190476195712108,0.154842053481843,0.0115002610255033,0.387657143641263,0.0021569156087935,0.324129649379756,0.0429687512805685,0.453484147670679,0.293921520758886,1.6617089837091,0.108338059450034,0.586749036156107,0.0276601744117215,1.13446073688101,0.00670016743242741,0.292929280840326,0.109812445356511,0.69577156304149,0.00275008589960635,0.160243403865024,0.0111182385589927,0.449603635759559,0.00104629877023399,0.0134436399675906,0.00234948610886931,0.176360801764531,0,0.00484783190768212,0.00257022216101177,0.0254192403517663,0.407355029135942,0.0470175456139259
8.97451618441846,0.0276127220422495,0,0.831467780400999,1.42441094038077,0.192419820581563,22.8701046071365,1.03856829219148,0.474785406840965,0.066315786447376,3.19958490296267,0.0882424237788655,5.43109907850157,0.215035691857338,0.3175474703894,0.0241292959835846,0.70036671217531,0.00930916180368513,12.0428748909035,0.635479931108421,0.0356593906180933,0.0018604650394991,6.56282530975295,2.09357218121295,0.63943665008992,0.280816336395219,0.0735859427368268,0.0931659656343982,3.59591016956256,0.0746906647691503,7.00168373814085,1.00367379683303,10.6286208668025,0.718045125278877,0.174092656525318,0.0425138624268584,0.172634962829761,0.00691489339806139,0.141732282936573,0.0112907369621098,0.137385249196086,0.000628733076155186,0.000414336012909189,0.000446229358203709,0.00712250694050454,0.000479386391816661,0.0110403393628076,0.00246355991112068,0.00485908647533506,0.000481116177979857,0.0127118644304574,0,0.00106213486287743,0,0.0124714197590947,0.0257611236884259,1.21795498102438,0.0100388598511927,0.175154486030806,0,0.216575921484036,0.00048828125,0.193596064927988,0.00347146880812943,0.0654324143542908,0.00181859510485083,0.160927372518927,0.0132960114860907,0.656181960250251,0.0529620532179251,1.38882974325679,0.516859831055626,2.41991003626026,0.145274668524507,0.656725683773402,0.0555555543978699,0.995144436601549,0.174922608886845,0.0108176899957471,0.00375939847435802,0.145795151474886,0.00361532904207706,0.100566923618317,0.00243783521000296,0.125212943705264,0.00390156049979851,0.0106234276900068,0.00050671398639679,0.0183066364843398,0.000678081007208675,0.0992815112695098,0.0888456549728289
0.0494181430258323,2.60795541416155,0.831467780400999,0,0.0437079718103632,1.65480769384885,0.475916806550231,13.9260038930224,0.0340218705241568,0.452352519117994,0.0136792454868555,1.64716306841001,0.111435882863589,1.85006794569199,0.00546448075328954,0.205857746768743,0.0147443519381341,0.129335423844168,2.43848392026848,10.9769013627665,0.0307692321948707,0.0110741972457618,3.44823984688264,15.5900232946733,0.0457200914388523,0.437715419509914,0.00992802204564214,0.0236656595952809,0.0867785479640588,0.666390727856196,1.78873236104846,4.04697993726586,0.38328646752052,1.80328503239434,0.0349576271837577,0.0368841162417084,0.0557035591918975,0.0660718591243494,0.0800571860745549,0.0130718954605982,0.0078962214756757,0.00168161443434656,0.00115074799396098,0.0078044775291346,0.00130463144159876,0.00350954150781035,0.00824014126555994,0.017116774833994,0.000444148347014561,0.00132042251061648,0.000330523878801614,0.000390930421417579,0,0.000478011468658224,0.0107733745826408,0.0286699321877677,0.0225678566494025,0.380618636205327,0.00590551178902388,0.00731613399693742,0.00785634134081192,0.0227526209782809,0.00179896561894566,0.050040031055687,0.000923787534702569,0.0409527777228504,0.0204701740294695,0.0763558884500526,0.0694690262898803,0.349629628937691,0.262840607465478,2.95386094157584,0.0706051852321252,1.47492904309183,0.0476982808904722,0.320802021771669,0.362790705403313,1.08045973873232,0.00226628896780312,0.0419111485825852,0.00528501335065812,0.0915695229487028,0.00180018006358296,0.0236132762802299,0.00322971353307366,0.0306339523522183,0.000504540861584246,0.00415320708998479,0.0141727089358028,0.00477251029224135,0.524209912866354,0.205704405263532
0.00593471806496382,0,1.42441094038077,0.0437079718103632,0,0.311166872270405,0.256853643368231,0.0198846682906151,6.11620399332605,0.102405918878503,0.0310633203480393,0,0.413342506566551,0.0038714671973139,3.65419705136446,0.0695573636330664,0.0183038430986926,0,0.00232648313976824,0,0.154562385519966,0.101338431355543,1.24086224846542,0.437256427772809,8.98468281794339,1.14705884596333,3.5228980248794,1.17638690117747,1.5206896495074,0.0485436897724867,3.73508602497168,0.401260524755344,0.0124378109467216,0.000766577257309109,0,0.00187441427260637,0.0102367242798209,0.013915242976509,0.00122624158393592,0.00232828874140978,0.0163265299052,0,0.000755287008360028,0.00173686491325498,0,0.00100351229775697,0.00079020147677511,0,0.00103252450935543,0,0.00172166421543807,0,0.00126023939810693,0,0.00151975685730577,0.00203735148534179,0.00250501005211845,0,0.000795544940046966,0,0.000719424453563988,0,0.00212652841582894,0,0.0011337868636474,0,0,0.00113090185914189,0.00102354143746197,0,1.99240978981834,0.15955473727081,0.733416783856228,0.0493381480919197,0.0769230769947171,0.0253658536821604,0.0322952698916197,0.00589275208767503,0.00829875562340021,0,0.0395314787747338,0.00119296147022396,0.250266236253083,0.0104004156310111,0.0300102778128348,0.00089186173863709,0.0515021472238004,0.00113122176844627,0.00342661351896822,0.00161290325922891,0.0067950168158859,0.00883977860212326
0.00270051299594343,0.00791183917317539,0.192419820581563,1.65480769384885,0.311166872270405,0,0.0958210235694423,0.854925388237461,0.23430419806391,15.2306746880058,0.00359281443525106,0.0370751819573343,0.0371900831814855,0.0504071346949786,0.0319926883094013,9.18642538267886,0.00489296624436975,0.0431806219276041,0.0163106799591333,0.0377495451830328,1.71028042619582,5.86180406296626,0.268376602674834,1.32084306911565,1.2260424552951,11.6099199440796,0.714187810546719,11.7760345630813,0.101036269159522,4.11936350504402,2.22492412431166,3.32105248002335,0.00913621240761131,0.0337811906356364,0.0215588723076507,0.152398869744502,0.0153944841586053,1.71845279401168,0.0270436380524188,2.83197202335577,0,1.949899824569,0.0196671702433378,0.0487168342806399,0.0118284872733057,0.0301659142132849,0.0269093782408163,0.166666669771075,0,0.0020263425540179,0,0,0,0.00371747219469398,0.0022831050446257,0.144848690601066,0.00351053162012249,0.0115201598382555,0.000796812761109322,0.00228658528067172,0.00144092214759439,0,0.00106553011573851,0.00247320695780218,0,0.00451263535069302,0.00923160463571548,0.0713274856097996,0.00923076889012009,0.0364864873699844,1.37222577352077,5.40731564164162,0.0476787949446589,3.47165263188072,0.104247102281079,1.60626832395792,0.228901728987694,0.90135857113637,0,0.027750248555094,0.00293255131691694,0.105703195848037,0.00747065083123744,2.77853039163165,0.00246862781932577,0.105779961508233,0,1.89115648856387,0.00228702113963664,0.0441334758652374,0.439135367516428,0.257491684518754
5.95270758541301,0.0023927022702992,22.8701046071365,0.475916806550231,0.256853643368231,0.0958210235694423,0,0.601492703484837,2.09247816645075,0.0432318992679939,3.15442089134012,0.0176817295141518,12.8886323898914,0.0900995271513239,0.570464782824274,0.0164240393787622,0.342044733581133,0.00158510007895529,1.12004195063491,0.0948670203797519,0.010431484435685,0.00190930790267885,2.2011032740993,1.12434329203097,0.128017721843207,0.134913792600855,0.0303885393077508,0.0400000007939525,3.71778916587937,0.0354898329824209,2.4060913764406,0.556656120024854,1.81857446534559,0.147053708875319,0.0564997714245692,0.0104488246142864,0.0556617786351126,0.00211640217457898,0.0469109932892025,0.00534759374568239,0.0247332691506017,0.000482392671983689,0.00138121552299708,0.000734349188860506,0.00270426890347153,0.000389332300983369,0.00281938328407705,0.00205620290944353,0.001574493246153,0,0.00935284339357167,0,0.00295920530334115,0,0.00277008302509785,0.00591230113059282,1.01485431112815,0.00168043695157394,0.0547896782518364,0.000346500339219347,0.296421343111433,0,0.275024880480487,0,0.049307252134895,0.000372856069589034,0.0368906459771097,0.00359227659646422,0.0988622963195667,0.0112359552877024,0.889735474193003,0.234404544287827,1.73766340012662,0.0620058247586712,0.396749518986326,0.0167905975831673,0.703977059398312,0.0504028090508655,0.00681596901267767,0.00192446471191943,0.167120496102143,0.00277050948352553,0.072481082577724,0.00236826518084854,0.191534528683405,0.000524315109942108,0.00528401602059603,0.00040716610965319,0.0102317178971134,0,0.0228457901393995,0.0474191140383482
0.0319417194114067,2.29022071760846,1.03856829219148,13.9260038930224,0.0198846682906151,0.854925388237461,0.601492703484837,0,0.0224899603053927,2.38440220389748,0.017629774811212,4.50176661511068,0.129988956265152,8.48719647224061,0.00889205039129592,0.497431344352663,0.0193293879565317,0.131983497180045,2.16938433269388,4.62326352534001,0.0230854607652873,0.01384855969809,3.14806999862776,5.35367702040821,0.0287380260124337,0.299979697767412,0.0130772376433015,0.055406243482139,0.0674665262340568,1.48253464521258,2.5024959188886,5.87928789874422,0.495978089980781,1.60364241080242,0.0611937087378465,0.0395731437311042,0.0424509416334331,0.0897845173312817,0.0608455137116835,0.0104874731332529,0.00770800266764127,0.000902323459740728,0.00263201189227402,0.0101151031558402,0.00183016105438583,0.00553097343072295,0.00972827937221155,0.0205781477561686,0.000372578244423494,0.00258827887591906,0.000289184506982565,0.000334392243530601,0.000398565171053633,0,0.00461817596806213,0.0282308654277585,0.0172437019646168,0.393107143463567,0.00605550908949226,0.0108928864065092,0.00740621503791772,0.0317875851760618,0.00301204808056355,0.10578399291262,0.00115495666977949,0.0545036279945634,0.02247822470963,0.0909873687196523,0.0739090064016636,0.287283819983713,0.229848364368081,3.66957223037025,0.0528932176530361,1.42038092479925,0.0299709232640453,0.244165176525712,0.410067770979367,0.716458658513147,0.00318543802131899,0.0531053118756972,0.00519227655604482,0.191627361346036,0.000753437576349825,0.0373552495148033,0.00216972033376805,0.0659423951874487,0,0.00615502987056971,0.00865426263771951,0.0075513917254284,0.210013902105857,0.18450184725225
0.00765445560682565,0,0.474785406840965,0.0340218705241568,6.11620399332605,0.23430419806391,2.09247816645075,0.0224899603053927,0,0.072519084205851,0.16369230474811,0.00105429627001286,7.05211632052669,0.000789265963248909,17.1031268066727,0.0387990764575079,0.0465408797608688,0,0.00395256909541786,0.000738007365725935,0.0760975610464811,0.0541624878533185,0.305837557185441,0.195470797363669,1.13615729636513,0.457498274045065,0.465346543700434,0.660280048847198,5.78775888122618,0.0369869185960852,1.6236391577404,0.189757412299514,0.0033855268266052,0,0.00172265293076634,0,0.00660502002574503,0.00522193219512701,0.00758533529005945,0,0.010741138830781,0,0.00230858026770875,0,0,0.00102880655322224,0.00402900885092095,0.00151343166362494,0.00105932203587145,0,0.00582072185352445,0,0.00780234066769481,0,0.000774293439462781,0,0.00710119225550443,0,0.00243407709058374,0,0.00366166234016418,0,0.00218340614810586,0,0,0,0,0.000573394470848143,0.00104986876249313,0.00139372819103301,2.29765016585588,0.0982142837019637,0.841833439655602,0.0285182893276215,0.179616546723992,0.0122950812801719,0.134124628268182,0.00849514571018517,0.019672131864354,0,0.0864703669212759,0.00121065380517393,0.57627115782816,0.0053361791651696,0.0631229220889509,0.00135256990324706,0.0667160883313045,0.00116346718277782,0.00637127156369388,0,0,0.0116822426207364
0.00160857907030731,0.00616937776794657,0.066315786447376,0.452352519117994,0.102405918878503,15.2306746880058,0.0432318992679939,2.38440220389748,0.072519084205851,0,0.00353565125260502,0.0223463692236692,0.0177413849160075,0.0836531057138927,0.00812641071388498,8.03129191161133,0.00361010839696974,0.0145379030145705,0.0115295924479142,0.0244428474688902,0.284412031061947,0.318054254166782,0.129032257013023,0.665121650788933,0.337159255868755,3.91178396600299,0.192462984705344,1.82645210414194,0.0307298339903355,1.37352560274303,0.626686673378572,2.05396997684147,0.00410677632316947,0.0197568391449749,0,0.03486238559708,0,0.26683292677626,0.0157194684725255,0.150488227023743,0.0019940179772675,0.177560975775123,0.00374391616787761,0.0146173693356104,0.00486381322843954,0.00793650839477777,0.00861393893137574,0.0552486206288449,0.001020408119075,0.0019990005530417,0,0,0,0,0.000753295666072518,0.0309973038965836,0.000498132023494691,0.00497512461151928,0,0,0.000713521207217127,0,0,0.00244598445715383,0,0.00178332591895014,0.00161725067300722,0.0314606744796038,0.00505816889926791,0.0145985402632505,0.270573575282469,3.35000000311993,0.0135718687670305,1.43145399726927,0.0244590778602287,0.53625954373274,0.11610699724406,0.258139533922076,0,0.0135135132586583,0.0029038111679256,0.0473933666944504,0.00210415571928024,0.482014407287352,0,0.0306122457550373,0,0.202121710521169,0,0.00427464582026005,0.0772626930847764,0.144396551186219
8.53132396313595,0.00331583304796368,3.19958490296267,0.0136792454868555,0.0310633203480393,0.00359281443525106,3.15442089134012,0.017629774811212,0.16369230474811,0.00353565125260502,0,0.00494559819344431,17.6400809957413,0.0157954120659269,2.43827153113671,0.00174672494176775,7.23498510941863,0.0010106114204973,0.417325799004175,0.0479717806447297,0.0434782617958263,0,0.0897162035107613,0.0280090840533376,0.00414651003666222,0.00508905854076147,0.00129954516887665,0.00269905524328351,7.50166923075449,0.00512382562737912,0.218111008405685,0.0232323242817074,0.249999995809048,0.0439478583284654,0.00933125987648964,0,0.143990232376382,0,0.149970710277557,0.0178372357040644,0.187500005587935,0.00185528758447617,0.00513950065942481,0.000840689346659929,0.00189663353376091,0.000966650550253689,0.0107403146103024,0.00361271668225527,0.0168902144068852,0,0.0443695612484589,0,0.0168370415922254,0,0.0169867057120427,0.0178748763282783,2.8633236028254,0.00245519273448735,0.0571428560651839,0,0.538515418826137,0.00100351229775697,1.09759834874421,0,0.0891304307151586,0,0.0116927983472124,0.00221422640606761,0.0492610852234066,0.0102564105764031,0.737477351911366,0.0708800973370671,2.75388282316271,0.0103567319456488,0.854838708881289,0.0145322438329458,0.845303828828037,0.0406091390177608,0.211538461735472,0.00183654727879912,1.60470084648114,0.000583260436542332,3.07983618532307,0,0.646427854953799,0.000438500341260806,0.077340571093373,0,0.0531022911309265,0,0.0688216898124665,0.159021399915218
0.032552404445596,4.68054508138448,0.0882424237788655,1.64716306841001,0,0.0370751819573343,0.0176817295141518,4.50176661511068,0.00105429627001286,0.0223463692236692,0.00494559819344431,0,0.00614250602666289,10.9614464342594,0.0015748031437397,0.285714280907996,0.0301962741650641,5.74144834431354,1.06662115856307,1.90280011971481,0.0182841065106913,0.0114777619019151,0.101437027333304,0.188057647785172,0,0.0130151845514774,0.00110436219256371,0.028506270609796,0.0322338839177974,14.0321347885765,0.254514195490628,0.664298415882513,0.218115949595813,1.15725401946111,0.043645700905472,0.137102470034733,0.0596546303713694,0.126490406924859,0.0899444164242595,0.020329138787929,0.0150602404028177,0.00148148147854954,0.00534045416861773,0.0241418331861496,0.00587988219922408,0.0162323787808418,0.0138937134761363,0.0342105277813971,0,0.00601891678525135,0.00156535359565169,0.00069013109896332,0,0.00101729400921613,0.0100671144900844,0.0485879136249423,0.0216589864285197,1.64280783617869,0.00908455619355664,0.0255376343848184,0.00895140657667071,0.0671081659384072,0.00448631675681099,0.327573785325512,0,0.0895638600923121,0.0297397782560438,0.214157026261091,0.17289314197842,0.710698701208457,0.156557798734866,1.53282443247736,0.0626927054254338,3.251741446089,0.0172910657711327,0.51857248833403,0.179634961066768,1.06797065678984,0.00304878037422895,0.501102124690078,0.00844155828235671,0.338286963640712,0,0.0281814187765121,0.00537118734791875,0.0897992941027042,0,0.0047258980339393,0.00831168796867132,0.0127826946554706,0.62225832848344,0.135674381745048
3.72413781029172,0.00164846482221037,5.43109907850157,0.111435882863589,0.413342506566551,0.0371900831814855,12.8886323898914,0.129988956265152,7.05211632052669,0.0177413849160075,17.6400809957413,0.00614250602666289,0,0.0256871309829876,14.5585386375897,0.00794551684521139,1.54153956606751,0.00124494242481887,0.194908719917294,0.0235930206254125,0.0192953021032736,0.00339558580890298,0.493903798575047,0.28947369789239,0.129056324250996,0.0534568796865642,0.0389469887595624,0.0427098675863817,10.2148763963487,0.0123042506165802,0.713503643986769,0.169881772657391,0.27189684077166,0.0336820618249476,0.0182539685047232,0.00673117395490408,0.0696136441547424,0.00553441699594259,0.0666439984925091,0.00396301201544702,0.0419213986024261,0.000865051930304617,0.00707427994348109,0,0.00119653006549925,0,0.0124967456795275,0.0019990005530417,0.0117031103582121,0,0.0358706979313865,0,0.0144977562013082,0.000683060090523213,0.015728056372609,0.00940070487558842,0.761222177650779,0,0.0256276144064032,0,0.228850855026394,0,0.448135363985784,0,0.0351333778817207,0,0.00840504324878566,0.00247575819958001,0.0153186279931106,0.00715819594915956,1.3593911746284,0.103177318989765,2.44979369116481,0.0134589499793947,0.632340414158534,0.0137044964358211,0.931011802807916,0.0246092448942363,0.0536499546724372,0,0.698169183859136,0.000428908417234197,1.78293598990422,0.00123724096920341,0.486477724043652,0.000345125095918775,0.124815359362401,0.000649772584438324,0.0473815477453172,0.000397614319808781,0.0182398536708206,0.0559819404734299
0.0213128732866608,0.742932867899071,0.215035691857338,1.85006794569199,0.0038714671973139,0.0504071346949786,0.0900995271513239,8.48719647224061,0.000789265963248909,0.0836531057138927,0.0157954120659269,10.9614464342594,0.0256871309829876,0,0.000629524700343609,0.153172870341223,0.0114329264033586,0.758310228120536,1.25813698163256,1.46794879040681,0.0194269057828933,0.00984736601822078,0.753941717441194,1.0188679365674,0.000848896452225745,0.0233776704990305,0.00163398694712669,0.0150564619107172,0.0236006052000448,10.0221468441305,1.28788392967544,2.95396327076014,0.243155721691437,1.03672792192083,0.0309794981731102,0.0370370373129845,0.0486656213179231,0.0498830862343311,0.0695718677598052,0.00665926752844825,0.00814249366521835,0.00301962741650641,0.000550509197637439,0.00790754251647741,0.000662690552417189,0.00201477500377223,0.00796359474770725,0.0157737281988375,0,0.00134998315479606,0.000447427300969139,0,0,0,0.00497649988392368,0.0178117048926651,0.0156720911327284,0.474508224986494,0.0045727351680398,0.00996401882730424,0.00690571084851399,0.0165403168648481,0.00628053018590435,0.130600295437034,0.00218261178815737,0.0268330728285946,0.0166952053550631,0.0738611241104081,0.0714528729440644,0.238153090816922,0.120810599473771,2.2352036559023,0.0526519538834691,1.49527766543906,0.0296296295709908,0.206965183839202,0.261860985076055,0.64056672755396,0.0010261673014611,0.142142140073702,0.00322841014713049,0.143384048453299,0,0.0144429162028246,0.00170940169482492,0.0435100561007857,0,0.00363240105798468,0.00891464238520712,0.00680127507075667,0.311563165392727,0.17037037271075
0.152987677778583,0,0.3175474703894,0.00546448075328954,3.65419705136446,0.0319926883094013,0.570464782824274,0.00889205039129592,17.1031268066727,0.00812641071388498,2.43827153113671,0.0015748031437397,14.5585386375897,0.000629524700343609,0,0.00854700850322843,0.961038955836557,0,0.00189095491077751,0.00238592294044793,0.400479625444859,0.0170731707476079,0.11541502608452,0.0253164558671415,0.459033080376685,0.0861244008410722,0.206125430529937,0.139000006602146,13.1132460532244,0.00909090944333002,1.88335928507149,0.0600480372668244,0.00998003961285576,0.00312207295792177,0,0.00120409391820431,0.472878984874114,0.00275862071430311,0.033258426876273,0.000865051930304617,1.07242689142004,0,0.00431832188041881,0.000690369342919439,0.0030452988576144,0.000773096224293113,0.00767999980598688,0,0.0110628206748515,0,0.04756067605922,0,0.0412654739920981,0,0.0867947936058044,0.000565131369512528,0.0662887045182288,0,0.0122265123645775,0,0.0278601077734493,0,0.0412121224799193,0,0.0229007634334266,0,0.00280308339279145,0,0.0047095762565732,0.00192492781206965,4.34574716526549,0.0398009947966784,2.38868611247744,0.0115248223301023,0.172582622151822,0.00741198286414146,0.151202751323581,0.00698384968563914,0.107830555178225,0.00124455511104316,1.00601323513547,0.00050671398639679,6.49271866277559,0,0.644440358446445,0.000787556578870863,1.10943770967424,0.00169348006602377,0.18115234375,0,0.00406228832434863,0.00533689139410853
0.00462641677586362,0.0182736236019991,0.0241292959835846,0.205857746768743,0.0695573636330664,9.18642538267886,0.0164240393787622,0.497431344352663,0.0387990764575079,8.03129191161133,0.00174672494176775,0.285714280907996,0.00794551684521139,0.153172870341223,0.00854700850322843,0,0.0115299338358454,0.0865422812057659,0.0250391243025661,0.052148147020489,0.782248515519314,1.21179305191617,0.083835469558835,0.313010688638315,0.337191728176549,2.41761370841414,0.177970181393903,3.29179015755653,0.0347411439288408,12.2664811823051,0.683114863117225,0.960317473509349,0.00924702803604305,0.0223255804739892,0.018619935028255,0.187759947963059,0.0137677832390182,2.10832949518226,0.0293724960065447,0.984575832495466,0.00375939847435802,1.07540171826258,0.0330882364651188,0.131551902741194,0.0256700648460537,0.0467612126958556,0.0489354950841516,0.334341002511792,0,0.00616808002814651,0.000487685931148008,0.000631711911410093,0,0.00626678590197116,0,0.252738007111475,0.00217013890505768,0.026013440801762,0.00127795524895191,0,0.00176678452407941,0.00157915509771556,0.00240288348868489,0.00525279063731432,0.00252100842772052,0.00141043728217483,0.0250987687613815,0.133879120228812,0.0140077820979059,0.0647619040682912,1.05234408308752,3.63725927274209,0.0325203258544207,4.71554005821235,0.0446859897347167,1.70627660118043,0.171063826710451,1.27194117306499,0,0.0429711473407224,0.00537634390639141,0.399596896662842,0.00400962308049202,6.19771567359567,0.00218938157195225,0.348559114325326,0,1.46392618131358,0.001457017933717,0.0848708497360349,0.248165449826047,0.148586462601088
3.7694769622758,0.026785715483129,0.70036671217531,0.0147443519381341,0.0183038430986926,0.00489296624436975,0.342044733581133,0.0193293879565317,0.0465408797608688,0.00361010839696974,7.23498510941863,0.0301962741650641,1.54153956606751,0.0114329264033586,0.961038955836557,0.0115299338358454,0,0.0853909439174458,0.135114504257217,0.135714284260757,0.0717488769441843,0.00367985269986093,0.0148056750185788,0.00690448796376586,0.00566572230309248,0.00260247243568301,0.00132978719193488,0.00138217001222074,11.2426940607838,0.169050714466721,0.0416047540493309,0.0246786642819643,0.671015069412533,0.227924528182484,0.661870502633974,1.13176894595381,0.407730687176809,0.289765714551322,0.212918652454391,0.0511654367437586,0.36043094098568,0.00383509113453329,0.0349572329432704,0.0546075068414211,0.0694310506805778,0.0452310733962804,0.0404354594647884,0.0461031826562248,0.104145603836514,0.0118870725855231,0.344866702333093,0.00385951367206872,0.11425061209593,0,0.0411522641661577,0.0609511040966026,4.64567346870899,0.0802377399522811,1.21330728579778,0.00374672148609534,1.70719599584118,0.0132788565242663,3.86368385446258,0.0226628901436925,0.59833794599399,0.0442282180301845,0.611587981693447,0.45556176075479,0.179448616341688,0.452459016814828,1.05055484594777,0.150784078869037,2.25747398217209,0.149148560711183,0.558741907821968,0.0656660413369536,1.86704234220088,0.681242812424898,3.4587066299282,0.166982920840383,17.2174539938569,0.106069537578151,5.8071910510771,0.0142566198483109,1.78189967703656,0.0371188680874184,0.26963169965893,0.00442233262583613,0.136042898637243,0.00531773490365595,0.132034631911665,0.126849892549217
0.01595214381814,1.77182953420561,0.00930916180368513,0.129335423844168,0,0.0431806219276041,0.00158510007895529,0.131983497180045,0,0.0145379030145705,0.0010106114204973,5.74144834431354,0.00124494242481887,0.758310228120536,0,0.0865422812057659,0.0853909439174458,0,0.0735090177040547,0.33485640201252,0.0116026103496552,0.0148038484621793,0.00855676014907658,0.00975269917398691,0.00119331746827811,0.025541365146637,0.00113122176844627,0.0292226759484038,0.0449523804709315,20.7763518197462,0.0140166450291872,0.0461747393128462,0.186234821157996,0.215511318994686,0.20594060048461,0.79300294443965,0.0182012845762074,0.158006371115334,0.0113636358873919,0.0217498752754182,0.00311284046620131,0.00459066568873823,0.00677277334034443,0.0552147226408124,0.0094097520923242,0.0417754556983709,0.00634696776978672,0.0413747086422518,0.000892060634214431,0.0070083225145936,0.00369393138680607,0.00210157624678686,0.00105708243791014,0.00104004156310111,0.00204290100373328,0.0547692297841422,0.0330463110294659,5.12924222426955,0.0276693872292526,0.0422775300685316,0.0220421402482316,0.0765076527022757,0.0045745653915219,5.68848279677331,0.00676655385177583,0.125940592435654,0.13176352874143,0.630400859576184,0.132802122971043,0.937954152817838,0.0625662811798975,1.76586897415109,0.0157645822037011,5.8464664616622,0.00594795541837811,0.589473689906299,0.0931829359615222,1.89710284431931,0.00315208826214075,17.4203336890787,0.0217319716466591,3.57080354058417,0.00183234084397554,0.0511669671395794,0.00735009647905827,0.137787055573426,0,0.00771828275173903,0.00157604418927804,0.0159006211906672,0.351851843413897,0.0148760330630466
3.76109203370288,0.330238735594321,12.0428748909035,2.43848392026848,0.00232648313976824,0.0163106799591333,1.12004195063491,2.16938433269388,0.00395256909541786,0.0115295924479142,0.417325799004175,1.06662115856307,0.194908719917294,1.25813698163256,0.00189095491077751,0.0250391243025661,0.135114504257217,0.0735090177040547,0,11.7540109250695,0.0282238437212072,0.00789343845099211,5.56049740139861,2.03665074845776,0.00340136047452688,0.0072668549255468,0.00163666123989969,0.00754084624350071,0.418055146001279,0.367108093341812,2.53937148087425,2.09220104059204,17.3380482450593,8.29303641733713,0.953902302135248,0.4599609375,0.114779870258644,0.0202966429060325,0.154670755262487,0.00444609113037586,0.0581336079631001,0.00302571861539036,0.00496004411252216,0.00365408055949956,0.00066357001196593,0.00201748480321839,0.0165148070664145,0.00816771062090993,0.000685400969814509,0.00135180808138102,0.00403045228449628,0,0.000778816174715757,0,0.0138389150379226,0.0157921554055065,0.275085454923101,0.0815588604891673,0.0835479294182733,0.00166251033078879,0.0861473054392263,0.0034506554948166,0.0384346608188935,0.0222808569669724,0.01165755931288,0.00812246184796095,0.257069407962263,0.137671534146648,4.94718929752707,0.391886411583982,1.65651831717696,1.64357192668831,0.442807290935889,1.25312141748145,0.119742694892921,0.384845469612628,0.571639061439782,1.74906649428885,0.00719794374890625,0.0431293884757906,0.0285483434563503,0.0355329939920921,0.013291360985022,0.00895316817332059,0.0205268565332517,0.0128064396267291,0.00504413607995957,0.00145507452543825,0.0169529332779348,0.00255264836596325,0.876609440427274,0.226935324957594
0.420295813208213,2.03911560447887,0.635479931108421,10.9769013627665,0,0.0377495451830328,0.0948670203797519,4.62326352534001,0.000738007365725935,0.0244428474688902,0.0479717806447297,1.90280011971481,0.0235930206254125,1.46794879040681,0.00238592294044793,0.052148147020489,0.135714284260757,0.33485640201252,11.7540109250695,0,0.0474272939027287,0.0217489809729159,1.01467215493903,2.51354978210293,0.000789889425504953,0.0180654879659414,0.000762195093557239,0.0210362295038067,0.229244478279725,0.812372362241149,0.644791343715042,1.15040782053256,4.14273698668694,5.17771885730326,0.349219731870107,0.206463200738654,0.169603521761019,0.0466812551021576,0.222063045366667,0.0291767982998863,0.0308267160435207,0.0101710584131069,0.00210028886795044,0.0190531176631339,0.00250469637103379,0.00507292337715626,0.036294691148214,0.0134959778515622,0.00129115558229387,0.00382287357933819,0.00516573409549892,0.00269469135673717,0,0.00215905008371919,0.0284735052846372,0.0321480764541775,0.282941969664535,0.683986043091863,0.0680272132740356,0.0184745321166702,0.110631819930859,0.0181936323642731,0.0493096667923965,0.0478975240839645,0.0157264955923893,0.0402247840538621,0.277640272688586,0.304810564266518,2.65040137991309,2.33270316181006,0.858497457113117,2.46364284260198,0.202972094994038,3.05490609444678,0.0572467060410418,0.940530644496903,0.630742668698076,3.56892939889804,0.0141176473698579,0.136154549894854,0.0359619833761826,0.112538765184581,0.00789733487181365,0.0188067444832996,0.0189180226880126,0.0371944735525176,0.000781555310823023,0.00409696146380156,0.0257345050340518,0.00614628152106889,2.07827787101269,0.319457895238884
0.0653471541590989,0.0125869488692842,0.0356593906180933,0.0307692321948707,0.154562385519966,1.71028042619582,0.010431484435685,0.0230854607652873,0.0760975610464811,0.284412031061947,0.0434782617958263,0.0182841065106913,0.0192953021032736,0.0194269057828933,0.400479625444859,0.782248515519314,0.0717488769441843,0.0116026103496552,0.0282238437212072,0.0474272939027287,0,2.7126436131075,0.0881583888549358,0.122428988106549,3.29161738185212,3.05761307617649,0.915867928415537,4.08163270913064,1.56904236192349,0.504018357954919,3.34800552739762,1.76521745254286,0.0148305085022002,0.0306954439729452,0.00291545200161636,0.0883977916091681,0.504331086762249,0.2516556289047,0.173441737890244,0.142378557939082,3.46491230651736,0.158995811827481,0.00659133697627112,0.0224845414049923,0.00265076220966876,0.0136147043667734,0.0149476836668327,0.0433579341042787,0.00141542812343687,0,0.00337723729899153,0,0.0037629350554198,0.00182815361768007,0.0436432634014636,0.0346964055206627,0.0432525936048478,0.00518283928977326,0.00100502511486411,0.000950570334680378,0.0177304958924651,0.00143575016409159,0.0176860727369785,0.0020986357703805,0.00161290320102125,0.00117924530059099,0.00885235541500151,0.0199137080926448,0.01118881162256,0.0270833347458392,5.53453168831766,3.45471178367734,0.577281198929995,0.76801406708546,0.88759689591825,1.6207584803924,1.02975206647534,0.823529423796572,0.149999995250255,0.012269938364625,0.157608698587865,0.0268646164331585,2.22599700069986,0.235882780398242,0.128081085102167,0.0191870738053694,0.864988518878818,0.133440512232482,0.087978508498054,0.00813516910420731,0.986072406638414,2.59317584335804
0.00316957215545699,0.00468070869101211,0.0018604650394991,0.0110741972457618,0.101338431355543,5.86180406296626,0.00190930790267885,0.01384855969809,0.0541624878533185,0.318054254166782,0,0.0114777619019151,0.00339558580890298,0.00984736601822078,0.0170731707476079,1.21179305191617,0.00367985269986093,0.0148038484621793,0.00789343845099211,0.0217489809729159,2.7126436131075,0,0.0196300495881587,0.0466732868226245,0.525030543794855,1.58262712159194,0.403951706364751,11.5433250458445,0.0554298666538671,0.41773629351519,1.01122018811293,0.967455633915961,0.00430107535794377,0.0145843464997597,0.00303951371461153,0.0543689331971109,0.0118694356642663,2.00777453160845,0.0240963856922463,5.28644954366609,0.00934579409658909,6.12888903729618,0.00667938933474943,0.030839521670714,0.00540175568312407,0.00832755002193153,0.00808489136397839,0.0766355163650587,0,0.00140252453275025,0,0,0.00193236710038036,0.00375234521925449,0.00192307692486793,0.0626828230451792,0.000581395346671343,0.00174165453063324,0,0,0.00269299827050418,0,0.00150489085353911,0,0,0,0.0076555022969842,0.0147403683513403,0.00427960068918765,0.0214592274278402,1.59766763309017,5.17370905901771,0.0344168257433921,1.05045047588646,0.102459010668099,2.60887945676222,0.187817255035043,0.653275128221139,0.00485436897724867,0.00867678970098495,0.00275229359976947,0.0285612279549241,0.00603318260982633,1.18745442666113,0,0.0203407066874206,0.00709219858981669,0.754934216151014,0.00406779663171619,0.0157828282681294,1.7099697869271,0.271954670548439
0.0493408661277499,0.0116595416329801,6.56282530975295,3.44823984688264,1.24086224846542,0.268376602674834,2.2011032740993,3.14806999862776,0.305837557185441,0.129032257013023,0.0897162035107613,0.101437027333304,0.493903798575047,0.753941717441194,0.11541502608452,0.083835469558835,0.0148056750185788,0.00855676014907658,5.56049740139861,1.01467215493903,0.0881583888549358,0.0196300495881587,0,13.4161672003102,1.98722253117012,0.536947395652533,0.451402488863096,0.174144231597893,0.299770569428802,0.289997410727665,10.0039094071835,6.64214417518815,6.49016213411232,1.18898382526822,0.693210074678063,0.229962549172342,0.0265319002792239,0.0150753767229617,0.0346320359967649,0,0.00542005407623947,0,0.00235238767345436,0.00204813107848167,0.00110011000651866,0.00166852050460875,0.00193517177831382,0.0079161815228872,0,0.000558503204956651,0.000786163494922221,0,0,0,0.00283353013219312,0.00219876863411628,0.0396782826574054,0.00678571421303786,0.0102016032615211,0,0.01095140282996,0.000568181800190359,0.0022962111979723,0.00347136147320271,0.00178200186928734,0,0.0948960281384643,0.0295719844289124,0.102333425544202,0.0758017512853257,0.289572861220222,1.54906829376705,0.0980943469330668,0.390199063811451,0.0348089282633737,0.0669710813090205,0.236140239867382,0.241212122840807,0,0.00535168213536963,0.00507497123908252,0.0112994347000495,0.00976730859838426,0.0153148042154498,0.00371057528536767,0.00591327185975388,0,0.00237318314611912,0.00156709109432995,0,0.0458567994064651,0.12121211970225
0.0171122991014272,0.0190645092807245,2.09357218121295,15.5900232946733,0.437256427772809,1.32084306911565,1.12434329203097,5.35367702040821,0.195470797363669,0.665121650788933,0.0280090840533376,0.188057647785172,0.28947369789239,1.0188679365674,0.0253164558671415,0.313010688638315,0.00690448796376586,0.00975269917398691,2.03665074845776,2.51354978210293,0.122428988106549,0.0466732868226245,13.4161672003102,0,1.65797353564994,1.20698051835643,0.610448393737897,0.272957028821111,0.170316300354898,0.592455187230371,4.06313630839577,5.5396934991586,0.876923071104102,0.436119663063437,0.14508723502513,0.048157247249037,0.0244962457800284,0.0376618271693587,0.0469411321100779,0.00521221157396212,0.00924024672713131,0.00304568535648286,0.00165929202921689,0.00672577199293301,0.00199933361727744,0.00270178983919322,0.00514432706404477,0.0147540988982655,0,0.000678886601235718,0,0,0,0,0.00111111113801599,0.00766675220802426,0.0088709676056169,0.0104733133339323,0.00287191272946075,0,0.00213447166606784,0.000693240901455283,0.00140400137752295,0.00353148893918842,0,0.0018820576951839,0.0232008586172014,0.0142064373940229,0.0253251206595451,0.0309951063245535,0.221263234619983,2.65377167612314,0.0787217454635538,0.827376406639814,0.043824702501297,0.170597090618685,0.332346397975925,0.330956848338246,0.00103519670665264,0.00908632040955126,0.0016216216608882,0.0143485305306967,0.00421644409652799,0.0311310956021771,0.000685753475409001,0.00586832920089364,0,0.00877192988991737,0.00223713650484569,0.00170648458879441,0.0821177759207785,0.228510416811332
0,0.000603136315476149,0.63943665008992,0.0457200914388523,8.98468281794339,1.2260424552951,0.128017721843207,0.0287380260124337,1.13615729636513,0.337159255868755,0.00414651003666222,0,0.129056324250996,0.000848896452225745,0.459033080376685,0.337191728176549,0.00566572230309248,0.00119331746827811,0.00340136047452688,0.000789889425504953,3.29161738185212,0.525030543794855,1.98722253117012,1.65797353564994,0,4.69345942232758,13.5420716482913,4.59372350946069,0.317247972358018,0.210887697176076,10.3346663732082,1.61955870548263,0.00549199094530195,0.000839630549307913,0,0.011904762359336,0.00598802417516708,0.03249630657956,0,0.00268276315182447,0,0.00258064526133239,0,0.00289017346221954,0.00110741972457618,0.0022650056052953,0.000868055562023073,0.00730223127175122,0,0,0.000613873533438891,0,0,0,0,0.00441501103341579,0.000531208526808769,0.00212201592512429,0,0,0,0,0,0,0,0,0.000578034669160843,0.00302114814985543,0,0,0.638109292834997,0.599999994272366,0.0466812551021576,0.182578393025324,0.0246002455241978,0.0952380946837366,0.0411413407418877,0.0448979598004371,0,0,0.00319361267611384,0.00703774794237688,0.0230163527885452,0.0412735855206847,0.00172488146927208,0.00328792870277539,0.00341588375158608,0.0103828683495522,0,0.000572573742829263,0.0243902429938316,0.0265486724674702
