0,0.0240067623089999,4.40459528204519,0.0343016065307893,0.00415476504713297,0.00155763246584684,4.02727889001835,0.0243144683190621,0.0211081793531775,0.00153335044160485,4.58256861101836,0.0165562913753092,2.4104720717587,0.01398313784739,0.214714379020734,0.00178332591895014,2.18068864708766,0.0211640215711668,2.41437718109228,0.1385315641528,0.00490647042170167,0.00367421912960708,0.0421052619349211,0.0170178279513493,0.000554323720280081,0.000533475598786026,0,0,3.62282772301114,0.0349402922438458,0.226165126718115,0.0125725342077203,1.57094302587211,0.372604965639766,0.0347058809711598,0.00910194183234125,0.668236517405603,0.00260756205534562,0.330222906603012,0.00503144634421915,0.101768540684134,0.00123076920863241,0.00322580640204251,0.00215889464016072,0.00416763129760511,0.00283286115154624,0.0255512047442608,0.00199760281248018,0.0104886771878228,0.00140845074201934,0.0358003445435315,0,0.00261164794210345,0,0.0553200084832497,0.0228815195441712,11.2049552965618,0.0210358565091155,0.988778088474646,0.00485142495017499,0.548009358462878,0.00523062306456268,0.491595620318549,0.00768902152776718,0.110808806493878,0.00396301201544702,0.457388730661478,0.05121154684457,5.56834863545373,0.109603614197113,0.912525896914303,0.0996386151527986,3.09974013181636,0.0353892828570679,0.888685598329175,0.0577928054844961,0.478403623623308,0.0734363155788742,0.0328478454030119,0.0135760562261567,0.385668281058315,0.0108943950908724,0.236262411577627,0.00239808156038634,0.321123663918115,0.00380729237804189,0.0212649936438538,0.000990099040791392,0.0620500538498163,0.000656383344903588,0.0490133651765063,0.0682110689813271
0.0240067623089999,0,0.0204603583551943,5.26930989115499,0,0.00700619752751663,0.00511073239613324,3.24593782413285,0.000548095384147018,0.00742311810608953,0.00528680917341262,8.4746762154391,0.00471327581908554,1.39178317826008,0.000917852215934545,0.0239355582743883,0.0166577115887776,2.26587008696515,0.24127659140504,2.30048851954052,0.00512820528820157,0.00767999980598688,0.0292825768701732,0.0579770582844503,0.00115373521111906,0.00277161860140041,0.000553709862288088,0.00113668653648347,0.0420353980734944,1.10659666615538,0.11502691952046,0.0640800967812538,0.291657537803985,1.22266526764724,0.0128873886424117,0.0114104597596452,0.0190165717503987,0.125609091948718,0.0182943241670728,0.026604067592416,0.00389357563108206,0.0115792859578505,0.00456526238122024,0.0120240480755456,0.00478697940707207,0.0258852274273522,0.00806451629614457,0.00904419331345707,0.000986679806374013,0.0228210730128922,0.00141118362080306,0.00685959262773395,0,0.000535905652213842,0.00831255223602057,0.0753588507359382,0.0458627340558451,10.9354420057207,0.0252622563566547,0.155638781609014,0.00883002206683159,0.40541204623878,0.0171543892938644,0.870292867766693,0.00205023074522614,0.160418085346464,0.15316841728054,0.483620994869852,0.458333360438701,3.36373675352661,0.0929358041612431,0.661666208470706,0.030196818523109,1.41808657936053,0.00956022937316447,0.72943444509292,0.100052387453616,0.723739532870241,0.00453661679057404,0.134193553589284,0.0128444164001849,0.543063076213002,0.00401002494618297,0.0302804672392085,0.00674062664620578,0.188995208358392,0.000567054143175483,0.0164144653826952,0.00281046889722347,0.0332605422008783,0.219260253361426,0.0822379501769319
4.40459528204519,0.0204603583551943,0,0.737153547961498,1.59063412190881,0.364544978365302,13.1475820725318,0.584523319441359,1.22299467632547,0.147035986650735,1.11925656814128,0.060315940529108,3.82172501180321,0.206108450889587,1.15531579649542,0.0644724987214431,0.416994511324447,0.00681596901267767,10.3222711944254,0.544873077946249,0.0267829341464676,0.0261194023769349,6.2181818750978,1.47973797589657,0.246205728384666,0.141119216918014,0.20955980848521,0.0991689743823372,3.1051832222729,0.110017887025606,4.6214987479616,0.69701418466866,6.83340508592664,0.33649093148415,0.151641786331311,0.0154035733430646,0.444856863643508,0.00369881105143577,0.296743712679017,0.00356687878957018,0.0460132361622527,0.00249999994412065,0.010590631281957,0.00130947181605734,0.00515343167353421,0.00382226472720504,0.017072662449209,0.00282485867501236,0.00482509058201686,0.00237529689911753,0.0270833339891396,0,0.00158772157737985,0,0.0297776873339899,0.0184061088948511,1.32543069383246,0.0102811241522431,0.585888261994114,0.00204206662601791,0.0717382722068578,0.00240615976508707,0.0651048088911921,0.0038860103522893,0.023040319676511,0.00089047197252512,0.572668120265007,0.0235742754302919,1.61639895930421,0.0469129144912586,1.43261668691412,0.635983247309923,2.97421039058827,0.140809011645615,0.673892825841904,0.0618170445668511,0.597595297731459,0.11900487402454,0.0270695621147752,0.00313381373416632,0.140707600454334,0.00638184696435928,0.2136731215287,0.0121359225886408,0.096228508540662,0.0029502875986509,0.0574903241358697,0.00751879677409306,0.0307745512400288,0.000330906681483611,0.0711513590067625,0.142576841637492
0.0343016065307893,5.26930989115499,0.737153547961498,0,0.0360909300216008,4.81537026632577,0.286541250039591,16.7566189574427,0.0351878278888762,0.991452991438564,0.0175115209422074,1.26098194532096,0.123915734002367,2.23906045372132,0.0472024406772107,0.378620968200266,0.00841318076709285,0.0677743788401131,0.934753675101092,8.79941505048191,0.06309491279535,0.109722979133949,1.41039699665271,9.73168907233048,0.0333001973340288,0.445618243888021,0.0609258826589212,0.0966633956995793,0.118967890681233,0.807614393008407,1.58216673877905,2.91080846363911,0.529273995780386,0.882375073502772,0.0293501038104296,0.0172413792461157,0.0292590837925673,0.0508115737466142,0.0678521272493526,0.0241402863175608,0.00769442191813141,0.0223677036119625,0.00409226198098622,0.0166402541217394,0.00506863777991384,0.0167669824732002,0.0185993551276624,0.0313537429610733,0.00173498154617846,0.0119760481175035,0.00128493411466479,0.00306396023370326,0,0,0.0111752658267505,0.0445002686465159,0.0197261884168256,0.278583159903064,0.00879877590341493,0.0208838335238397,0.00469314091606066,0.0467330151004717,0.00309665998793207,0.0584542942524422,0.00134559319121763,0.0447761192335747,0.080507819657214,0.161988772451878,0.537416439154185,1.5353293500084,0.338317767367698,3.55337994324509,0.0970464114798233,1.45105214219075,0.0611637349938974,0.661760678747669,0.389942857931601,0.980068750970531,0.00109799613710493,0.0180475800298154,0.00891530443914235,0.0975929244305007,0.0131955131655559,0.0715220232959837,0.00468872085912153,0.0419599725864828,0.00440744357183576,0.0637342924019322,0.00607999984640628,0.00675883243093267,0.381675090349745,0.358115794952027
0.00415476504713297,0,1.59063412190881,0.0360909300216008,0,0.329083168995567,0.0815261061070487,0.00923432107083499,10.4012616516557,0.053864166373387,0.0477021544938907,0,0.163804496638477,0,3.46643418539315,0.0482244632439688,0.0217129073571414,0.00204813107848167,0.00682852801401168,0,0.170454550534487,0.145146087277681,0.914117610664107,0.121567189693451,3.08909488748759,0.441709833452478,6.1214471894782,0.78350513940677,1.19706836238038,0.0198532585054636,2.29673580103554,0.172967377468012,0.108669592998922,0.00370233261492103,0.0184100423939526,0,0.0210265932837501,0.00490797543898225,0.00967937055975199,0.00564971764106303,0.0569744617678225,0.0114832534454763,0.00725952791981399,0,0.000946073792874813,0,0.0105740181170404,0.00214209209661931,0.00201005022972822,0.000973235990386456,0.0127600553678349,0,0.0012315270723775,0,0.00655021844431758,0.00474254752043635,0.00814956866088323,0.000491400482133031,0.00230149598792195,0,0.00753682776121423,0,0.00315789459273219,0,0.00652883551083505,0,0.00833767559379339,0.00110680691432208,0.00297619064804167,0,3.49487640697043,0.0359496718738228,1.50638291041832,0.0194174766074866,0.0186219741590321,0.00763358781114221,0.0296465214341879,0.00688073365017772,0.00782778859138489,0,0.0535649675875902,0.00172117038164288,0.203530642203987,0.00814249366521835,0.0328257861256134,0.000865051930304617,0.107997261919081,0.015258856350556,0.00992008822504431,0.00102854205761105,0.00213447166606784,0.00664451834745705
0.00155763246584684,0.00700619752751663,0.364544978365302,4.81537026632577,0.329083168995567,0,0.105199756275397,0.918638208182529,0.175283732824028,7.7717965033371,0.00232558138668537,0.0326086969580501,0.0409376017050818,0.0691989480983466,0.0967320289928466,5.63014902127907,0.00482218200340867,0.0174002044368535,0.0470231320941821,0.0259740254841745,1.13718069903553,5.54802249488421,0.714495737920515,3.0519765742938,1.19800569186918,11.5637535983697,1.42672691843472,14.0109893633053,0.0634920657612383,1.46160487981979,1.69846753287129,4.28260877542198,0.0838658132124692,0.022205772693269,0.0167224078904837,0.0146520147100091,0.00865265750326216,0.37522992468439,0.0205562280025333,2.1163184242323,0.00392541708424687,0.820267680217512,0.0224963714717887,0.0642504104180261,0.024586288142018,0.0600393698550761,0.0385050972690806,0.0877944314852357,0,0.0136186770396307,0.000554631173145026,0.000768639496527612,0,0.00119832239579409,0.00436522357631475,0.336606835015118,0.00383417215198278,0.0103168749483302,0.00536809803452343,0.00218738615512848,0.00547945220023394,0,0,0.00484261487144977,0.00326264288742095,0.00513259205035865,0.0260484492173418,0.0426002785679884,0.00991571694612503,0.0231511245947331,0.577108445693739,4.0718563599512,0.0449574744561687,1.2751141024055,0.0613953501451761,0.909437577473,0.190313385450281,0.265902572311461,0,0.00385728059336543,0.00940665672533214,0.0430169180617668,0.00726517930161208,1.31637844792567,0.00118623959133402,0.0523243234783877,0.00273224036209285,2.26143785426393,0.0016528926207684,0.031362469191663,0.253731349250302,0.276548671536148
4.02727889001835,0.00511073239613324,13.1475820725318,0.286541250039591,0.0815261061070487,0.105199756275397,0,0.215424280555453,0.967269784508971,0.0479968255385756,2.32337223307695,0.0171737916534767,11.3297700323164,0.0637516716378741,1.490405152319,0.0178094385773875,0.233173079963308,0.00378286349587142,1.04020099388435,0.174377224204363,0.0100227788207121,0.0104664392129052,1.01306806268985,0.488046164391562,0.010555204062257,0.0278802795801312,0.0126997131446842,0.0133639592677355,2.86735755359405,0.0474252347485162,1.0892457224254,0.238176632090472,0.833304814994335,0.0997514499758836,0.022963126655668,0.00316384175675921,0.164815194206312,0.00282030619564466,0.221776625228813,0.00313479616306722,0.0257352942135185,0.0013701758289244,0.00853999052196741,0.00243013369617984,0.00256975032971241,0.00186393284820952,0.0133734534028918,0.000977995136054233,0.00713749061105773,0.000371126370737329,0.0149877505609766,0,0.00201694230781868,0,0.0194015130109619,0.00668151440913789,0.606181742477929,0.00513236099504866,0.173371483688243,0.00164581957506016,0.0850791608099826,0.000374882860342041,0.0798624399467371,0.00137669930700213,0.0282289240276441,0.00211602891795337,0.117958732356783,0.0106505472504068,0.220934579323512,0.0184124389488716,0.701381946098991,0.20907455595443,2.34906604816206,0.0412979359680321,0.496823957946617,0.0178000908053946,0.439858475408982,0.0405671526677907,0.00734618911519647,0.00137299773632549,0.131868130469229,0.00469208229333162,0.239923948800424,0.00188714853720739,0.133714690586203,0.00301583320833743,0.0650406499626115,0.00193461019080132,0.029010483820457,0.00110757304355502,0.0276281898259185,0.0811895189108327
0.0243144683190621,3.24593782413285,0.584523319441359,16.7566189574427,0.00923432107083499,0.918638208182529,0.215424280555453,0,0.0101226398255676,2.85057027600124,0.0155568202899303,3.68538130342495,0.124012152431533,8.92206096363952,0.0229216564621311,0.536602094507543,0.0103646834904794,0.119891007780097,1.44020689581521,3.1849999288097,0.0260416668606922,0.0372859318158589,1.45051784638781,3.68072577464045,0.00807265401817858,0.108712718589231,0.0105882351344917,0.0363491117896046,0.0749001301301178,1.16101548279403,1.17832795658614,2.13715114953811,0.512634200975299,0.788101700134575,0.0227512108976953,0.0133534355845768,0.0177984137553722,0.081049787113443,0.0407300666556694,0.0270574979949743,0.00612691481364891,0.0234935829648748,0.00697637541452423,0.0123766513133887,0.00670667117810808,0.0218520511698443,0.0109677423606627,0.0195183386676945,0.000360880541848019,0.0124843943922315,0.00223557348363101,0.00487567056552507,0,0.00038314177072607,0.00349206334794872,0.0547355462913401,0.0132055931899231,0.401469446369447,0.00714401720324531,0.0374960287008435,0.00370885489974171,0.102287048706785,0.00183418931555934,0.163211145554669,0.00111317253322341,0.0838852101878729,0.0828146146377549,0.176946687977761,0.167025861446746,0.432040749641601,0.232968727243133,2.70293042482808,0.0627284991496708,0.95493117487058,0.0423692165059038,0.301739136863034,0.286845076974714,0.511706948163919,0.00174901622813195,0.0348735833540559,0.0053840063046664,0.239840859198011,0.005841548088938,0.062352727400139,0.00418167046154849,0.115704500116408,0.0011964107688982,0.057917207130231,0.0027851274353452,0.014514178968966,0.21964802275761,0.219528615212766
0.0211081793531775,0.000548095384147018,1.22299467632547,0.0351878278888762,10.4012616516557,0.175283732824028,0.967269784508971,0.0101226398255676,0,0.0303582259221002,0.143546443083324,0,4.07954159402288,0.000770119368098676,17.4420061751734,0.0126126129180193,0.0626174092758447,0,0.00776699045673013,0.00215285253943875,0.0663316575810313,0.0360000017099082,0.435459727654234,0.110112360678613,0.369597618468106,0.132164536509663,0.751849336666055,0.0717360118869692,3.32943630649243,0.0141843967139721,0.858745577279478,0.0919786114245653,0.0671580674825236,0.00227272720076144,0.00176366837695241,0.00194174761418253,0.0347043700749055,0.00127469724975526,0.0464824115624651,0.00234055006876588,0.0104493205435574,0.00406504049897194,0.0170749819371849,0,0.00779347307980061,0.00101522845216095,0.0146888282615691,0,0.0103680661413819,0,0.0174943570746109,0,0.00767754320986569,0,0.0126535169547424,0.00138360424898565,0.0209194840863347,0,0.0157109193969518,0,0.0104968511732295,0,0.00978792866226286,0,0.0225098477676511,0,0.0132380198920146,0,0.00306905375327915,0,2.14518151455559,0.0273631834425032,1.68686868529767,0.00591715972404927,0.157946702092886,0.0060790276620537,0.0968694663606584,0.00950683280825615,0.00416233111172915,0,0.165062910353299,0,0.471849860623479,0.00525210110936314,0.0904723761486821,0.000438308139564469,0.306704716058448,0.00450958264991641,0.039237670134753,0,0.00456620985642076,0.0380047522485256
0.00153335044160485,0.00742311810608953,0.147035986650735,0.991452991438564,0.053864166373387,7.7717965033371,0.0479968255385756,2.85057027600124,0.0303582259221002,0,0.00112296466249973,0.037410072342027,0.0194174749776721,0.186029415403027,0.0127334467833862,6.2518140040338,0.00348837208002806,0.00893300282768905,0.0348406239063479,0.0316151196602732,0.132379246177152,0.52359751984477,0.430387045198586,1.11564622609876,0.237542658811435,1.77334987930954,0.173913040198386,1.58734340080991,0.0262112793861888,1.10970993759111,0.530710158287548,2.35825389972888,0.0647173513425514,0.0166485710069537,0.00954653928056359,0.0121422378579155,0.00714711123146117,0.128841607715003,0.0081632649526,0.0949781674426049,0,0.229448965750635,0.0106496270745993,0.0458015275653452,0.0137867647572421,0.0305781178176403,0.0191881915088743,0.0454069167608395,0,0.00755786476656795,0.00163621490355581,0.000751032668631524,0,0.00115606933832169,0.000711743778083473,0.0836098215077072,0.00236183273955248,0.00919651516596787,0.00374672148609534,0.00142653356306255,0,0.000969461922068149,0,0.00708940532058477,0.00105263153091073,0.00166736135724932,0.0133333328412846,0.0255712724174373,0.00192492781206965,0.00866336619947106,0.188262633047998,2.09243205061648,0.0210896311327815,0.803088763728738,0.0211267601698637,0.389189198613167,0.104625546373427,0.167220378411002,0.0018450184725225,0.00546448084060103,0.00566371669992805,0.0304396828869358,0.00201207236386836,0.808090761420317,0.00156280526425689,0.0324370469897985,0.00131147541105747,0.69056405685842,0.000541858549695462,0.014173626434058,0.0480480473488569,0.140932648442686
4.58256861101836,0.00528680917341262,1.11925656814128,0.0175115209422074,0.0477021544938907,0.00232558138668537,2.32337223307695,0.0155568202899303,0.143546443083324,0.00112296466249973,0,0.00763358781114221,9.10931932087988,0.0109849870204926,2.08703002717812,0.00169923529028893,7.78278425894678,0.0148075033212081,0.302694732672535,0.0451900024199858,0.0053144374396652,0.00352733675390482,0.0460696825757623,0.0249643373535946,0.00677506788633764,0.00247371685691178,0.00246761250309646,0.0013089005369693,3.30486350145657,0.0158995820675045,0.153699286165647,0.0199600798077881,0.286490688566118,0.0785868765669875,0.0299684548517689,0.00515463924966753,0.233136093127541,0.00352319434750825,0.179606020683423,0.00217037438414991,0.0659944997169077,0,0.0233380485442467,0.0015999999595806,0.0164609053172171,0.00475285167340189,0.0249908117111772,0,0.0349006291944534,0.000939849647693336,0.0706905958941206,0,0.0117855041753501,0,0.0290677059092559,0.011239669227507,3.27302714280086,0.00772387161850929,0.240298509364948,0.00497335696127266,0.503342255833559,0,0.544348729541525,0.00627450970932841,0.137100992607884,0.00414937763707712,0.0946049607591704,0.0211554114357568,0.177118238061666,0.0344191757030785,0.332563508301973,0.0654420191422105,1.69615834811702,0.0175438597798347,0.444638187764212,0.0267618190264329,0.261631090892479,0.0429279038216919,0.104109587380663,0.00721370615065098,1.53102966980077,0.004495644941926,2.71635827142745,0.000981354271061718,0.438596507592592,0.000851607415825129,0.20052083930932,0.00209643598645926,0.0621285804663785,0,0.0534653482027352,0.0737704876810312
0.0165562913753092,8.4746762154391,0.060315940529108,1.26098194532096,0,0.0326086969580501,0.0171737916534767,3.68538130342495,0,0.037410072342027,0.00763358781114221,0,0.0117474305443466,9.47808908403385,0.00224634970072657,0.394281403627247,0.0275184269994497,5.92961380328052,0.743445102125406,1.36620149400551,0.00558269349858165,0.00834492361173034,0.0640720162773505,0.229086231673136,0,0.0145757424179465,0,0.00982532766647637,0.0374161655199714,9.65998543333262,0.280116708017886,0.294627383118495,0.293055562651716,0.586094871163368,0.0279898219741881,0.0286103538237512,0.0160481445491314,0.143497763201594,0.0334975379519165,0.0475081501062959,0.00286738341674209,0.0309423340950161,0.0172413788968697,0.0592011428670958,0.0248896023258567,0.0946843831334263,0.0152066113078035,0.031466330983676,0.00337980571202934,0.0452302634948865,0.00652938219718635,0.0114170583547093,0,0,0.00703999982215464,0.0805046540917829,0.0224225107231177,1.38430404377868,0.0261394110275432,0.0827188238035887,0.0169902914203703,0.187552566698287,0.0114185332786292,0.390329346235376,0.00451467261882499,0.126750187948346,0.142348752706312,0.378351311082952,0.177183446474373,0.767478004214354,0.120825151680037,1.48973606899381,0.0336300677154213,3.00939857191406,0.0165403168648481,0.637193006230518,0.133270767168142,0.557284287759103,0.00571837043389678,0.482660990091972,0.0248407647013664,0.599016325897537,0.00434216228313744,0.162254478200339,0.00699300711858086,0.176364725542953,0.00108695647213608,0.0452079577371478,0.00299550674390048,0.019690576242283,0.316590566188097,0.125000001862645
2.4104720717587,0.00471327581908554,3.82172501180321,0.123915734002367,0.163804496638477,0.0409376017050818,11.3297700323164,0.124012152431533,4.07954159402288,0.0194174749776721,9.10931932087988,0.0117474305443466,0,0.0415841597132385,10.715451282158,0.0120120120700449,1.49671059043612,0.0119940028525889,0.402687901922036,0.0756501173600554,0.0147662018425763,0.00900532101513818,0.499790888425196,0.281546319834888,0.0186714534647763,0.0123034855350852,0.0163822523318231,0.00704970036167651,4.81813428376336,0.0335225726012141,0.802585178753361,0.143676429754123,0.450450475909747,0.0685770285781473,0.0240589836612344,0.0105135462945327,0.204068020102568,0.00132802128791809,0.273476115544327,0.00317258876748383,0.0358333342010155,0.000824062619358301,0.040609136223793,0.00052507221698761,0.0228832941502333,0.00117198948282748,0.0531017390312627,0.000478125759400427,0.0397390282596461,0.000581902801059186,0.0878283561032731,0.00100426818244159,0.0186294072773308,0,0.0406779649201781,0.00738347927108407,1.06157722068019,0.00770359512534924,0.198044621502049,0.00290979637065902,0.318065567174926,0.000591191230341792,0.286410715198144,0.00259134481893852,0.105590060120448,0.00322667369619012,0.0984674350765999,0.0184147314284928,0.125367857341189,0.0265667571220547,1.00098653568421,0.155358904274181,2.89857936336193,0.0395786798326299,0.694625383068342,0.0205761316465214,0.519132642424665,0.0415866923867725,0.034109815955162,0.00578990910435095,0.80434260002221,0.00698438790277578,1.83796862140298,0.00418285047635436,0.560335434623994,0.00199800194241107,0.423198605072685,0,0.126122529036365,0.000758869282435626,0.0319103071815334,0.102407004742417
0.01398313784739,1.39178317826008,0.206108450889587,2.23906045372132,0,0.0691989480983466,0.0637516716378741,8.92206096363952,0.000770119368098676,0.186029415403027,0.0109849870204926,9.47808908403385,0.0415841597132385,0,0.003629763959907,0.309140600438695,0.00898876413702965,0.41551434667781,1.44353071250953,1.73160629079212,0.00773694412782788,0.0115774241276085,0.484134178608656,1.32033122773282,0.00165631470736116,0.0125195616856217,0.00312500004656613,0.00810701283626258,0.0455593985971063,3.95854601351311,0.537244548031595,0.866462830163073,0.294167867104989,0.47993535886053,0.022655188513454,0.0152163580060005,0.0152149109635502,0.0643451930955052,0.0217636022716761,0.025161754747387,0.00492610852234066,0.0145843464997597,0.00902574969222769,0.0174469314515591,0.00447856687242165,0.0282615847536363,0.00819672161014751,0.0152111205388792,0.00266489014029503,0.00847733957925811,0.00173272693064064,0.00498200941365212,0,0.00149253732524812,0.00425531901419163,0.0433905140962452,0.0108024692162871,0.678866569069214,0.00663166609592736,0.0362280239351094,0.0040702112019062,0.0962495891144499,0.00343406602041796,0.230438520549797,0.000701754412148148,0.0615108992788009,0.0581443287665024,0.145698224107036,0.117569356458262,0.31722525152145,0.119056534138508,1.72771356627345,0.0406473479233682,1.27759686205536,0.0402684569125995,0.255339811265003,0.164859004318714,0.390420898445882,0.00196656840853393,0.1005859375,0.00847682077437639,0.281903068826068,0.00204220565501601,0.03627813316416,0.00197726144688204,0.116749468958005,0,0.0295047430554405,0.00258564966497943,0.0155070388573222,0.277065171394497,0.173368145013228
0.214714379020734,0.000917852215934545,1.15531579649542,0.0472024406772107,3.46643418539315,0.0967320289928466,1.490405152319,0.0229216564621311,17.4420061751734,0.0127334467833862,2.08703002717812,0.00224634970072657,10.715451282158,0.003629763959907,0,0.0116080574807711,1.06591502338415,0.00384467508411035,0.0517661412595771,0.00572082353755832,1.07629109534901,0.0210649506188929,0.344367602723651,0.128440372878686,0.28863968886435,0.0666058388887905,0.545537337253336,0.030432716012001,8.1894327379996,0.0141652618185617,0.962546826340258,0.0759984492324293,0.0990161877125502,0.01911018230021,0.0119370591128245,0.00575043144635856,0.294922729255632,0.00526777887716889,0.158192087430507,0.000827129872050136,1.66266501299106,0.00472533982247114,0.0593593865633011,0.000650406524073333,0.0398262130329385,0.00298618897795677,0.0558252432383597,0.00289939111098647,0.0477634579874575,0.000739918614272028,0.0804138251405675,0.000615574012044817,0.022007041843608,0,0.0871613698545843,0.00166666670702398,0.172614109702408,0.00381517593632452,0.0847926250426099,0.00117994099855423,0.0807401156052947,0.00226500572171062,0.0604395619593561,0.00383999990299344,0.10136766184587,0.00268006697297096,0.0521622831292916,0.0131393714109436,0.0270270276814699,0.00726612191647291,2.09449500590563,0.0483383685350418,2.47710422147065,0.00917048746487126,0.196283386903815,0.00943396240472794,0.210657783376519,0.0209030098631047,0.0479041924700141,0,0.93403697758913,0.0062893082795199,8.54001572891138,0.000765403732657433,0.551095514791086,0.000379362667445093,1.95357647980563,0.00402738631237298,0.284311440773308,0.00132245974964462,0.00757097778841853,0.0348162464797497
0.00178332591895014,0.0239355582743883,0.0644724987214431,0.378620968200266,0.0482244632439688,5.63014902127907,0.0178094385773875,0.536602094507543,0.0126126129180193,6.2518140040338,0.00169923529028893,0.394281403627247,0.0120120120700449,0.309140600438695,0.0116080574807711,0,0.0191888355184346,0.268933530896902,0.0360745952348225,0.0459374114871025,0.234180947067216,1.97287738788873,0.183890962216537,0.483660119120032,0.177625123062171,1.13538319111103,0.173156209755689,2.75406695134006,0.0362342284061015,11.5697834294988,0.31765149673447,1.01325018913485,0.0815806239843369,0.0437649890081957,0.0218579242937267,0.0324449585750699,0.00621669640531763,0.680794683401473,0.00611888105049729,0.972141406149603,0,0.803571459255181,0.125073745846748,0.31874590460211,0.110585663933307,0.327081772498786,0.178495270723943,0.454016304574907,0.0129523808136582,0.0810408925754018,0.00990566052496433,0.0129789862548932,0,0.00607902719639242,0.00118238246068358,0.446612746571191,0.0183066364843398,0.0280552596668713,0.0326958656660281,0.0118448329158127,0.0135059086605906,0.00531107734423131,0.0126232737675309,0.0134961439180188,0.00889607763383538,0.0390309549402446,0.116700202168431,0.24994116142625,0.0113164843060076,0.0593878497602418,0.358326068962924,2.81857640988892,0.0175438600126654,3.01508802903118,0.018724400550127,1.32620317675173,0.14901632128749,0.614543912408408,0.00724200345575809,0.0646319543011487,0.0247204225743189,0.356224212970119,0.00702850450761616,4.77461538906209,0.00983836955856532,0.248336194548756,0,2.67449387902161,0.000938086304813623,0.0862068988499232,0.230279898969457,0.0481144341174513
2.18068864708766,0.0166577115887776,0.416994511324447,0.00841318076709285,0.0217129073571414,0.00482218200340867,0.233173079963308,0.0103646834904794,0.0626174092758447,0.00348837208002806,7.78278425894678,0.0275184269994497,1.49671059043612,0.00898876413702965,1.06591502338415,0.0191888355184346,0,0.118066158145666,0.128398791421205,0.0335664348676801,0.0149812735617161,0.013047530548647,0.0181711600744165,0.0102078020572662,0.00141342752613127,0,0.00769230793230236,0.00408997968770564,3.54619119595736,0.135680553386919,0.0658800416858867,0.00617601675912738,0.657654084963724,0.224106153473258,0.550124285276979,0.357207614928484,0.829957017209381,0.088915960281156,0.195795800536871,0.0179573521018028,0.0718446617247537,0.0132450331002474,0.529815666261129,0.024600246688351,1.044214477879,0.0695056279655546,0.176691731030587,0.01706363260746,1.17582414310891,0.0232220613397658,0.890793479222339,0.00535782612860203,0.0586797092109919,0,0.0891304378747009,0.0371120095951483,5.63097510079388,0.0524252796312794,1.364642955421,0.0174291939474642,1.07608323125169,0.0357675128616393,1.8849371902179,0.036159100709483,0.591351365670562,0.0621541094733402,0.814025940431748,0.298400426632725,0.164694282226264,0.123882500221953,0.306403338909149,0.0892325973836705,1.17320455983281,0.13159387325868,0.37384899368044,0.101886793971062,0.619479033048265,0.439635553630069,2.90328828396741,0.0667938933474943,9.27135157585144,0.0663236130494624,3.53766786586493,0.0293373796157539,1.46419408326619,0.0224331327481195,0.233220340218395,0.0184082289924845,0.0933809392154217,0.00358882342698053,0.103266592137516,0.0677595653105527
0.0211640215711668,2.26587008696515,0.00681596901267767,0.0677743788401131,0.00204813107848167,0.0174002044368535,0.00378286349587142,0.119891007780097,0,0.00893300282768905,0.0148075033212081,5.92961380328052,0.0119940028525889,0.41551434667781,0.00384467508411035,0.268933530896902,0.118066158145666,0,0.0747536559356377,0.135657688253559,0.00146735145244747,0.0146198831498623,0.03398974891752,0.0289664245210588,0.00350877188611776,0.00432198820635676,0,0.00794551684521139,0.118711549788713,19.8902431614697,0.0463718347018585,0.0357462023384869,0.733807835204061,0.484707431460265,0.134487344766967,0.124463522457518,0.0249480251222849,0.152813627384603,0.00612244871445,0.0356283099972643,0.00603773584589362,0.0281065092422068,0.0280862170038745,0.0950987584656104,0.0644361816812307,0.264328490593471,0.0209813874098472,0.051480052061379,0.0139312148094177,0.106689244159497,0.0214723921380937,0.0192572216037661,0,0,0.0045826513087377,0.120282293995842,0.12681402429007,2.30568886245601,0.145504457410425,0.123975075955968,0.0570365786552429,0.217504332831595,0.0879021314322017,5.44468388776295,0.0279720278922468,0.182299539563246,0.685162862646393,1.12165264994837,0.0439087398117408,0.990865166764706,0.210579859907739,0.70242916746065,0.099385240348056,4.9727890988579,0.0289645185694098,0.665682643884793,0.17564289458096,0.507069723680615,0.0436418347526342,15.6217426888179,0.138762212649453,5.17848695185967,0.029556650086306,0.235915488563478,0.0436241601419169,0.244169537618291,0.00903954822570086,0.0672268909402192,0.00508130062371492,0.0367016213131137,0.186495173722506,0.031404958688654
2.41437718109228,0.24127659140504,10.3222711944254,0.934753675101092,0.00682852801401168,0.0470231320941821,1.04020099388435,1.44020689581521,0.00776699045673013,0.0348406239063479,0.302694732672535,0.743445102125406,0.402687901922036,1.44353071250953,0.0517661412595771,0.0360745952348225,0.128398791421205,0.0747536559356377,0,10.1594577110372,0.0244379276409745,0.0175524135120213,5.96264223661274,1.88820218847832,0.0125365646090358,0.00789265963248909,0.00866824272088706,0.00572597148129717,0.604759145644493,0.531599661160726,5.23505991697311,1.71585069794673,13.548239902826,5.4808992301696,0.427459961909335,0.232580491225235,0.155734561849385,0.031297710025683,0.139992428885307,0.0108695655944757,0.029880478978157,0.0117936115711927,0.00267022696789354,0.00526777887716889,0.00515463901683688,0.00794438947923481,0.0104452996747568,0.0100237408769317,0.00201342289801687,0.00525451544672251,0.00870511401444674,0.00111389590892941,0,0.000752445426769555,0.0208667729166336,0.0192795529728755,0.654784960206598,0.115415017586201,0.348623851547018,0.0144694526097737,0.0271169099141844,0.0213975254446268,0.017301038315054,0.0484568788670003,0.0084865631069988,0.013826270122081,0.951532743434655,0.459600362344645,10.0931467284681,1.39150938601233,0.94677239167504,2.94095529417973,0.807590138632804,1.12002923036925,0.267441859468818,0.710500492248684,0.583819263323676,1.47329922730569,0.0109343931544572,0.040473842411302,0.0325073286076076,0.0616621990338899,0.0192043895367533,0.010829103179276,0.0155448978184722,0.0178126108949073,0.00652262521907687,0.0127433625748381,0.00692790653556585,0.00573888083454221,0.779449950787239,0.477548845112324
0.1385315641528,2.30048851954052,0.544873077946249,8.79941505048191,0,0.0259740254841745,0.174377224204363,3.1849999288097,0.00215285253943875,0.0316151196602732,0.0451900024199858,1.36620149400551,0.0756501173600554,1.73160629079212,0.00572082353755832,0.0459374114871025,0.0335664348676801,0.135657688253559,10.1594577110372,0,0.0186005310388282,0.023862129484769,0.364624069654383,1.31451816967456,0.0023032629978843,0.00436999287921935,0,0.00526910065673292,0.121924542880151,0.549019597121514,1.38647641550051,0.738589234941173,2.93279368034564,2.91058144997805,0.115143931936473,0.0689053639071062,0.0737850326113403,0.038841807981953,0.126795100222807,0.0188425299711525,0.016216216608882,0.00801068072905764,0.00353803392499685,0.00606227613752708,0.00603136315476149,0.0142282711458392,0.0171428564353846,0.0119910067878664,0,0.0110531161772087,0.0024963595205918,0.00368130439892411,0,0,0.0202531646937132,0.036109773645876,0.0725716413580813,0.297420331276953,0.0362299829721451,0.0233265714487061,0.00922106273355894,0.0330939733539708,0.0109606701880693,0.0684968718560413,0.00789473718032241,0.0333427508012392,0.672619056858821,0.543189355870709,7.24611553142313,6.44121913495474,0.380286602303386,3.17171709565446,0.157358629629016,1.98984080739319,0.0694200358120725,1.36711112631019,0.554803767008707,2.4670739088906,0.00449640298029408,0.0357462023384869,0.0176544766873121,0.110921498271637,0.00767263420857489,0.0138932748232037,0.00607125734677538,0.0453141087200493,0,0.0105367135256529,0.0103498241514899,0.00785700278356671,1.05095840501599,0.497862230055034
0.00490647042170167,0.00512820528820157,0.0267829341464676,0.06309491279535,0.170454550534487,1.13718069903553,0.0100227788207121,0.0260416668606922,0.0663316575810313,0.132379246177152,0.0053144374396652,0.00558269349858165,0.0147662018425763,0.00773694412782788,1.07629109534901,0.234180947067216,0.0149812735617161,0.00146735145244747,0.0244379276409745,0.0186005310388282,0,4.00000020582229,0.147330962063279,0.106492291786708,2.56088555906899,2.40670851245522,1.89144054288045,1.45433522760868,1.79421212361194,0.115807761903852,2.96508371189702,1.96271435031667,0.0303188699763268,0.0265277116559446,0.00661157025024295,0.0159680638462305,0.21421616896987,0.0865384616190568,0.205079960520379,0.09491525311023,8.32710254006088,0.171428579371423,0.00831408781232312,0.0337506787618622,0.0196850392967463,0.0374739750986919,0.0233236150816083,0.0443238351144828,0.00142857141327113,0.0122866892488673,0.000663349928800017,0.00198906008154154,0,0,0.0444856351241469,0.0635055024758913,0.00446677813306451,0.00344827584922314,0.00892414525151253,0.00185873603913933,0.00429368839832023,0.00141743442509323,0.00610687024891376,0.00423953356221318,0.00480769237037748,0.00343445898033679,0.012315270723775,0.0271164012956433,0.00841514719650149,0.0165975112468004,7.45743680652231,2.2001853705151,0.754502360709012,0.430663232691586,0.280991723760962,1.1179039478302,0.563573891296983,0.405545927351341,0.00462962966412306,0.0134529154747725,0.055223194649443,0.0124309397069737,2.8922156766057,0.117818178841844,0.0465636879671365,0.00991571694612503,0.540664401836693,0.215261048637331,0.0394866743590683,0.00788117607589811,0.374639758374542,1.22683703899384
0.00367421912960708,0.00767999980598688,0.0261194023769349,0.109722979133949,0.145146087277681,5.54802249488421,0.0104664392129052,0.0372859318158589,0.0360000017099082,0.52359751984477,0.00352733675390482,0.00834492361173034,0.00900532101513818,0.0115774241276085,0.0210649506188929,1.97287738788873,0.013047530548647,0.0146198831498623,0.0175524135120213,0.023862129484769,4.00000020582229,0,0.101598577923141,0.137931037228554,0.69926653476432,1.90406675147824,0.407061284407973,11.2298850156367,0.0502405154984444,0.279445725725964,1.29157970845699,1.99999996251427,0.0510948909213766,0.0151228737086058,0.0360655738040805,0.0197628466412425,0.0658914726227522,1.64976074500009,0.091760300565511,6.67173000285402,0.0646651266142726,5.26086932513863,0.025806451914832,0.0727470167912543,0.0405493769794703,0.11894882726483,0.0397479388047941,0.0821299633826129,0.00142348755616695,0.0217687077820301,0.00331125833326951,0.00396825419738889,0,0,0.0129449834348634,0.393747365451418,0.00724839663598686,0.0114777614362538,0.00890207674819976,0.00370885478332639,0.00257069407962263,0.00423728814348578,0.00760456256102771,0.0105708243791014,0.00478850759100169,0.0114155246410519,0.0393482930958271,0.075932648323942,0.00419287208933383,0.0598555239848793,2.50651772180572,8.34686356969178,0.0905660390853882,1.15780449123122,0.208588952198625,3.56371480738744,0.403763907961547,0.712683371151797,0.00915331766009331,0.0133037692867219,0.00459136819699779,0.0227507746894844,0.0044742728350684,0.956521772313863,0.00357781746424735,0.0252537744236179,0,1.97439995012246,0.00722733227303252,0.0484261522069573,4.5397728625685,0.993710657581687
0.0421052619349211,0.0292825768701732,6.2181818750978,1.41039699665271,0.914117610664107,0.714495737920515,1.01306806268985,1.45051784638781,0.435459727654234,0.430387045198586,0.0460696825757623,0.0640720162773505,0.499790888425196,0.484134178608656,0.344367602723651,0.183890962216537,0.0181711600744165,0.03398974891752,5.96264223661274,0.364624069654383,0.147330962063279,0.101598577923141,0,7.80066869698931,2.71903717983514,0.482110365992412,0.888552356336731,0.216889997944236,0.353919237968512,0.375829015974887,6.91313560609706,2.61112628428964,5.51186292816419,0.623120077536441,0.465920669550542,0.203866437659599,0.0658558323048055,0.0366430260473862,0.0322864687768742,0.0124858121853322,0.00432900432497263,0.0114326542243361,0.00487913069082424,0.0100454436033033,0.00361944152973592,0.0142668426269665,0.00954111767350696,0.0180021953710821,0.00320512836333364,0.00105014443397522,0.0044784473720938,0.00137772678863257,0.00118413264863193,0,0.00577521111699753,0.0123246920993552,0.0361120493907947,0.0350274734082632,0.0270580147043802,0.000889679708052427,0.00556387740653008,0.00532623147591949,0.00602079916279763,0.0141810442437418,0.00389755022479221,0.00733317079721019,0.306509306741646,0.141207154636504,0.129973475413863,0.203143900260329,0.375036634504795,1.66053170594387,0.223595184506848,0.400570624507964,0.0629420097102411,0.0906495349481702,0.265108316671103,0.273299026186578,0.00360230536898598,0.0114695336669683,0.0225813600118272,0.0244274809956551,0.0364130418165587,0.0360311896074563,0.0126266331644729,0.0090937594359275,0.0167858250788413,0.0378935656044632,0.00260078016435727,0.00318979271105491,0.0698625028599054,0.239367715548724
0.0170178279513493,0.0579770582844503,1.47973797589657,9.73168907233048,0.121567189693451,3.0519765742938,0.488046164391562,3.68072577464045,0.110112360678613,1.11564622609876,0.0249643373535946,0.229086231673136,0.281546319834888,1.32033122773282,0.128440372878686,0.483660119120032,0.0102078020572662,0.0289664245210588,1.88820218847832,1.31451816967456,0.106492291786708,0.137931037228554,7.80066869698931,0,0.467041792813689,0.626093586150091,0.212685153819621,0.125984251499176,0.176786223892123,0.908877103589475,2.10106210783124,2.83686997764744,0.932552979153115,0.215002632699907,0.13157895009499,0.042279411922209,0.0355292363092303,0.0316758758272044,0.0489408346475102,0.0224168132990599,0.00665715662762523,0.0272300476790406,0.0062500003259629,0.0182232353836298,0.00687714928062633,0.0154043650254607,0.0166086254757829,0.0138960377080366,0.000650406524073333,0.00318471342325211,0.00170575687661767,0.00271296798018739,0,0,0.00469606078695506,0.0247708696406335,0.0129351342911832,0.0380213375319727,0.00812567712273449,0.00365821807645261,0.00349650339921936,0.00194426433881745,0.00268006697297096,0.016282987606246,0.00205268565332517,0.0105201633414254,0.0621572220115922,0.0532028097950388,0.0548210239503533,0.0886699492111802,0.349854240193963,3.22803196235327,0.141391944198404,0.778561379760504,0.0815192209556699,0.191279883496463,0.359985911694821,0.356309649534523,0.000949216890148818,0.0160301740979776,0.0135135136079043,0.034565740643302,0.0152773160953075,0.0675409836694598,0.00618690994451754,0.0199684713443276,0.00784929376095533,0.067808220977895,0.00466694944771007,0.0036188178055454,0.13946586905513,0.436619702959433
