0,0.0289296044502407,5.27872946258867,0.0412099972309079,0.0402355251135305,0.00682095013326034,6.76737703074468,0.0338720121362712,0.125440806965344,0.00292468926636502,6.6031440309016,0.0126496496377513,4.66055034776218,0.0155038759112358,0.612582069647033,0.00550381021457724,2.39775775020826,0.0109890110325068,2.21600464548101,0.191909696732182,0.0360989809269086,0.00693641602993011,0.0592973444436211,0.0190735692158341,0.00625651725567877,0.00350789295043796,0.0181772278156132,0.00314877997152507,3.222451582551,0.01749635534361,0.582541832933202,0.0294450728688389,1.74081546883099,0.341472866944969,0.0651034516049549,0.0252438322640955,0.593641359300818,0.00297250435687602,0.615008590859361,0.00951248512137681,0.38612987101078,0.00117508810944855,0.00995977764250711,0.000410677632316947,0.0043696744251065,0.00044893377344124,0.0307078764017206,0.00228223664453253,0.00772025453625247,0.000884955748915672,0.0429860557778738,0.000796812761109322,0.0128521990263835,0,0.0559815937886015,0.0237212758511305,13.7520661205053,0.0190131285635289,0.468203504919074,0.00192938459804282,2.02585881238338,0.00363967241719365,1.46757838735357,0.00521146538085304,0.248069268127438,0.00293685749056749,0.292962110281223,0.0392544957285281,5.96713078519679,0.082093384116888,1.70732900564326,0.246408575505484,3.59625806985423,0.0288669706787914,0.492879961617291,0.0116414437070489,0.954718798573595,0.075998077460099,0.0645543393911794,0.00701549230143428,0.562049339903751,0.00925772858317941,0.529290128499269,0.00502168454113416,0.467973189399345,0.00336370000150055,0.0672703742748126,0.000938746787142009,0.088704315276118,0,0.130619689298328,0.096597816736903
0.0289296044502407,0,0.0185481293592602,4.21243458191748,0.000511770718730986,0.0584201168385334,0.00379146926570684,4.80507460946683,0.000526038929820061,0.0452350710402243,0.00252079655183479,7.10495414678007,0.00189322221558541,1.96714746154612,0.00131781242089346,0.136523269233294,0.0121982214041054,2.05095235898625,0.207566262659384,2.16242467940901,0.0673400668893009,0.0607533438596874,0.0247044287971221,0.0422535196412355,0.00599781872006133,0.0156944815535098,0.00580015848390758,0.0159209439880215,0.0440359139174689,1.56356574146776,0.0799247776740231,0.175182478269562,0.192645209492184,1.1037660400325,0.0306624240474775,0.0235081372666173,0.0243649554322474,0.157146546989679,0.0418047392740846,0.0376517218537629,0.00618238002061844,0.00988875143229961,0.001187413407024,0.00893236912088469,0.00272170559037477,0.0130627481266856,0.00701464823214337,0.0263261306099594,0,0.0101102941553108,0.000337438832502812,0.00783182203304023,0.000515729770995677,0,0.00792393053416163,0.0451415459392592,0.0493294280022383,8.8459515075665,0.0189144738251343,0.125623130734311,0.0167746859369799,0.510406811255962,0.0122759636724368,1.07363620912656,0.00633373940945603,0.150467492931057,0.196601553761866,0.501781172119081,0.433895090885926,2.34798924962524,0.165726019185968,1.22061440721154,0.0282485864590853,1.4865881082369,0.0177207452943549,0.302325586322695,0.157398211944383,0.613032563647721,0.00124649424105883,0.185059940966312,0.0101920813904144,0.533922820759472,0.000955794530455023,0.0602895804622676,0.00618695339653641,0.115114111918956,0.000540979148354381,0.02247740176972,0.0047846888191998,0.0267667698208243,0.516645333962515,0.0588988484814763
5.27872946258867,0.0185481293592602,0,0.578036349033937,2.44011690653861,0.367415994405746,21.5256431212183,0.236384716001339,1.33583211957011,0.170253933407366,1.8752099708945,0.0206324289320037,4.96935444523115,0.0774268132809084,1.12434253515676,0.0567703957494814,0.448851278983057,0.00545454549137503,6.16371752839768,0.1937535108882,0.0184597633779049,0.0091638034209609,6.47008711122908,1.082011571154,0.615305060055107,0.146656726428773,0.102178809000179,0.0707780341617763,3.3357934509404,0.0471756660263054,8.14414034268702,0.530245116184233,5.88367415615357,0.153698002482997,0.111019962001592,0.0108015922014602,0.318876302742865,0.0073728189454414,0.2750424410915,0.0075525133870542,0.0611353709246032,0.00116414437070489,0.00228440895443782,0.00081599346594885,0.00694293761625886,0.00178292847704142,0.0118882505921647,0.00378071825252846,0.00180342653766274,0,0.0137098089326173,0.000395882816519588,0.006866111070849,0,0.0198170724324882,0.00994841591455042,0.712726188765373,0.00600690778810531,0.129541865782812,0.000383509119274095,0.174072707479354,0.00180668476969004,0.161947107117157,0.00557657820172608,0.0334494765847921,0.00125026048044674,0.117284901469247,0.0134536510449834,1.22275099827675,0.0234096692875028,2.1464128845837,0.259482970170211,2.41621885658242,0.0410599188762717,0.358191782026552,0.0121107262093574,0.62204351881519,0.0443914087372832,0.024640656192787,0.00173761951737106,0.155790267279372,0.00559118573437445,0.244013676419854,0.00861092252307571,0.0966601141844876,0.00111622712574899,0.0323325649369508,0.00186349870637059,0.0261070731212385,0.000948316737776622,0.0523465717560612,0.0589651038171723
0.0412099972309079,4.21243458191748,0.578036349033937,0,0.0534334293333814,2.97235624463065,0.180364727100823,18.746458229376,0.0574270873330534,1.08516244869679,0.0113339145900682,0.927459017257206,0.0559037798666395,2.20701940462459,0.0309238489717245,0.484836781979539,0.00877963146194816,0.116158477030694,2.13695188533165,10.8779476576019,0.103395058598835,0.119601334445179,3.04452927201055,12.2371672070876,0.0624854284687899,0.864086430519819,0.0385138204728719,0.159943714970723,0.089073410956189,1.09668825109839,1.62420513739926,4.77978640358197,0.633253193460405,1.49225012375973,0.0505149600212462,0.0177710084244609,0.0343826755997725,0.10423162614461,0.0770246464526281,0.0360669825458899,0.00829875562340021,0.0212600460508838,0.0014099400723353,0.0184106708911713,0.00119284295942634,0.0122249385458417,0.00768105356837623,0.0273157058400102,0.000411776825785637,0.00603257576585747,0.000610873568803072,0.00365430285455659,0.000444543227786198,0,0.00670312219881453,0.0348777555045672,0.0256049518357031,0.530790972377872,0.0113035549002234,0.0227111428976059,0.011249361152295,0.14064755308209,0.00468683411600068,0.210584339860361,0.00634786279988475,0.0528735643601976,0.111882045079255,0.175260893796803,0.334298718255013,0.716157202259637,0.438592597725801,3.60087726759957,0.0615725374955218,1.06724511890206,0.0539291196037084,0.25507843028754,0.348031836590962,0.851008448400535,0.00261096603935584,0.0304594730259851,0.00594094014377333,0.189787754061399,0.0037453182740137,0.0835746795637533,0.00496524327900261,0.049288350623101,0.000926354783587158,0.0296987692127004,0.00865132105536759,0.014819206262473,0.381308411015198,0.198130841017701
0.0402355251135305,0.000511770718730986,2.44011690653861,0.0534334293333814,0,0.340591832646169,0.265317805024097,0.0169710380141623,9.07367137505207,0.109558411175385,0.0637012638617307,0.00189304305240512,0.198979587759823,0.00140548136550933,3.16493550187442,0.0456431540078484,0.127445498714224,0.00194741971790791,0.0114408293738961,0.00399866723455489,0.164139156695455,0.0261780107393861,1.05992615700234,0.107648723758757,5.84888289950322,0.343470476567745,5.63570106017869,0.523714116774499,1.58925752411596,0.0160836346913129,3.25332065660041,0.111375538457651,0.106818178435788,0.00562192546203732,0.0137299775378779,0.00341296917758882,0.211448591435328,0.00812536280136555,0.0585256041958928,0.00528820732142776,1.16620752203744,0.00366972479969263,0.00206398341106251,0,0.00176756514701992,0,0.00962606479879469,0.00135869567748159,0.00287081336136907,0,0.00687648786697537,0,0.011547344038263,0,0.0434183317702264,0,0.0428472694766242,0.000463714357465506,0.00735835172235966,0,0.0135483876219951,0,0.040477427537553,0.000747663551010191,0.0122511489316821,0,0.00915442066616379,0.00266737799393013,0.00677310122409835,0.00126262626145035,4.0924655838171,0.0725041853729635,0.910755107179284,0.0162778078811243,0.207630884251557,0.00534759345464408,0.065887353150174,0.00867678970098495,0.0169332077493891,0,0.118403242959175,0.00321285123936832,0.802354122279212,0.00967585889156908,0.0744942309393082,0.000829703407362103,0.135396514087915,0.00308166397735476,0.0323799240868539,0.00100477272644639,0.0184049075469375,0.0143149280920625
0.00682095013326034,0.0584201168385334,0.367415994405746,2.97235624463065,0.340591832646169,0,0.0823842036479618,0.932110069552436,0.301483677700162,12.3498349331785,0.00756756775081158,0.0765639591263607,0.044865716889035,0.127999996300787,0.110016421065666,6.30750325089321,0.0154015400912613,0.0796927524497733,0.0672328358632512,0.0871287155896425,2.11478265374899,8.36765942396596,0.634366227313876,1.99439181567868,1.22759506106377,13.5357557560783,1.84128885355312,13.5674971751869,0.131979695754126,1.79491258761846,2.85914825857617,3.91643202997511,0.0621955766691826,0.0639999981503934,0.0373134331312031,0.0716069935588166,0.0160827112849802,1.11757986235898,0.0299003325635567,3.12291682953946,0,0.999106355360709,0.0156675747130066,0.0479690507054329,0.0104712042957544,0.038709677872248,0.0139194141956978,0.133871504745912,0,0.0125279644271359,0.00104986876249313,0.00292504578828812,0.00113571831025183,0.00110132154077291,0.00136472191661596,0.432658306555822,0.00823798641795292,0.0368493772111833,0.00509646907448769,0.0069013109896332,0.0108660918776877,0.0113690192811191,0.00715746404603124,0.0184911245014518,0.0100603618193418,0.0145044318633154,0.0535885160788894,0.131815777276643,0.0257633588626049,0.0657160580158234,1.67097141779959,4.6256861158181,0.0450196955353022,1.14636757795233,0.0899654007516801,0.568201582180336,0.187336470815353,0.510411117924377,0.00915750919375569,0.0211267601698637,0.00938023440539837,0.0945802327478305,0.0106382981757633,2.32347329001641,0.00789770603296347,0.0626804111525416,0.0050632911734283,2.9342106000986,0.00160642561968416,0.138154608488549,1.79344587237574,0.252234358573332
6.76737703074468,0.00379146926570684,21.5256431212183,0.180364727100823,0.265317805024097,0.0823842036479618,0,0.0791189027950168,1.47632958891336,0.0451955951866694,3.40468110068468,0.00250447218422778,12.2189630273497,0.0158152775838971,1.52345344430069,0.0152879221423063,0.332700347760692,0.00180799135705456,0.872489676374244,0.040753320325166,0.00695954775437713,0.00302833653404377,1.53786799620138,0.351372787670698,0.0628125639923383,0.041909197345376,0.0214676030736882,0.0120627260184847,3.53270095330663,0.0137491611531004,2.40393911107094,0.166009321168531,0.861533460556529,0.038589277304709,0.0275689227855764,0.00473220049752854,0.183850457629887,0.0026923076948151,0.193757139815716,0.00298062595538795,0.0271572497440502,0.00131377269281074,0.00313283206196502,0.00033151003299281,0.00348432047758251,0.00071199715603143,0.0077695045620203,0.000622955907601863,0.0021555595449172,0,0.0112978782563005,0,0.00691111542982981,0,0.0131682077189907,0.00426894339034334,0.671015610423638,0.00359435175778344,0.0451977388001978,0.000630318303592503,0.209518013201887,0.000719553849194199,0.178016277757706,0.00162548763910308,0.043414275161922,0.00101180441561155,0.0309386473381892,0.00664267921820283,0.211760461563244,0.00711321883136407,1.16886593028903,0.11043643343146,1.98660287627717,0.0105263158911839,0.306255439936649,0.00260926288319752,0.477327849075664,0.018793459457811,0.0202643176889978,0,0.158246534789214,0.000831946759717539,0.197606957517564,0.000360750360414386,0.122518819160177,0.000241021931287833,0.0218774858512916,0,0.0233885552734137,0.000536336796358228,0.0197530860314146,0.0363636356487405
0.0338720121362712,4.80507460946683,0.236384716001339,18.746458229376,0.0169710380141623,0.932110069552436,0.0791189027950168,0,0.0146754473971669,2.42217323934892,0.00583941582590342,2.63686758145923,0.0226637242012657,6.69915452276473,0.00659413111861795,1.08650516506168,0.00697503660921939,0.151934186869767,2.05204465147108,3.72852861881256,0.059832637780346,0.0740894896443933,1.59470756043447,2.82400119758677,0.0258637334918603,0.242878567194566,0.0203543155803345,0.10434445401188,0.0452269410016015,1.27725350248511,1.10456038542907,3.83958342630649,0.578822028328432,1.42966949060792,0.0583500985521823,0.021527634235099,0.0264382787281647,0.109624672040809,0.043046357575804,0.0317117124795914,0.00252737989649177,0.0109496738878079,0.00304599438095465,0.012550281942822,0.00168861864949577,0.00517241394845769,0.0075471696909517,0.0318037245597225,0.000347886583767831,0.00750213139690459,0.000537634419742972,0.0025137469638139,0,0,0.00548696826444939,0.0394600224681199,0.0195000009262003,0.704465633025393,0.008781558717601,0.0306372559862211,0.00976475802599452,0.157812228921102,0.00572860706597567,0.353015483007766,0.00320398720214143,0.0553010476869531,0.0888604386418592,0.153077749680961,0.246245202433784,0.394049208262004,0.29828128500958,3.23404260119423,0.0332901795627549,0.914576551993378,0.0263267856789753,0.163145790284034,0.251940082001965,0.59640196847613,0.00211774677154608,0.0566512797377072,0.00393046112731099,0.324587489012629,0.00351000344380736,0.0876702777459286,0.00357621815055609,0.0849056616425514,0.000383877166314051,0.0317516937211622,0.00488798384321854,0.0185863876249641,0.215656677028164,0.134138453111518
0.125440806965344,0.000526038929820061,1.33583211957011,0.0574270873330534,9.07367137505207,0.301483677700162,1.47632958891336,0.0146754473971669,0,0.118835410103202,0.340524766594172,0.00199302448891103,4.92541269492358,0.00437956186942756,17.2646672122646,0.0373263891669922,0.426619122270495,0.0030800822423771,0.0193236710038036,0.00414507777895778,0.0886699534021318,0.0307692307978868,0.368960475898348,0.126563649624586,1.35875706467777,0.315722456201911,1.12394549883902,0.332135162665509,3.54740317980759,0.0209995792829432,1.60439555975609,0.127318292041309,0.0363062343094498,0.00218978093471378,0,0.00750469043850899,0.0996263977140188,0.00123685842845589,0.0909634912386537,0.00896358583122492,0.0345879963133484,0.00406504049897194,0.0114244911819696,0.000816326530184597,0,0.00294840289279819,0.0184971098788083,0.00422832963522524,0.00604838691651821,0,0.0337414977839217,0,0.0369003682862967,0,0.022889843210578,0.0013440860202536,0.104840614891145,0.000475398148410022,0.0183767233975232,0,0.0501002024975605,0.00101214577443898,0.149368480779231,0.00233553908765316,0.04209390131291,0,0.0118665019981563,0.00329398841131479,0.0112187664490193,0.00135317991953343,3.60145822400227,0.0604623615508899,1.41412917652633,0.0103626946220174,0.497551407665014,0.00393700785934925,0.242117122979835,0.00920598395168781,0.0668756514787674,0.00199800194241107,0.317192994290963,0.00440892810001969,0.757371995598078,0.00713921501301229,0.157051906280685,0.000424178142566234,0.210380625911057,0.00325909839011729,0.0666666682809591,0.000516129017341882,0.0206422009505332,0.032110090367496
0.00292468926636502,0.0452350710402243,0.170253933407366,1.08516244869679,0.109558411175385,12.3498349331785,0.0451955951866694,2.42217323934892,0.118835410103202,0,0.00108225108124316,0.0420560760539956,0.0303509328514338,0.13226592389401,0.03122432238888,9.86704960727366,0.00991189386695623,0.0307544451206923,0.046742209000513,0.0521796582033858,0.334494777023792,0.574595063808374,0.339909792237449,0.683970545651391,0.268560361117125,2.77112680056598,0.363201899453998,2.06955379806459,0.0593982036225498,1.01909306820016,0.879625277942978,2.47556397202425,0.028496436891146,0.0368952314020135,0.0209267563186586,0.0283569640014321,0.0092006903141737,0.262857140041888,0.0144124167272821,0.201251305057667,0,0.200537148863077,0.00817995937541127,0.0232288031838834,0.0034934498835355,0.0212177124340087,0.012463343096897,0.0605856638867408,0,0.00358262425288558,0.000525210110936314,0.00219538965029642,0,0,0.000682826910633594,0.0630427791038528,0.000457875459687784,0.0179723504406866,0.00145719491411,0.00207182328449562,0.00319795333780348,0.00758653413504362,0.00102354143746197,0.0155440408852883,0.00201409868896008,0.00806451600510627,0.0215414073318243,0.0672669492778368,0.0181470868410543,0.038485414464958,0.372119160252623,2.29230779851787,0.014647888019681,0.697326216846704,0.0259965338045731,0.177545686718076,0.0838135182857513,0.216996269067749,0.00183486239984632,0.0176366837695241,0.00268186395987868,0.0462519930442795,0.00774443382397294,0.807067809510045,0.00150489085353911,0.0330033013597131,0.00126742711290717,0.490374898072332,0.00107152422424406,0.031936127692461,0.135323389433324,0.075621894095093
6.6031440309016,0.00252079655183479,1.8752099708945,0.0113339145900682,0.0637012638617307,0.00756756775081158,3.40468110068468,0.00583941582590342,0.340524766594172,0.00108225108124316,0,0.005524861975573,15.5205011989456,0.0082616179715842,3.01378741418011,0.00243013357976452,10.312770553166,0.00378608610481024,0.268907569348812,0.0176470593432896,0.0101694914046675,0.0066390042193234,0.0312849152833223,0.011099549010396,0.0164452871540561,0.00345622119493783,0.0152403278043494,0.00642673519905657,2.72327284701169,0.0078554596984759,0.295339170843363,0.010185185004957,0.19340496417135,0.0364888127078302,0.0248175172600895,0.00162469537463039,0.195369843859226,0.00224466901272535,0.174291934818029,0.00307692296337336,0.0888501751469448,0.00174064398743212,0.0134861771948636,0,0.0060292852576822,0.000909090915229172,0.0202898557763547,0,0.00558399246074259,0,0.0348958351532929,0,0.0256839742651209,0,0.0222897661733441,0.00573065900243819,3.01636365673039,0.00640439154813066,0.079942382290028,0.000683060090523213,0.697056033939589,0.00186828582081944,1.82779456023127,0.00292611564509571,0.118929636664689,0.00159235671162605,0.0337292159674689,0.0131302527734078,0.137347129522823,0.0146074248477817,0.664826039923355,0.0604751603677869,1.24183735786937,0.0084121972322464,0.23440135223791,0,0.311179794371128,0.040987913729623,0.2709447350353,0.00171526591293514,1.62321727577364,0.00158144440501928,2.66062922298443,0,0.395287970954087,0,0.120496892137453,0,0.0637450232170522,0,0.0559305686037987,0.0462873671203852
0.0126496496377513,7.10495414678007,0.0206324289320037,0.927459017257206,0.00189304305240512,0.0765639591263607,0.00250447218422778,2.63686758145923,0.00199302448891103,0.0420560760539956,0.005524861975573,0,0.00286779453745112,6.19831090746447,0.00145032629370689,0.40565013885498,0.0121495330822654,4.9072766789468,0.425667071831413,1.00715994322672,0.0679347838740796,0.0641282591968775,0.0413223123177886,0.0812598437187262,0.00213561137206852,0.0147928996011615,0.00400400394573808,0.02056277054362,0.0284425943391398,11.2381954488228,0.129320858221035,0.319738991558552,0.160481440834701,0.486706286435947,0.0493381480919197,0.0433355227578431,0.0126030049868859,0.108968176762573,0.0319548880215734,0.0312221221975051,0.00277777784503996,0.00971547502558678,0.00552486180095002,0.0233918119920418,0.00918133137747645,0.0208667736733332,0.010484928265214,0.0309559948509559,0.00081933633191511,0.012514665722847,0.00193610845599324,0.00588812562637031,0,0,0.00368890247773379,0.0466064689680934,0.0208866158209275,1.47212696977658,0.0136852394789457,0.0422360240481794,0.0121703859767877,0.272092067461926,0.0175592629238963,0.677462024032138,0.0086580088827759,0.0584878760855645,0.0999555770249572,0.212682927027345,0.186104221211281,0.528165352880023,0.136947222054005,1.85447756876238,0.0161981894052587,2.49407473392785,0.0148849791148677,0.34080107382033,0.110165695776232,0.398177667695563,0.007072135922499,0.348422495881096,0.0102812221157365,0.505139493383467,0.00251046032644808,0.156327545817476,0.00390070909634233,0.0761794251156971,0.0010515246540308,0.0217580498429015,0.00443677604198456,0.0147737767547369,0.353649350581691,0.0586907432880253
4.66055034776218,0.00189322221558541,4.96935444523115,0.0559037798666395,0.198979587759823,0.044865716889035,12.2189630273497,0.0226637242012657,4.92541269492358,0.0303509328514338,15.5205011989456,0.00286779453745112,0,0.00947867287322879,14.934144765255,0.00898520072223619,2.25608600862324,0.00350058346521109,0.259410215658136,0.0187428571807686,0.0192384766414762,0.00476190482731909,0.232890701154247,0.108623152482323,0.067679560626857,0.0216322524938732,0.0476663368754089,0.0208986410871148,4.61341525427997,0.0103600102011114,0.759333725669421,0.0581294934963807,0.254110622336157,0.0255924167577177,0.014897579094395,0.0078554596984759,0.170447173702996,0.00129157246556133,0.168835294432938,0.00122511480003595,0.0609013412031345,0,0.0144825975294225,0.000508905854076147,0.00879846047610044,0,0.018650307552889,0.000463177391793579,0.00923787523061037,0,0.0477206583309453,0,0.0379909868352115,0,0.0313376985723153,0.00224416522542015,1.60979872453026,0.00281343422830105,0.0698924730531871,0.000471364590339363,0.534644613508135,0.00115740741603076,1.02211453812197,0.00246974552283064,0.0876087574288249,0.00104520516470075,0.0383710396708921,0.0117118874914013,0.0918337664334103,0.00946585508063436,1.28918746398995,0.0599936867365614,1.82703399704769,0.00497357780113816,0.339064374566078,0.00240384618518874,0.414004906197079,0.0242386573227122,0.0755026668775827,0.000806126568932086,0.840646656579338,0.00313172838650644,1.38763554766774,0.00174367910949513,0.432237731292844,0.000645681982859969,0.170256408804562,0.000602228217758238,0.0728346453979611,0,0.0229591832030565,0.0340136047452688
0.0155038759112358,1.96714746154612,0.0774268132809084,2.20701940462459,0.00140548136550933,0.127999996300787,0.0158152775838971,6.69915452276473,0.00437956186942756,0.13226592389401,0.0082616179715842,6.19831090746447,0.00947867287322879,0,0.00114580348599702,0.429879782372154,0.00696136441547424,0.831102606840432,1.42489051009761,1.7003672652063,0.0380952386185527,0.0645739892497659,0.469489677227102,1.00870008661877,0.00844205653993413,0.0354943871498108,0.00805565714836121,0.0224719098769128,0.0265486724674702,7.87510471075075,0.463659145170823,1.92150707705878,0.335123531520367,0.715012724976987,0.0534446761012077,0.0203900702763349,0.0164520748076029,0.0869255411671475,0.0335547002032399,0.0215126052498817,0.00368154630996287,0.0147194107994437,0.00350789295043796,0.0104395609232597,0.00179265020415187,0.0130232552764937,0.006869220524095,0.0283018866903149,0,0.00486322166398168,0.00123329908819869,0.00263852241914719,0,0,0.00401404919102788,0.0288046093191952,0.00811059930128977,0.999073570361361,0.00946870073676109,0.0318745243130252,0.00717017202987336,0.20467465929687,0.00664231134578586,0.59377491963096,0.00197173847118393,0.0418433687882498,0.0760267450823449,0.124974132806528,0.165026979520917,0.320839588763192,0.197461219504476,3.47445248567965,0.020480226026848,1.98428433341905,0.0189959293347783,0.224841341376305,0.184760627569631,0.43784151802538,0.000931532355025411,0.15883157949429,0.00495049520395696,0.302137364866212,0.00128081976436079,0.0704538258723915,0.00282441559829749,0.0619813736120705,0,0.0237545357085764,0.0029227557242848,0.0090819351025857,0.249272555753123,0.0940834159846418
0.612582069647033,0.00131781242089346,1.12434253515676,0.0309238489717245,3.16493550187442,0.110016421065666,1.52345344430069,0.00659413111861795,17.2646672122646,0.03122432238888,3.01378741418011,0.00145032629370689,14.934144765255,0.00114580348599702,0,0.0137479539262131,2.23500412888825,0.00222304556518793,0.0348634505644441,0.0109709275420755,0.434881076216698,0.00446677813306451,0.265002405736595,0.0622657807543874,1.02722655358957,0.0723514230921865,0.758289711084217,0.0999066295917146,7.07774620596319,0.0121328221866861,1.15365057601593,0.056081575283315,0.0566210072720423,0.0126038383459672,0.0132924332283437,0.00220143096521497,0.532880773302168,0.00337837846018374,0.151114785403479,0.00236593064619228,1.79930789396167,0.00230547552928329,0.034909910755232,0.000624804757535458,0.00687757914420217,0,0.049013749230653,0.00111451663542539,0.0182815361768007,0.000701508251950145,0.101671935408376,0,0.085822467925027,0,0.188892026781105,0.00268312316620722,0.456478128558956,0.00322710769250989,0.0547130522318184,0.00170745584182441,0.174632843700238,0.00146681338082999,0.46111975889653,0.00180722895311192,0.126728110481054,0.000645577791146934,0.0254378647659905,0.0131998176511843,0.0398230087012053,0.0116644235677086,2.54401339474134,0.0401968827936798,1.74007516773418,0.0104501605965197,0.309255086351186,0.00452744774520397,0.249307474878151,0.0273202094249427,0.132318495656364,0.00114155246410519,1.48347676679259,0.00319634698098525,7.86959767871303,0.00589970499277115,0.620155034121126,0.00292718620039523,1.433515473851,0.00231481483206153,0.217421281558927,0,0.0110905728070065,0.0135551445418969
0.00550381021457724,0.136523269233294,0.0567703957494814,0.484836781979539,0.0456431540078484,6.30750325089321,0.0152879221423063,1.08650516506168,0.0373263891669922,9.86704960727366,0.00243013357976452,0.40565013885498,0.00898520072223619,0.429879782372154,0.0137479539262131,0,0.0147722609108314,0.213915610278491,0.0911465871031396,0.166620996780694,0.544940668158233,1.93199559219647,0.148236990091391,0.322004607995041,0.216589864285197,1.24387095985003,0.316339878598228,1.87599067064002,0.0490566029911861,15.7422645566985,0.623367196589243,1.63332115480443,0.0772506076609716,0.110475097200833,0.0663603900466114,0.0967033011838794,0.00932203378761187,1.03922393638641,0.0140206182841212,0.680582910776138,0.00345423154067248,0.654775608563796,0.037693391146604,0.115480646782089,0.0185503262327984,0.0659734667278826,0.0298596598440781,0.30289533175528,0.00146092043723911,0.0273300619446672,0.00225784606300294,0.00834824074991047,0,0,0.00169014092534781,0.272386055905372,0.00841852099983953,0.0830477697309107,0.00950683280825615,0.0221779933199286,0.0165421554120257,0.0227106231614016,0.0108737866394222,0.0541679182788357,0.0084388186223805,0.0399870998226106,0.107939154811902,0.302024110453203,0.0346224689274095,0.114695340394974,0.640000015497208,2.74805405724328,0.0108514187159017,3.35608186200261,0.0135211274027824,0.432768371305428,0.129644266329706,0.566613162052818,0.00818234926555306,0.0535612521925941,0.00998890155460685,0.422085317404708,0.000744324526749551,3.96390436805086,0.00404244556557387,0.209544710494811,0.000909504306036979,1.56685934931738,0.0018373909406364,0.164182329317555,0.477244763169438,0.0615006138104945
2.39775775020826,0.0121982214041054,0.448851278983057,0.00877963146194816,0.127445498714224,0.0154015400912613,0.332700347760692,0.00697503660921939,0.426619122270495,0.00991189386695623,10.312770553166,0.0121495330822654,2.25608600862324,0.00696136441547424,2.23500412888825,0.0147722609108314,0,0.0461316676810384,0.0856940498342738,0.0270805821055546,0.0696864118799567,0.0187553284922615,0.0270574958994985,0.00911960727535188,0.0374435118865222,0.00938967149704695,0.0346475496189669,0.0170603673905134,3.83431035489775,0.0994431175058708,0.12271662557032,0.0150375943630934,0.327709024248179,0.095370692491997,0.30343796662055,0.243536279071122,0.497987363254651,0.0902857133187354,0.212860308587551,0.0177267988910899,0.26881720405072,0.0196956128347665,0.0695296546909958,0.0100658147130162,0.0602620104909874,0.0239852401427925,0.0740469207521528,0.0134634808637202,0.0765233807615004,0.00985221669543535,0.259979004913475,0.00365898275049403,0.111426951130852,0,0.0696483448846266,0.0250884529086761,5.79075093867141,0.0437788023555186,0.509289622481447,0.0234806638909504,1.23249121638946,0.0331910868408158,5.40941649698652,0.0370096211554483,0.775427995249629,0.0314516124199145,0.293441837653518,0.287605932739098,0.12702960788738,0.0831781538436189,0.756604818277992,0.109890114981681,2.21859165467322,0.0481283431872725,0.506065858062357,0.0191470838617533,1.91409122385085,0.787814040901139,3.82018351648003,0.0246913572773337,12.7281263535842,0.0536948424996808,6.69893525773659,0.0286532950121909,1.36719334044028,0.0165016506798565,0.621039285324514,0.0060790276620537,0.193410122476052,0.00548902194714174,0.0955223925411701,0.0537313458044082
0.0109890110325068,2.05095235898625,0.00545454549137503,0.116158477030694,0.00194741971790791,0.0796927524497733,0.00180799135705456,0.151934186869767,0.0030800822423771,0.0307544451206923,0.00378608610481024,4.9072766789468,0.00350058346521109,0.831102606840432,0.00222304556518793,0.213915610278491,0.0461316676810384,0,0.0446746512316167,0.185241420695093,0.0820948311593384,0.0764951331075281,0.0173092061304487,0.0166880621109158,0.00551267934497446,0.0172676489455625,0.00515729770995677,0.0234768023947254,0.077195466379635,15.4444049322046,0.0391666676150635,0.10363560076803,0.2714870411437,0.282345440820791,0.212102303048596,0.188524584984407,0.0179640718270093,0.162779162637889,0.0193330110050738,0.0366468168795109,0.00434467778541148,0.0274963811971247,0.020631447841879,0.0835674165864475,0.0195694723515771,0.114262227725703,0.0193785501760431,0.083436340210028,0.00251889164792374,0.0464371488196775,0.00834765529725701,0.0180120084551163,0,0,0.00375704455655068,0.0723177265608683,0.057845888833981,2.56677520112135,0.0737541497801431,0.109459031082224,0.0878537748940289,0.262847509235144,0.0477692668209784,4.47590155061334,0.0328742786659859,0.163205830380321,0.372270987805678,0.787923773285002,0.10428147559287,0.593816645094194,0.16340508684516,1.00623502273811,0.0382352963788435,4.25948470586445,0.0126849889056757,0.169731262139976,0.148114071169402,0.547752814600244,0.0132841325830668,15.8842034727568,0.0283251226646826,2.60789660917362,0.00429000443546101,0.250105978047941,0.0197097298223525,0.137297085835598,0,0.0571683794260025,0.00250125071033835,0.0299555342644453,0.511811021715403,0.0488188974559307
2.21600464548101,0.207566262659384,6.16371752839768,2.13695188533165,0.0114408293738961,0.0672328358632512,0.872489676374244,2.05204465147108,0.0193236710038036,0.046742209000513,0.268907569348812,0.425667071831413,0.259410215658136,1.42489051009761,0.0348634505644441,0.0911465871031396,0.0856940498342738,0.0446746512316167,0,10.6392470799619,0.053803339949809,0.0375974318594672,7.08077277406119,3.03394651401322,0.0109503325074911,0.0235988199710846,0.00820283353095874,0.0102685625315644,0.380151377641596,0.450880169169977,4.61088127701078,5.09119887527777,13.6157827912248,9.94073704874609,0.375959084776696,0.129587678296957,0.104113582521677,0.027556199580431,0.133712658658624,0.0184552283026278,0.0338983044493943,0.00941176491323858,0.00202942662872374,0.00334168772678822,0.00121285626664758,0.00566750607686117,0.00695931469090283,0.0160844437777996,0,0.000617093464825302,0.0024916942929849,0.00106923282146454,0,0,0.0127000253996812,0.0150595095765311,0.203869051416405,0.081525806686841,0.0580868658726104,0.00563524558674544,0.0391777517215814,0.0179659929126501,0.0371370703214779,0.0377358490368351,0.0133600539993495,0.00745412812102586,0.467797929886729,0.14381270785816,8.23791076429188,0.491027095878962,0.952996057458222,2.57142862142064,0.448436946608126,0.603891615988687,0.0814061057753861,0.225312928087078,0.414809752255678,1.05244879581733,0.00381315546110272,0.0158730159164406,0.0190428474452347,0.036477987683611,0.0266753424657509,0.0206318497657776,0.0145477540208958,0.0109289614483714,0.00154679035767913,0.0107310526072979,0.0126555579481646,0.00318979262374341,0.540486861020327,0.167908602044918
0.191909696732182,2.16242467940901,0.1937535108882,10.8779476576019,0.00399866723455489,0.0871287155896425,0.040753320325166,3.72852861881256,0.00414507777895778,0.0521796582033858,0.0176470593432896,1.00715994322672,0.0187428571807686,1.7003672652063,0.0109709275420755,0.166620996780694,0.0270805821055546,0.185241420695093,10.6392470799619,0,0.121186439238954,0.101467505970504,0.593697484728182,1.97046519158175,0.0065193772315979,0.0274348421953619,0.0145530142472126,0.0270467838272452,0.11190665489994,0.804079421213828,1.02838366711512,1.62155691510998,3.33797384309582,5.47809079481522,0.164705879869871,0.0613853152608499,0.0942053539911285,0.0722484822617844,0.144562331726775,0.0376996798440814,0.0240549831651151,0.019750966632273,0.00289435603190213,0.0115942035336047,0.0039977157721296,0.00591715972404927,0.0157360410084948,0.0224719106918201,0,0.00754716963274404,0.00318725104443729,0.0020278834272176,0,0,0.0207679304585326,0.0384170333563816,0.155913973285351,0.730547528830357,0.0500379083678126,0.0579357366077602,0.0456326341372915,0.0951520584058017,0.0277953241020441,0.153806844959036,0.0125078170094639,0.0482123509282246,0.748051942326128,0.428628707304597,4.37810029630782,5.47360957460478,0.491474412556272,3.31200541276485,0.127217945992015,1.32965607801452,0.0718512252205983,0.483693362621125,0.601730211172253,2.01946160243824,0.00781928782816976,0.0545609556138515,0.0143027416197583,0.134298349672463,0.0109823058592156,0.0647307906183414,0.0162377456726972,0.0392739286180586,0.00215053756255656,0.0282485879142769,0.0226491410285234,0.011111111351056,1.1366711568553,0.261614790069871
0.0360989809269086,0.0673400668893009,0.0184597633779049,0.103395058598835,0.164139156695455,2.11478265374899,0.00695954775437713,0.059832637780346,0.0886699534021318,0.334494777023792,0.0101694914046675,0.0679347838740796,0.0192384766414762,0.0380952386185527,0.434881076216698,0.544940668158233,0.0696864118799567,0.0820948311593384,0.053803339949809,0.121186439238954,0,3.48910901974887,0.0500000012107193,0.0540540548972785,2.4131669732742,3.55598448892124,2.54473149776459,2.78504664078355,1.52723427442834,0.347778980853036,3.49284265330061,0.947945230640471,0.041020511649549,0.0589569169096649,0.0477611944079399,0.0941619568038732,0.506069095688872,0.268022184609435,0.156690137926489,0.263999993330799,4.80357164330781,0.289532302413136,0.0044130627065897,0.0208877283148468,0.00246609118767083,0.023999999742955,0.0155339809134603,0.0703430289868265,0.00138026219792664,0.0115015972405672,0.00509554147720337,0.00871670676860958,0.00366636109538376,0,0.0911101291421801,0.0507988525787368,0.0302702710032463,0.0359477115562186,0.0144439094583504,0.00538599654100835,0.017893452080898,0.0235947250621393,0.0311041995882988,0.0235988209024072,0.0151745066978037,0.0198675496503711,0.0472934460849501,0.0907335917581804,0.0518934077117592,0.123011671472341,5.17011714261025,2.42708335141651,0.816621515899897,0.494176357984543,0.193415632005781,1.09771310538054,0.31748589745257,0.502078155055642,0.0426540300250053,0.0343347638845444,0.111447087256238,0.0530058193253353,1.42632335505914,0.230014023371041,0.0477624780905899,0.0277511958265677,0.241758252959698,0.220520680770278,0.0306688415003009,0.0155688625527546,2.07121660467237,0.9020771458745
0.00693641602993011,0.0607533438596874,0.0091638034209609,0.119601334445179,0.0261780107393861,8.36765942396596,0.00302833653404377,0.0740894896443933,0.0307692307978868,0.574595063808374,0.0066390042193234,0.0641282591968775,0.00476190482731909,0.0645739892497659,0.00446677813306451,1.93199559219647,0.0187553284922615,0.0764951331075281,0.0375974318594672,0.101467505970504,3.48910901974887,0,0.041308089857921,0.0724637694656849,0.339955849573016,1.1875588959083,0.333656650502235,9.84109014971182,0.0438413370866328,0.569748824695125,1.11528153717518,0.991245750337839,0.0375494086183608,0.0529147967463359,0.0460431650280952,0.0971223043743521,0.041970802587457,1.89340563863516,0.113695093430579,5.24549011699855,0.00422832975164056,2.51898721978068,0.00872981210704893,0.0505154657876119,0.00971463229507208,0.0275409836322069,0.0153477219864726,0.119415809283964,0,0.00503144646063447,0,0.0038277511484921,0,0,0.00349956261925399,0.210056765412446,0.0048322148504667,0.0286718948627822,0.00666032335720956,0.00798934773774818,0.0152979067643173,0.0109140519052744,0.00762776529882103,0.0271976680960506,0.0104244231479242,0.0152422420214862,0.0543140005320311,0.128949892357923,0.0385940726846457,0.128099168185145,2.86267600301653,5.17417145892978,0.0706713786348701,0.756316198036075,0.125244617462158,2.04347834270447,0.287519750883803,0.820846877060831,0.0178970918059349,0.0529531594365835,0.0034188034478575,0.0468098770361394,0.00562192546203732,0.984148853458464,0.00427990569733083,0.0323424494126812,0.00213903747498989,1.13749060896225,0.00388349499553442,0.0528974750777707,12.4143651206978,0.828729313798249
0.0592973444436211,0.0247044287971221,6.47008711122908,3.04452927201055,1.05992615700234,0.634366227313876,1.53786799620138,1.59470756043447,0.368960475898348,0.339909792237449,0.0312849152833223,0.0413223123177886,0.232890701154247,0.469489677227102,0.265002405736595,0.148236990091391,0.0270574958994985,0.0173092061304487,7.08077277406119,0.593697484728182,0.0500000012107193,0.041308089857921,0,12.9949815547443,2.31149035412818,0.643189764814451,0.214327656140085,0.0866093349759467,0.265672337554861,0.30805463710567,11.9648302778369,5.83989661984378,4.80927475477802,0.61454939248506,0.285342014743946,0.0859774807468057,0.0380293858470395,0.0241240669274703,0.0192307700635865,0.00602739729220048,0.00421348318923265,0.00351000344380736,0.0042863265844062,0.00370799540542066,0.00198906008154154,0.00153846148168668,0.00179372192360461,0.0119072935776785,0.000519615481607616,0.00201765447854996,0.00288808671757579,0,0.000572901742998511,0,0.000429092469858006,0.00784961780300364,0.0465573770925403,0.0197628460591659,0.0285905748605728,0.00216076063225046,0.0160526856780052,0.00728976831305772,0.0157352142850868,0.0112764995719772,0.00645508314482868,0.00332383657223545,0.121489001292503,0.0526506900496315,0.109252479742281,0.0556386480457149,0.32469381520059,1.26407660718542,0.118619901128113,0.228206545114517,0.0311850305297412,0.0263797300867736,0.133479813113809,0.141548713145312,0.00212615163763985,0.00628053018590435,0.0118769879918545,0.0163815077394247,0.021590310963802,0.0297961308388039,0.0119182752678171,0.0060790270799771,0.00604229629971087,0.00917431182460859,0.00365965242963284,0.00383275252534077,0.037267082137987,0.0621118035633117
0.0190735692158341,0.0422535196412355,1.082011571154,12.2371672070876,0.107648723758757,1.99439181567868,0.351372787670698,2.82400119758677,0.126563649624586,0.683970545651391,0.011099549010396,0.0812598437187262,0.108623152482323,1.00870008661877,0.0622657807543874,0.322004607995041,0.00911960727535188,0.0166880621109158,3.03394651401322,1.97046519158175,0.0540540548972785,0.0724637694656849,12.9949815547443,0,0.557275526225567,1.54654985654633,0.062753786041867,0.109417743515223,0.117417923524044,0.569737970188726,3.69400624593254,5.30445782688912,0.958941133285407,0.373080853954889,0.085967127350159,0.0349149500252679,0.0122566688223742,0.0344703756272793,0.0190207820269279,0.00880460534244776,0.00185960019007325,0.011152416234836,0.00201562116853893,0.00608070736052468,0.00180451129563153,0.00499531673267484,0.00265745416982099,0.0164752870914526,0,0.00122399022802711,0.00123890151735395,0.00159235676983371,0,0,0.000504540861584246,0.00916988399694674,0.0099944474932272,0.0256744187499862,0.00476190482731909,0.00254388200119138,0.00672753487015143,0.00954198476392776,0.00468384078703821,0.0155204708571546,0.00331016228301451,0.00341394043061882,0.0437368112616241,0.0266056954860687,0.0402684581349604,0.0317460321821272,0.259417205816135,2.19964980497025,0.066192171361763,0.417900175729301,0.0191868437686935,0.0650183152756654,0.133831524231937,0.175498971075285,0,0.00829875521594658,0.00597312091849744,0.0216802166542038,0.00709448545239866,0.0370725487591699,0.00314911041641608,0.00883902760688215,0.000765403732657433,0.020604851830285,0.0016778523568064,0.00436248275218531,0.0656862783944234,0.108823535847478
