0,0.0183923703152686,4.63743190595414,0.0101836134272162,0.0229286078829318,0.00208170688711107,2.86933413808583,0.00709606998134404,0.0356275322847068,0.00052246602717787,3.63470545416931,0.00241196335991845,2.0737594430102,0.00247729156399146,0.217776763805887,0,2.29807448736392,0.00194410688709468,2.13915991957765,0.0473537611251231,0.0223880591802299,0.00186741363722831,0.04847594385501,0.0103626945929136,0.00277161860140041,0.000541271991096437,0.00430454686284065,0.00224215257912874,2.9834764629195,0.00951733542024158,0.343891407654155,0.0185320653836243,1.15167094767094,0.0959803119767457,0.0326022537774406,0.011746522039175,0.293617011979222,0.00529801298398525,0.334202296740841,0.00554016593378037,0.215822786267381,0.000630517024546862,0.00245952035766095,0.00175940175540745,0.00231964746490121,0.000478011468658224,0.0358120912278537,0.00203707473701797,0.00193845410831273,0,0.0202055392437615,0.000422564975451678,0.00637619546614587,0,0.0660819910699502,0.0236571642744821,10.237121542712,0.0151686295866966,0.443786979303695,0.00330169219523668,0.925947778043337,0.00337430703802966,0.527956427482422,0.00431220367318019,0.0480161746963859,0.00267857144353911,0.345439340919256,0.0264900658512488,5.77622377176885,0.0679978405823931,1.01659527677111,0.0591623042710125,3.11850314028561,0.00864040682790801,0.488473504781723,0.0137801442760974,0.629582166904584,0.0438596511958167,0.0365815199911594,0.00314267759677023,0.321314106753562,0.00460829483927228,0.217176715377718,0.00193704594857991,0.380366398021579,0.00293169170618057,0.0465502892620862,0.00100025010760874,0.160446463851258,0.00134138157591224,0.030779306020122,0.0233538765460253
0.0183923703152686,0,0.00904371100477874,5.78062102897093,0.00159320229431614,0.0254574380815029,0.00282645574770868,6.12348421639763,0,0.0186368473805487,0,4.77565029263496,0.000783238676376641,1.64040235552238,0.0013866419903934,0.0443834360630717,0.0139822526834905,2.04996292013675,0.2244722089672,2.32620100450004,0.0254452927038074,0.0133715376723558,0.0360997395473532,0.0849989491398446,0.0016968326526694,0.00552028708625585,0.00384087790735066,0.00743707059882581,0.0232818439835683,1.10527526316582,0.0799612319678999,0.169769176980481,0.210617922479287,1.04371356309275,0.0205935788108036,0.0196016441332176,0.0119305858388543,0.115581956226379,0.0324123269529082,0.0713003340060823,0.00453367864247411,0.0154838715679944,0.00291241944069043,0.0286033526062965,0.0028308563050814,0.0238326848193537,0.00727272711810656,0.0210874508775305,0.000986436498351395,0.0185275475960225,0.00388075495720841,0.0218837159627583,0,0,0.00827985932119191,0.155752215650864,0.0557960568694398,10.6984485925641,0.0553648075147066,0.223292835988104,0.0243076305487193,1.05813093582401,0.00654911843594164,0.978975051257294,0.00772200815845281,0.225045372731984,0.229713713633828,0.523473334586015,0.490797567181289,1.98018715321086,0.111353713553399,1.50426890666131,0.0211864407174289,1.8120632157661,0.0254939449951053,0.715155394747853,0.260642464621924,1.01366976648569,0.0025814778637141,0.12797427206533,0.0081300811143592,0.541113084065728,0.00301507534459233,0.0719566309126094,0.00452041253447533,0.21392592129996,0.00113090185914189,0.0402342752204277,0.00777110585477203,0.0509164950926788,0.472837005509064,0.130189302377403
4.63743190595414,0.00904371100477874,0,0.441337366006337,3.64135128259659,0.2714358115918,8.17414076789282,0.257439071312547,0.516824367456138,0.113572700938676,0.749809499597177,0.00518256780924276,1.7631678362377,0.031559782626573,0.373499334091321,0.0246587414294481,0.212853479431942,0.00379686756059527,9.44525219500065,0.123707313498016,0.0361990963574499,0.00362318835686892,6.14607773954049,0.904142975981813,0.648502828553319,0.129678441211581,0.256813408341259,0.118898282991722,1.93876677146181,0.0296985806198791,5.67798966716509,0.411428567022085,6.07929500547471,0.129045224748552,0.111143109214026,0.01799640012905,0.171028758049943,0.00361383578274399,0.141804323822726,0.00737100723199546,0.0589137766510248,0.000611433817539364,0.0036159100709483,0.00215238920645788,0.0022675737272948,0.00140088720945641,0.0132067687809467,0.00239616609178483,0.00189304305240512,0,0.0119863016880117,0,0.0036241264315322,0,0.022790883667767,0.00722983264131472,1.01186015369603,0.00698856386588886,0.322914513526484,0.00202224473468959,0.0763005782500841,0.00376647827215493,0.0526442888367455,0.00337766529992223,0.0133136096410453,0.00393098921631463,0.334540654439479,0.0202158651663922,2.51813469413901,0.040473063418176,2.32542384095723,0.180147997336462,1.42944015562534,0.0391670819371939,0.284073746879585,0.0200486034736969,0.40400001918897,0.035723269043956,0.0171253818552941,0,0.0432135153096169,0.00592231322661974,0.0819079743814655,0.00283755030250177,0.0711724174325354,0.00288975570583716,0.0253505923319608,0.00146412884350866,0.0445739759015851,0.000989609136013314,0.0145892801810987,0.0150848524644971
0.0101836134272162,5.78062102897093,0.441337366006337,0,0.0507428572454955,2.39543375174981,0.155888095410774,17.6503499672981,0.0240452611469664,1.03230242914287,0.00731428572908044,0.821695477003232,0.0461861451622099,2.0260174384166,0.0113452186342329,0.232931731734425,0.00415896493359469,0.232158218859695,1.20776991246385,7.82563374235178,0.0431654691346921,0.0272000003024004,1.54270430313773,7.25885874638334,0.058383596042404,0.37759925291175,0.0366713685798459,0.0794153479801025,0.0492513790959492,0.726868709229166,1.79180747581995,3.9055628667993,0.263976941438159,1.73619060468627,0.0189209921518341,0.00795334082795307,0.0148941120132804,0.0695732844178565,0.0589984002581332,0.0501330981205683,0.00432783318683505,0.00593151792418212,0.00332348590018228,0.0212431158288382,0.00536303647095338,0.0139800887263846,0.00946252839639783,0.0187293419439811,0,0.00891530435183086,0.000955718394834548,0.0140417458314914,0,0.000457038404420018,0.0150735297065694,0.0997541312826797,0.00847210054052994,0.707751742418623,0.00910988822579384,0.0635333440150134,0.00355366035364568,0.307298339903355,0.00174710631836206,0.286376812902745,0.00311526472796686,0.116005577263422,0.07033169400529,0.124621513561578,0.713065733143594,0.601932581863366,0.156798499665456,4.99242588412017,0.0360319260507822,1.36091231796308,0.0293568192864768,0.64289543509949,0.358720154617913,0.762293246516492,0,0.0510890001896769,0.00217037438414991,0.317203430458903,0.0034865983761847,0.0514248968102038,0.00260145694483072,0.122842774959281,0.00144717801595107,0.0418871239526197,0.0143517774995416,0.0264574682223611,0.43219161266461,0.258563524112105
0.0229286078829318,0.00159320229431614,3.64135128259659,0.0507428572454955,0,0.306275196606293,0.276477581821382,0.0222137116943486,5.27829877799377,0.0592334481189027,0.0346420321147889,0,0.298730882874224,0.000730460218619555,3.51417355926242,0.0350877187447622,0.0688427295535803,0.000995520153082907,0.0483128823107108,0.00410958915017545,0.124324327334762,0.0632339669391513,1.74850302515551,0.216991546622012,4.06391461612657,0.37004405236803,4.66418394015636,0.570451459963806,1.54212905908935,0.0372778498567641,4.16053515556268,0.290726808598265,0.610460567404516,0.00938628183212131,0.033123029046692,0,0.0435308357700706,0.00359496718738228,0.00924855470657349,0.00214477209374309,0.00948766595683992,0.00187617260962725,0.0064911647932604,0.00327734532766044,0.00272108847275376,0,0.00757288886234164,0.00214056362165138,0.00494804524350911,0,0.0198074283543974,0,0.0193003620952368,0,0.0100107257021591,0.00131104560568929,0.0447299560764804,0.00146663415944204,0.0373191176913679,0,0.0201005022972822,0.000978952506557107,0.021694213966839,0,0.022690438083373,0,0.0367019895929843,0.00550660770386457,0.0235178824514151,0.00749999983236194,5.91288341011386,0.120186698972248,0.564867954701185,0.0306178224273026,0.0851449291221797,0.00367985269986093,0.072423400124535,0.0124293788103387,0.0150234745815396,0,0.0554400542750955,0.000565610884223133,0.215827346546575,0.00889328098855913,0.0685827571433038,0.000848176423460245,0.154357946012169,0.0137348119169474,0.0435501668252982,0.00103680661413819,0.00632911361753941,0.00204708287492394
0.00208170688711107,0.0254574380815029,0.2714358115918,2.39543375174981,0.306275196606293,0,0.122052706079558,1.36215806589462,0.10099750966765,12.6311525908532,0.00230282102711499,0.0322738385293633,0.0435347631573677,0.175720021128654,0.0513489976292476,6.66353522840654,0.00236686388961971,0.0377358489204198,0.0306161493062973,0.0335042732185684,1.35067260847427,6.59352533030324,0.744992553954944,1.8201174478163,1.13205044041388,11.4692595944507,1.68316829018295,12.9202458334621,0.0738310092128813,3.00259525008732,1.73879889026284,6.17000029305927,0.0747954826802015,0.0367567576467991,0.0157109193969518,0.0352733675390482,0.0036166365025565,0.50896055647172,0.0172910664696246,1.74759361706674,0.00377714820206165,0.5079365093261,0.0215982715599239,0.0744071932858787,0.0190045249764808,0.0422467603348196,0.0166288740001619,0.136039885343052,0,0.0106126387836412,0.00164835172472522,0.00303951371461153,0.0012026458280161,0.00460299197584391,0.00214132759720087,0.580497388145886,0.00332699617138132,0.02783203125,0.00380083627533168,0.01311475422699,0.00468227412784472,0.025390625,0,0.0204966492019594,0.00215517240576446,0.0252206803997979,0.041300980374217,0.0731372027075849,0.0195503421127796,0.0286604352295399,0.649541268940084,5.07388038409408,0.026330852182582,2.73064328636974,0.014427412301302,0.90109890466556,0.0888888910412788,0.401126779615879,0,0.00740055507048965,0.00345901062246412,0.0835922081023455,0.00512557686306536,1.11877775460016,0.000396039598854259,0.0521076034347061,0.00132625992409885,2.20126439770684,0.00220203679054976,0.0455604465678334,0.367261259816587,0.0936863590031862
2.86933413808583,0.00282645574770868,8.17414076789282,0.155888095410774,0.276477581821382,0.122052706079558,0,0.0893108279560693,0.785903433541534,0.0552464237553068,1.92701304517686,0.00112149532651529,6.77111046825303,0.0119047615444288,0.886667876620777,0.0116876219690312,0.2582582582545,0.0022560631041415,0.505576222436503,0.0179775287397206,0.0230769231857266,0.00316957218456082,0.849323316477239,0.297561783663696,0.0752285977359861,0.0318432339699939,0.0516155252989847,0.0264040236070286,2.66202324768528,0.0113939829170704,1.05459929289646,0.134213011595421,0.754427782376297,0.0187500008032657,0.013543032342568,0.00405496725579724,0.0962933115370106,0.0012050612422172,0.121825398498913,0.00270531402202323,0.0320806595846079,0.000457038404420018,0.00328785128658637,0,0.00326382587081753,0.00111358577851206,0.0174760542577133,0.000981514836894348,0.0030013129580766,0,0.0192944563168567,0.000336870463797823,0.00724637688836083,0,0.0216145403101109,0.00691715168068185,0.647677391505567,0.00270233751507476,0.103099728177767,0.000330578506691381,0.272279578173766,0,0.160122002125718,0.00136939401272684,0.0267390048829839,0.00140745949465781,0.0554394765349571,0.00864304223796353,0.16258643794572,0.00773930747527629,0.968421035213396,0.0625000009313226,1.25138558301842,0.0112862428068183,0.296329865755979,0.00636797823244706,0.26444662216818,0.0118110235780478,0.0105142857355531,0.000455996341770515,0.143318269634619,0.00116856559179723,0.15639269555686,0.000749906233977526,0.262357874889858,0.000498380279168487,0.0457095354795456,0.00115318084135652,0.0784087609499693,0.000279017869615927,0.0126820107107051,0.00699790078215301
0.00709606998134404,6.12348421639763,0.257439071312547,17.6503499672981,0.0222137116943486,1.36215806589462,0.0893108279560693,0,0.00786009011790156,2.93745194605435,0.00306396023370326,5.30054228752851,0.0265122668934055,7.42389223328792,0.00415009504649788,0.619873012066819,0.00386473431717604,0.444808131025638,0.662840287055587,1.93073319375981,0.0256521744595375,0.0139221232384443,0.968960487894947,2.10533106164075,0.0192307694815099,0.133884618408047,0.0219564796425402,0.0630048480816185,0.0232990033691749,1.33103327202844,1.38563498237636,3.61020958281006,0.14904164528707,1.45431307330728,0.011769650853239,0.00779389485251158,0.00466562993824482,0.119402989512309,0.0344827593653463,0.0590102718560956,0.000880281673744321,0.00702370516955853,0.00159667892148718,0.0239420001453254,0.00561896385625005,0.0147270114393905,0.00685043245903216,0.0254250760190189,0,0.013314142182935,0.00140350879519247,0.0111165607813746,0,0.000765843375120312,0.00604421808384359,0.157468279503519,0.00883920444175601,1.07716658193385,0.00882929982617497,0.0577849138062447,0.00432432448724285,0.51545274927048,0,0.613417452783324,0.000748923397623003,0.159276944992598,0.0508221214986406,0.0991294627892785,0.140661727578845,0.23261297494173,0.0859375012805685,3.80438118806342,0.0179663614544552,1.10246283689048,0.0117544624954462,0.325977712112945,0.182403024460655,0.343345999630401,0.0008781558717601,0.096364434575662,0.0012547051301226,0.605750093236566,0.00183958793058991,0.0515052592963912,0.00187463383190334,0.239337071630871,0.000801121583208442,0.0349247622070834,0.00814835645724088,0.0454545431712177,0.179360077308957,0.124916047527222
0.0356275322847068,0,0.516824367456138,0.0240452611469664,5.27829877799377,0.10099750966765,0.785903433541534,0.00786009011790156,0,0.0213971050688997,0.262664157198742,0,2.68435377837159,0,15.6722219449002,0.00907441019080579,0.235824735020287,0,0.0137373741599731,0.00215285253943875,0.0266120773740113,0.0225872697774321,0.254443395417184,0.0827532841358334,0.428049688111059,0.129120882367715,0.561569666606374,0.194130920106545,3.97391312813852,0.00919963174965233,0.79795914911665,0.0934479078277946,0.102923011581879,0.00379218807211146,0.0193832603981718,0.00200803205370903,0.0618014490464702,0.00130208337213844,0.0225422673393041,0.0011547344038263,0.00868621096014977,0,0.0143939389381558,0,0.0038610037881881,0,0.0342902707052417,0.000749063678085804,0.0105932203587145,0,0.0611079410882667,0,0.0406557377427816,0,0.0420420430600643,0.000685400969814509,0.0501228491775692,0.000505305710248649,0.0344965896802023,0,0.0659186530392617,0,0.0532445926219225,0,0.0721769509837031,0.00178491743281484,0.017130620777607,0.00342955137602985,0.0115303979255259,0.00408997968770564,2.52772221667692,0.0379506626632065,0.786824106937274,0.00589622650295496,0.189495374448597,0.00419287197291851,0.109506621374749,0.00610873568803072,0.0515021458268166,0,0.208499820728321,0.000587716698646545,0.773303878260776,0.00423056585714221,0.211726377019659,0.000436395377619192,0.483211659593508,0.00340909080114216,0.120743925392162,0,0.0098159508779645,0.00710900500416756
0.00052246602717787,0.0186368473805487,0.113572700938676,1.03230242914287,0.0592334481189027,12.6311525908532,0.0552464237553068,2.93745194605435,0.0213971050688997,0,0,0.0354679813608527,0.0208945479243994,0.496334310388193,0.0070083225145936,7.80919616110623,0.00119402981363237,0.0330165093764663,0.0261739791603759,0.0329896900802851,0.207272728672251,0.384685503551736,0.412612622603774,0.759689951024484,0.231903492705896,2.55731472268235,0.24984385818243,1.52617082092911,0.0264135375618935,1.3225947059691,0.692270777304657,3.42871539038606,0.0305642625899054,0.0275362328393385,0.00476947543211281,0.0125111708184704,0,0.137432187097147,0.00348837208002806,0.105660377303138,0,0.107954548671842,0.011581614613533,0.0296174422837794,0.00455580855486915,0.0164410062716343,0.00760167255066335,0.0529896153602749,0,0.00291545188520104,0.000551724166143686,0.00305693550035357,0,0,0,0.0723446247866377,0.00190794176887721,0.0284244060749188,0.00305810407735407,0.00439560448285192,0.00336134457029402,0.00885391014162451,0,0.014274385292083,0,0.0143824024125934,0.013993262022268,0.0226394249475561,0.00787789281457663,0.0226415090728551,0.123456795699894,2.35680754575878,0.00692840642295778,1.14018692239188,0.00731261447072029,0.302692659664899,0.0212885163491592,0.115909087238833,0,0.00375234521925449,0.00139082060195506,0.0482132725301199,0,0.772591854212806,0.000397219468140975,0.0246493841987103,0.00133958470541984,0.592671253485605,0,0.0192307693650946,0.0511727090924978,0.0248190276324749
3.63470545416931,0,0.749809499597177,0.00731428572908044,0.0346420321147889,0.00230282102711499,1.92701304517686,0.00306396023370326,0.262664157198742,0,0,0,10.4822649228154,0.00146092043723911,1.89010029856581,0.000855798018164933,7.51691390108317,0.000995520153082907,0.131901837419719,0.00410958915017545,0.0252252258360386,0,0.0269461082643829,0.0132401621667668,0.00399467360693961,0.00125865323934704,0.00372439494822174,0.00136798911262304,2.86806411895668,0.000866926740854979,0.124223603634164,0.00501253118272871,0.0593286484945565,0.00938628183212131,0.0110410096822307,0.00354295829311013,0.118500608485192,0,0.099421963095665,0.00214477209374309,0.0550284625496715,0,0.00937612692359835,0.00081933633191511,0.00816326541826129,0.000962463906034827,0.0196895110420883,0,0.0108856995357201,0,0.0429160947678611,0,0.0180940894642845,0,0.0300321771064773,0.00524418242275715,3.35379500454292,0.00195551221258938,0.142421938944608,0.000729926978237927,0.434840866364539,0.00195790501311421,0.706611540634185,0,0.0821177759207785,0.00336983986198902,0.0382527778856456,0.0077092507854104,0.0813326768111438,0.00874999980442226,0.56687116320245,0.0186697784811258,1.23191730771214,0.00546746829058975,0.326086962595582,0.00735970539972186,0.250696385046467,0.00225988705642521,0.153990614460781,0,0.891891873150598,0.0016968326526694,1.76053449825849,0,0.354013885138556,0,0.167664665495977,0,0.114112462440971,0.000518403307069093,0.0253164544701576,0.00818833149969578
0.00241196335991845,4.77565029263496,0.00518256780924276,0.821695477003232,0,0.0322738385293633,0.00112149532651529,5.30054228752851,0,0.0354679813608527,0,0,0.00059154094196856,10.9284309209324,0.00076893501682207,0.192060487228446,0.00200702459551394,8.02675873227417,0.217421124398243,0.451672871655319,0.00987306097522378,0.00282685505226254,0.0241228071972728,0.0640898559940979,0.00220994465053082,0.00527148135006428,0.00312662834767252,0.00677966116927564,0.00875592883676291,10.6906307315221,0.0599750108085573,0.174554923782125,0.0383275252534077,0.579597145318985,0.00761421304196119,0.00695894239470363,0.00101936794817448,0.0718259983696043,0.00686947989743203,0.0322135302121751,0.00293685751967132,0.0072780204936862,0.00259655946865678,0.017460894305259,0.0031834461260587,0.0159262364613824,0.0033909801277332,0.0218579233624041,0,0.00673400657251477,0,0.00340715516358614,0,0,0.00193236710038036,0.0744269127608277,0.00842385293799452,1.38986130888225,0.00613496953155845,0.0354330707341433,0.00425144244218245,0.330923008383252,0,0.42887322435854,0.00370541913434863,0.0827740474487655,0.0497965053655207,0.0847715757554397,0.0876968941884115,0.201257854700089,0.0474716224707663,1.50741832936183,0.00585365854203701,2.36125402827747,0.011331444606185,0.336917551467195,0.0798858795315027,0.25120307947509,0,0.355491321533918,0.00250469637103379,0.363683680887334,0,0.298456268850714,0.000373622257029638,0.0923566892743111,0,0.0218082689680159,0.00101626012474298,0.0307249166071415,0.210191085934639,0.0778210116550326
2.0737594430102,0.000783238676376641,1.7631678362377,0.0461861451622099,0.298730882874224,0.0435347631573677,6.77111046825303,0.0265122668934055,2.68435377837159,0.0208945479243994,10.4822649228154,0.00059154094196856,0,0.00294189748819917,10.1293342286954,0.00326264288742095,2.27627240074798,0,0.0982527256710455,0.00657122750999406,0.0261117909103632,0.00163398694712669,0.216620380058885,0.0896551751065999,0.0443193816463463,0.0143344707903452,0.0508130091475323,0.0199785938020796,4.89136184740346,0.00383771932683885,0.449621436186135,0.048561152187176,0.14091723569436,0.0155679881572723,0.0084323498304002,0.00323886633850634,0.114190319844056,0.00132890359964222,0.141322048206348,0.00249532121233642,0.0526096030371264,0,0.0111813323164824,0,0.00902425311505795,0.00116993277333677,0.0406830736901611,0.000482625473523512,0.0136823315988295,0,0.05426044925116,0,0.0340113366837613,0,0.0502658286131918,0.00637522764736786,1.65909090754576,0.00331369662308134,0.133098057936877,0.00098015193361789,0.547387870959938,0.00177304964745417,0.681721083819866,0,0.0996240595704876,0,0.045681382791372,0.00804343435447663,0.0561797726550139,0.00340020400471985,1.16795696492773,0.0346972170518711,1.50437888083979,0.00630914815701544,0.440899804059882,0.00741350889438763,0.280612239148468,0.0186435228679329,0.0532003343105316,0,0.713981540204259,0.00123026449000463,1.56556125922361,0.00118870730511844,0.6570623338921,0.000990589382126927,0.229957801115233,0.000618429214227945,0.208492652804125,0,0.0139799043536186,0.00517687678802758
0.00247729156399146,1.64040235552238,0.031559782626573,2.0260174384166,0.000730460218619555,0.175720021128654,0.0119047615444288,7.42389223328792,0,0.496334310388193,0.00146092043723911,10.9284309209324,0.00294189748819917,0,0,0.320670057553798,0.00148643623106182,1.68955226865364,0.543995598389301,0.977585362037644,0.0179584125289693,0.00662565068341792,0.189599634963088,0.700671153317671,0.00558213709155098,0.0246628131717443,0.00611387100070715,0.0243111827876419,0.0081419013440609,7.34500470932107,0.282671826076694,1.05898037261795,0.0504484330303967,0.495233051769901,0.00615655217552558,0.00468384067062289,0.00676691735861823,0.0583177569787949,0.0226608188822865,0.0257749906741083,0.000970873807091266,0.00193050189409405,0.00370468368055299,0.0145053665619344,0.00373715360183269,0.0220492866355926,0.0043871677480638,0.0157521665096283,0,0.00390370865352452,0,0.00275254598818719,0,0,0.00262950314208865,0.0566921383142471,0.00691111542982981,0.946046694822144,0.0077092507854104,0.0266951421508566,0.0025056378217414,0.270252546528354,0.000679809658322483,0.553985326550901,0.00210010504815727,0.0668639048817568,0.0418461540830322,0.0603708514245227,0.0846734514925629,0.187260163249448,0.0508345974376425,2.16470592468977,0.00582241639494896,1.45961197285214,0.00663507101126015,0.243669376359321,0.104962512734346,0.206051867105998,0.00193143414799124,0.171950042946264,0.00102774926926941,0.408630572259426,0.000677506788633764,0.122772281058133,0,0.116043338202871,0.000797130342107266,0.0234563649864867,0.00215796288102865,0.0213815791066736,0.13510746974498,0.0907715584617108
0.217776763805887,0.0013866419903934,0.373499334091321,0.0113452186342329,3.51417355926242,0.0513489976292476,0.886667876620777,0.00415009504649788,15.6722219449002,0.0070083225145936,1.89010029856581,0.00076893501682207,10.1293342286954,0,0,0.00276052439585328,1.1522707324475,0.00155642023310065,0.0220889880438335,0.00229819025844336,0.294434458483011,0.0095923263579607,0.12714688712731,0.0402439024765044,0.211342699010856,0.0493023266317323,0.499079198460095,0.0741473020752892,8.58517069998197,0.00557880057021976,0.544084389344789,0.0688575892709196,0.0634005783358589,0.00420294201467186,0.0142154175555333,0.00473372777923942,0.524604958307464,0,0.140549974923488,0,1.95294119534083,0.00122925627510995,0.0293941202107817,0.00199866760522127,0.020968908444047,0,0.082448473200202,0,0.0255615797359496,0.00076074554817751,0.13679695216706,0,0.0856241575093009,0,0.153662891476415,0.00387596903601661,0.234256923256908,0.00128976788255386,0.0746783813810907,0.00181763106957078,0.249294992303476,0.00153609830886126,0.142571086995304,0,0.163349917100277,0.00136286206543446,0.0374717827362474,0.00524683986441232,0.0146041504340246,0.00462748721474782,4.12962106685154,0.0606593418633565,1.70820664218627,0.00585774076171219,0.277477484196424,0.00606796122156084,0.220713077578694,0.0111540115321986,0.0885608838871121,0,0.871482423041016,0.00146448620944284,9.49900286737829,0,0.699607543676393,0.000379003235138953,2.48449611477554,0.00244498770916834,0.599188351043267,0,0.010603048838675,0.0039011703338474
0,0.0443834360630717,0.0246587414294481,0.232931731734425,0.0350877187447622,6.66353522840654,0.0116876219690312,0.619873012066819,0.00907441019080579,7.80919616110623,0.000855798018164933,0.192060487228446,0.00326264288742095,0.320670057553798,0.00276052439585328,0,0.00611353729618713,0.229533284436911,0.014316837885417,0.0414184418041259,0.3836734527722,1.34462612564676,0.113054501067381,0.216606503818184,0.259136211010627,1.08933454204816,0.422382668824866,2.48959849280072,0.0171165235806257,8.48282988363644,0.285396600083914,1.06307692406699,0.0277865496464074,0.0420740731642582,0.0256273364648223,0.0357554773800075,0.00619743240531534,0.441512741730548,0.00942184129962698,0.511740881484002,0,0.216636735713109,0.033155714161694,0.144451742526144,0.0313167262356728,0.0849794985260814,0.03573629015591,0.267605637665838,0,0.0261878044693731,0.00235849060118198,0.0136138611705974,0,0.00855432008393109,0.00117577891796827,0.382932170759887,0.00540765374898911,0.0651618380506989,0.0136180755216628,0.0197309424402192,0.0072423400124535,0.0460725075099617,0.00236127502284944,0.0350653505302034,0.00081433221930638,0.0496811009943485,0.0827000447316095,0.18598064215621,0.0173847319092602,0.0643990938551724,0.273825508193113,2.32169045764022,0.00766936491709203,3.43796223355457,0.0058513751719147,0.646572104771622,0.0616666681598872,0.382315782597288,0.0023952096235007,0.0690065419767052,0.00343741045799106,0.269017145707039,0,4.57208074454684,0.00176991146872751,0.186431117821485,0.000948766595683992,1.88150516769383,0.000944956322200596,0.0905220686108805,0.195750169456005,0.0543615695787594
2.29807448736392,0.0139822526834905,0.212853479431942,0.00415896493359469,0.0688427295535803,0.00236686388961971,0.2582582582545,0.00386473431717604,0.235824735020287,0.00119402981363237,7.51691390108317,0.00200702459551394,2.27627240074798,0.00148643623106182,1.1522707324475,0.00611353729618713,0,0.00917431153357029,0.0577899259515107,0.00835363729856908,0.0225776103325188,0.00754716992378235,0.0157910719281062,0.00449101813137531,0.00137457042001188,0,0.00255754473619163,0.00706713763065636,3.88097235874739,0.0371681414544582,0.0371456500142813,0.00718685856554657,0.434194837231189,0.0763863357715309,0.692874696222134,0.571164517547004,1.53080278658308,0.0998766931006685,0.12953059701249,0.0209020901238546,0.0655412112828344,0.00785083416849375,0.772560539713595,0.0200501256622374,0.846153851423878,0.0285573614528403,0.359290661639534,0.0304789548972622,1.37386025162414,0.00989609048701823,2.0083612575545,0.00465116277337074,0.399751724442467,0,0.29381817439571,0.031291609921027,4.20115494984202,0.0341246275347658,1.33850329974666,0.0193093209527433,1.65418658056296,0.0460921849589795,1.93965063430369,0.0120724341832101,1.38137471093796,0.0283626979216933,0.975928821426351,0.293444897746667,0.125376129290089,0.0656793331727386,0.410612742416561,0.03959208028391,1.19646017253399,0.0437710457481444,0.187322610989213,0.0500000000465661,1.30663609597832,0.56993616221007,2.5658154161647,0.00971817295067012,5.27791477576829,0.0252221266273409,2.59399687335826,0.0161861404776573,1.09323728654999,0.0119940029690042,0.343406602041796,0.010834236163646,0.358000554377213,0.00839674659073353,0.0266370708122849,0.00860215071588755
0.00194410688709468,2.04996292013675,0.00379686756059527,0.232158218859695,0.000995520153082907,0.0377358489204198,0.0022560631041415,0.444808131025638,0,0.0330165093764663,0.000995520153082907,8.02675873227417,0,1.68955226865364,0.00155642023310065,0.229533284436911,0.00917431153357029,0,0.0714038128498942,0.230841413489543,0.023071376606822,0.0173410400748253,0.0199059995356947,0.0574098823126405,0.00112422707024962,0.0107181130442768,0.00105932203587145,0.0103507766034454,0.0184501841431484,18.2530954652466,0.0497890298720449,0.119718307629228,0.12046495283721,0.289465055102482,0.0673139132559299,0.0398293025791645,0.00725012959446758,0.127440909389406,0.0139511714223772,0.0578898227540776,0.00300525920465589,0.0208488462958485,0.00918032787740231,0.0493009565398097,0.0177276389440522,0.0585987243102863,0.00685400969814509,0.0350649344036356,0.00174064398743212,0.0221748393960297,0.0020449897274375,0.0179063363466412,0,0.00199004984460771,0.00130123621784151,0.132812504947651,0.0218750001222361,2.69276557842386,0.0482259748969227,0.0974477949785069,0.0312691603903659,0.543103446252644,0.00542250322178006,4.18084730021656,0.0122180454200134,0.196906826924533,0.243125906679779,0.349961629835889,0.117342540528625,0.47948855208233,0.099632932106033,1.12305373791605,0.0118870725855231,5.96771114855073,0.0115858074277639,0.794721406884491,0.148648645845242,0.630190522642806,0.0059612519107759,11.9497412126511,0.00822004431392998,5.51167084905319,0.00269905541790649,0.372012161649764,0.00826756883179769,0.250350494752638,0,0.0755760377505794,0.00204865564592183,0.0604594933975022,0.391836734488606,0.0558213709155098
2.13915991957765,0.2244722089672,9.44525219500065,1.20776991246385,0.0483128823107108,0.0306161493062973,0.505576222436503,0.662840287055587,0.0137373741599731,0.0261739791603759,0.131901837419719,0.217421124398243,0.0982527256710455,0.543995598389301,0.0220889880438335,0.014316837885417,0.0577899259515107,0.0714038128498942,0,10.2002103254199,0.0412890231236815,0.0100857287179679,8.61954452178907,2.25869256304577,0.031959630199708,0.00973630836233497,0.0257338155061007,0.00855432008393109,0.266545792284887,0.189758082269691,5.60188613086939,2.42145588062704,8.73880200984422,8.74876616842812,0.200559696822893,0.0458852851297706,0.0695652160793543,0.0235756393522024,0.0913277025683783,0.0175118576735258,0.018652850529179,0.00205973233096302,0,0.00241181789897382,0.00129827973432839,0.00270819221623242,0.00739266443997622,0.00597988563822582,0,0,0.00266016408568248,0.00285469606751576,0,0,0.0130683369934559,0.0229182580369525,0.560740284156054,0.12482383986935,0.201599095365964,0.0143805309198797,0.0269360265228897,0.0438506342470646,0.0135135133750737,0.0657277004793286,0.0102676936658099,0.0116923074820079,0.528977871435927,0.136645966558717,9.85464556887746,1.66235868399963,1.31763767212396,2.83783778431825,0.380443097907118,0.509426977601834,0.0848484886810184,0.352521662600338,0.477723703021184,0.647770228097215,0.00618238002061844,0.0163934417068958,0.0148856989108026,0.0648232093080878,0.00921332376310602,0.00965517270378768,0.00844451933517121,0.0214592280099168,0.00336275738663971,0.00650054152356461,0.017317939986242,0.00633713571005501,0.415570178534836,0.274150023935363
0.0473537611251231,2.32620100450004,0.123707313498016,7.82563374235178,0.00410958915017545,0.0335042732185684,0.0179775287397206,1.93073319375981,0.00215285253943875,0.0329896900802851,0.00410958915017545,0.451672871655319,0.00657122750999406,0.977585362037644,0.00229819025844336,0.0414184418041259,0.00835363729856908,0.230841413489543,10.2002103254199,0,0.0522193196229637,0.0139433555305004,0.724381631007418,2.49500881740823,0.00817843870026991,0.00648181478027254,0.00714540889021009,0.0113207547110505,0.0364540176233277,0.458369119616691,1.25083813467063,1.31699649151415,2.40320002671797,5.93329964973964,0.0488599331583828,0.0120845921337605,0.0239268114091828,0.0420021009631455,0.0863605221966282,0.0235833604820073,0.00624442443950102,0.00443655735580251,0.00252461497439072,0.00992008822504431,0.00294724421110004,0.0110226573888212,0.0151475580642,0.012528189108707,0,0.00614250602666289,0.000829359341878444,0.00629095709882677,0,0.000684697006363422,0.025094102602452,0.06086341055925,0.0741977361030877,0.413714723428711,0.062401678529568,0.0320773946586996,0.0182123177219182,0.116372645366937,0.00832266337238252,0.146774196589831,0.00263244495727122,0.0437956218374893,0.41684793465538,0.160995852318592,7.4543199990876,5.29913919809042,0.400283893570304,4.63680216111243,0.0457337877596729,1.40139209921472,0.0549738225527108,0.963516502641141,0.554475373704918,1.52738333051093,0.00177541060838848,0.049469965044409,0.00883652397897094,0.14182895552949,0.00127632415387779,0.0261519293999299,0.00385047344025224,0.0477642285986803,0,0.0214216156164184,0.0132890362292528,0.015061434591189,0.868913866579533,0.441570441587828
0.0223880591802299,0.0254452927038074,0.0361990963574499,0.0431654691346921,0.124324327334762,1.35067260847427,0.0230769231857266,0.0256521744595375,0.0266120773740113,0.207272728672251,0.0252252258360386,0.00987306097522378,0.0261117909103632,0.0179584125289693,0.294434458483011,0.3836734527722,0.0225776103325188,0.023071376606822,0.0412890231236815,0.0522193196229637,0,3.47628878848627,0.282560706138611,0.0867906555067748,2.20681811193936,2.47569800633937,2.31547022121958,2.58809533691965,0.805080038378946,0.324035606347024,2.19306595774833,1.19300805602688,0.0587628887733445,0.0456238366896287,0.0402476768940687,0.0394477322697639,0.343023254536092,0.139446035725996,0.308664257987402,0.222043449757621,2.00462964456528,0.48198199365288,0.0111576011404395,0.0494777353014797,0.0214782049879432,0.0357142866123468,0.0495294691063464,0.0843649690505117,0.00285918521694839,0.00553250359371305,0.00862927350681275,0.00299251859541982,0.0038610037881881,0.00540054019074887,0.0413793107145466,0.153972825326491,0.0145210833288729,0.0236379352863878,0.0189620758173987,0.00944287050515413,0.016927634133026,0.0239268114091828,0.0121765602380037,0.0125654451549053,0.0146460535470396,0.0171232869615778,0.0388050501351245,0.0830564749776386,0.0352360802935436,0.0756646199151874,4.81150821433403,4.35347987071145,0.39107143075671,0.652858338551596,0.576763515826315,2.15483875432983,0.579710153397173,1.34843206987716,0,0.0220264308154583,0.0220848058233969,0.0315717218909413,1.62537764199078,0.253922974225134,0.0167307262308896,0.0195407913997769,0.188422256615013,0.511408344027586,0.0592149017029442,0.0185414089355618,4.14723916724324,1.76901402231306
0.00186741363722831,0.0133715376723558,0.00362318835686892,0.0272000003024004,0.0632339669391513,6.59352533030324,0.00316957218456082,0.0139221232384443,0.0225872697774321,0.384685503551736,0,0.00282685505226254,0.00163398694712669,0.00662565068341792,0.0095923263579607,1.34462612564676,0.00754716992378235,0.0173410400748253,0.0100857287179679,0.0139433555305004,3.47628878848627,0,0.0523020275286399,0.0420248326845467,0.663625979796052,1.32157683302648,0.73833669628948,10.4587810125668,0.0154867256060243,0.499405462760478,0.810626691672951,0.772262742975727,0.0185854411683977,0.0326340325409546,0.0311041995882988,0.0595238129608333,0.0116618075408041,1.01724135491531,0.0380090499529615,6.08064506785013,0,2.40816329838708,0.00837988837156445,0.0550660770386457,0.0101265823468566,0.0344115629559383,0.0138888896908611,0.110192836727947,0,0.0138600135687739,0.000664451799821109,0.0029970029136166,0,0.00361010828055441,0.0027624309877865,0.633965383516625,0.0022358859423548,0.0138488165102899,0.00599700165912509,0.0104018911370076,0.00423728808527812,0.0267983083613217,0,0.0104876770637929,0.00489396415650845,0.0114351056981832,0.0345252766273916,0.0691719315946102,0.00706214690580964,0.0287179476581514,1.59402992553078,5.8126721373992,0.0214861230924726,1.09634548891336,0.0459290198050439,2.42857142630965,0.206837608595379,1.21397383452859,0.00454545440152287,0.0088691795244813,0.00353825744241476,0.0267949156695977,0.00454201363027096,0.833452490740456,0.000904977379832417,0.0298215612419881,0,2.42744484299328,0.00466200453229249,0.0327868856838904,3.84520113095641,0.397727284580469
0.04847594385501,0.0360997395473532,6.14607773954049,1.54270430313773,1.74850302515551,0.744992553954944,0.849323316477239,0.968960487894947,0.254443395417184,0.412612622603774,0.0269461082643829,0.0241228071972728,0.216620380058885,0.189599634963088,0.12714688712731,0.113054501067381,0.0157910719281062,0.0199059995356947,8.61954452178907,0.724381631007418,0.282560706138611,0.0523020275286399,0,10.179338851478,4.93954966700403,0.492962151300162,1.3414103607065,0.373941361787729,0.25340262055397,0.149680718430318,11.2558772614575,4.94809893716592,6.39328543999,1.19917773554334,0.274687068886124,0.0423821718432009,0.0545677504851483,0.0225816294550896,0.013181546353735,0.0126691627083346,0.00375657400581986,0.00523560226429254,0.000913033552933484,0.00148184731369838,0.00314712838735431,0.00379815517226234,0.00658978580031544,0.00952165035414509,0.000551116012502462,0.00108813925180584,0.00381460995413363,0.000472255022032186,0.000612369854934514,0,0.000908059009816498,0.00772698002401739,0.0481844757450745,0.0266713458113372,0.0415682562161237,0.00597976063727401,0.0152405838889536,0.00986031268257648,0.00112866819836199,0.0140096614777576,0.00404741248348728,0.00602712202817202,0.231513597711455,0.0648854963947088,0.401753916579764,0.181421452551149,0.254478078335524,1.16014449018985,0.0758208931656554,0.230433509219438,0.0132743362337351,0.0645640069269575,0.121657356619835,0.133214922971092,0.00523756089387462,0.00149031297769397,0.00845571854733862,0.0178849147632718,0.010129431495443,0.0198237877339125,0.00721479021012783,0.00790638805483468,0.00385728059336543,0.0291345329023898,0.00496562276384793,0.00329308447544463,0.0258215959765948,0.0502901338040829
0.0103626945929136,0.0849989491398446,0.904142975981813,7.25885874638334,0.216991546622012,1.8201174478163,0.297561783663696,2.10533106164075,0.0827532841358334,0.759689951024484,0.0132401621667668,0.0640898559940979,0.0896551751065999,0.700671153317671,0.0402439024765044,0.216606503818184,0.00449101813137531,0.0574098823126405,2.25869256304577,2.49500881740823,0.0867906555067748,0.0420248326845467,10.179338851478,0,0.897549233166501,0.718944112770259,0.291762885346543,0.204164971364662,0.0953216362395324,0.381906482100021,3.36103889765218,5.16834321198985,0.698224871477578,0.457279731926974,0.0576496691792272,0.0151228737086058,0.00984475552104414,0.0188253005035222,0.0287081344868056,0.00981767172925174,0.00195982353761792,0.000974184134975076,0,0.00583430577535182,0,0.00456769979791716,0.00330760760698467,0.0147757255472243,0,0.00196399341803044,0.00086542620556429,0.000553403457161039,0.000756143650505692,0,0.00158562365686521,0.0183259035693482,0.0069364162045531,0.0504135489463806,0.00885690562427044,0.00429299706593156,0.00553877139464021,0.0211221128702164,0.00205268565332517,0.0346689393627457,0,0.00238024396821856,0.0387149908929132,0.0199177312897518,0.0885072683449835,0.0494781583547592,0.100878871511668,2.8974455044372,0.0373763292445801,0.543323879828677,0.0191296031698585,0.1562198640313,0.128684402850922,0.124773304210976,0.000974658876657486,0.00581677153240889,0.00309837330132723,0.041565332794562,0.00750085210893303,0.0179342406336218,0.00132625992409885,0.0171839388494845,0.0040160643402487,0.0243055561440997,0.00520043342839926,0.00330237369053066,0.0444444426102564,0.165987788233906
