0,0.00444520413293503,3.65572703944054,0.0258104164386168,0.00876514601986855,0.00365630711894482,5.14211411611177,0.019354839110747,0.0208277703495696,0.00618078815750778,3.56541925179772,0.00763176707550883,2.60007719974965,0.0165056362457108,0.220979643170722,0.00133600534172729,1.32784779637586,0.0038433822337538,1.94686908420408,0.0377583471708931,0.00186625187052414,0.00308261398458853,0.0924032176553737,0.020077852968825,0.000556947954464704,0.00267451192485169,0,0.00216860929504037,3.18851924326736,0.00928587222006172,0.386136197223095,0.027084817935247,0.755283173348289,0.0945293671975378,0.0321074132807553,0.0103626940981485,0.23968463530764,0.00416124844923615,0.280510003038216,0.00752823078073561,0.090994666388724,0,0.00637323223054409,0.00086824398022145,0.00231910948059522,0.000940733763854951,0.0352697099151555,0.0064244125969708,0.00565237866248935,0.000959232624154538,0.036388370586792,0,0.0100158145651221,0,0.0691446841519792,0.0318076030816883,13.638071740279,0.00598142636590637,0.406899431953207,0.000404040416469797,1.03449626112706,0.00192353932652622,0.522699409048073,0.00334308389574289,0.221508037298918,0.000441598589532077,0.225588664907264,0.0187239950755611,3.26187517109793,0.0136873801238835,0.714099596370943,0.0535995794925839,3.84192985901609,0.00658061227295548,0.764051900245249,0.00991940498352051,0.628759171813726,0.0284552834928036,0.025810512714088,0.00187324377475306,0.316352833528072,0.0024292902671732,0.242291817732621,0.00288253667531535,0.401045950478874,0.000875784549862146,0.0292252554791048,0.00148735754191875,0.0798623070586473,0.000325573812006041,0.0290322591899894,0.0506493496941403
0.00444520413293503,0,0.0234545159037225,6.90225559892133,0.00106553011573851,0.0399568023858592,0.00975066170212813,5.96555052779149,0.000552486162632704,0.0367216619197279,0.000533333339262754,5.8249756260775,0.00276625176775269,1.30993187101558,0.00138057986623608,0.0572606513742357,0.00106269924435765,2.71966314862948,0.401039424119517,2.702262121893,0.0187702258117497,0.0166720109991729,0.0482152884942479,0.0613961316994391,0.00230813608504832,0.00719424494309351,0.00168397411471233,0.0106621778104454,0.0147518998710439,0.964074564399198,0.081067472230643,0.198334960732609,0.0803125681704842,1.11945533257676,0.00727052427828312,0.00316856778226793,0.0163043470820412,0.106989249528851,0.0166756314574741,0.0290155452676117,0.00326583918649703,0.0187702258117497,0.00367647063103504,0.0160642568953335,0.000955337949562818,0.0203537681372836,0.00766773149371147,0.00947281692060642,0.000485319091239944,0.0380716939107515,0.00243224471341819,0.0123273110657465,0,0.00107382552232593,0.00737856107298285,0.0659908554516733,0.0070253872545436,14.1946052641142,0.0123746533354279,0.160414512298303,0.0020092424529139,0.655924675986171,0.00151898735202849,0.726882643939462,0.00204081623815,0.163033610500861,0.0746469377190806,0.350168355391361,0.421971267205663,2.64342407259392,0.084051723824814,0.667210003128275,0.0143160134903155,1.32148453965783,0.0186315446626395,0.706868732348084,0.16753653815249,0.765678329742514,0.000655308016575873,0.114359974861145,0.00365853650146164,0.448031231673667,0.000500751135405153,0.082218918716535,0.00112029130104929,0.296164130559191,0.000571102253161371,0.0179073933395557,0.00527704498381354,0.0382186767819803,0.404033617349342,0.0744500843575224
3.65572703944054,0.0234545159037225,0,0.732538830954581,2.09202310006367,0.407698165799957,12.4248383157828,0.688359797815792,0.502975413808599,0.334249314211775,1.0172715364024,0.0366334342397749,3.40331695138593,0.204402508679777,1.28120231040521,0.101062675064895,0.398603160225321,0.0107401352724992,11.0688874124899,0.306677024345845,0.0137931032804772,0.0101070153177716,4.82844903512159,1.00739851166145,0.204257604840677,0.155998958100099,0.0540966414264403,0.117091104388237,2.67599060153589,0.161964250961319,5.53995734956698,0.800184800173156,4.97320699098054,0.451688932662364,0.152848287136294,0.0270508674439043,0.199235658103134,0.0171500630676746,0.170577838667668,0.0112058466474991,0.039915332919918,0.00599700142629445,0.0112818514171522,0.00338481063954532,0.00722021656110883,0.0045745653915219,0.0376518211851362,0.0105861598276533,0.0114521302748471,0.00419580418383703,0.0419930027564988,0.00121212124940939,0.0204394478350878,0.00050377834122628,0.0441061663150322,0.0208491284865886,0.869084186502732,0.0185385451186448,0.262773714261129,0.00197238652617671,0.188816549401963,0.00654358504107222,0.0948748527443968,0.0122299222857691,0.0859543810947798,0.00301140031660907,0.304537390038604,0.0516304357443005,0.990581985359313,0.0286244361195713,1.22517060488462,0.374936334788799,2.56211106735282,0.140506011201069,0.575938046735246,0.0406455481424928,0.722590110555757,0.132149903103709,0.0194115862250328,0.00481492606922984,0.210648600012064,0.0166581674129702,0.319886762474198,0.0172776089166291,0.204440834640991,0.0100416009081528,0.0661862834822387,0.00625902743195184,0.0465430031181313,0.00159667892148718,0.0552795020630583,0.0887499980162829
0.0258104164386168,6.90225559892133,0.732538830954581,0,0.0212958772026468,3.06416128546698,0.382957030029502,17.1556107145734,0.0401869171182625,1.44409233733313,0.0249433110002428,1.63240267382935,0.167453248432139,3.08122845139587,0.0691170573118143,0.454039003729122,0.00994575070217252,0.144316733640153,1.31489198189229,9.3950062765216,0.0256000002846122,0.0365175962797366,1.33388788040611,7.75849319586996,0.0630150249344297,0.595694882678799,0.0198910727631301,0.130208337213844,0.126606936828466,0.861209943308495,1.0302245222847,2.47301858314313,0.159863298060372,1.24750322764157,0.0186821508104913,0.00838574394583702,0.038709677872248,0.101369861396961,0.0465966205811128,0.0433628316968679,0.0166577115887776,0.0229333335882984,0.0125989917432889,0.0221703619463369,0.00701464823214337,0.0208899102290161,0.0190476193965878,0.0322697600349784,0.00041832253918983,0.0187035064445809,0.00342892779735848,0.00931966424104758,0.000462000461993739,0,0.0245531682157889,0.0952380990202073,0.0176224181486759,0.856271757365903,0.00935103817027994,0.0412032807653304,0.00674117446760647,0.287601184390951,0.00390455531305633,0.268370601057541,0.00524017482530326,0.109004740719683,0.0699152572487947,0.156433448602911,0.197980689466931,0.670009548368398,0.216376943018986,2.09859475769917,0.103790613065939,1.39500670009875,0.0784521582536399,0.561552805826068,0.33214604575187,0.922836040204857,0.000538793101441115,0.0551096823182888,0.00788530439604074,0.361702115711523,0.0236355816014111,0.115368244296405,0.0094859633827582,0.261034390190616,0.00192215282004327,0.0420223250985146,0.0173364857619163,0.0311470506712794,0.500137565948535,0.230705404712353
0.00876514601986855,0.00106553011573851,2.09202310006367,0.0212958772026468,0,0.272202989086509,0.114417355449405,0.0157156224595383,6.80606065201573,0.0782997766509652,0.0202247193083167,0,0.142348754452541,0.00417681864928454,3.78956219868269,0.0225375619484112,0.0367892986396328,0,0.0211480362340808,0.00408580200746655,0.0714285718277097,0.0400348117109388,1.37651577196084,0.0703517580404878,1.77005351055413,0.44403892592527,4.39422478666529,0.710163103649393,1.08466451754794,0.0164744642097503,2.99100890778936,0.183538315817714,0.0705346981412731,0.00139033712912351,0.0135236664209515,0.00168634066358209,0.029239765717648,0.00457142852246761,0.00572082353755832,0.0042328042909503,0.157509158132598,0.00178571429569274,0.0047846888191998,0,0.00180423993151635,0.00185442739166319,0.0132110088597983,0.00138600135687739,0.0037192003801465,0.000963855418376625,0.0132065499201417,0,0.00824014085810632,0,0.0158129939227365,0.00261352490633726,0.025157232536003,0.000469704100396484,0.0198748623370193,0.000700525415595621,0.013302294537425,0,0.0101010105572641,0.000743218115530908,0.0307692296337336,0,0.00955253950087354,0.00326708424836397,0.00415368657559156,0.00256739417091012,2.47072324901819,0.0432495604036376,0.406215329887345,0.0107758620288223,0.0524934392888099,0.00707338657230139,0.0515574663877487,0.0130363935604692,0.0147874308750033,0,0.0705084749497473,0.000545256247278303,0.392292505828664,0.00580270809587091,0.061883581802249,0.000420521449996158,0.0900783303659409,0.00412583816796541,0.0183041719719768,0.000494071166031063,0.00398009968921542,0.00609137071296573
0.00365630711894482,0.0399568023858592,0.407698165799957,3.06416128546698,0.272202989086509,0,0.168637339083944,1.1497639658628,0.266249994048849,16.6582279605791,0.00693641602993011,0.056640625,0.0841828361153603,0.17924193921499,0.165090288966894,8.00426269153832,0.016055045183748,0.0545094168046489,0.181678208289668,0.154485620500054,1.79065426043235,4.14740671939217,0.824977475451306,2.79897662904114,1.11618260003161,11.175658594002,1.42838620091788,15.8510358708445,0.112469434621744,2.43145502387779,2.82069656369276,5.03585269441828,0.0664862752892077,0.0827732609468512,0.0655737693887204,0.0563380271196365,0.0228915667394176,0.597647035028785,0.0176678452407941,1.56086949398741,0.00383877148851752,0.872897222987376,0.0688456197967753,0.117790414660703,0.0249192425399087,0.0654959654202685,0.066542056039907,0.168547255219892,0.00095192767912522,0.0276543209329247,0.00374732329510152,0.011918063275516,0.00363856879994273,0,0.00419727189000696,0.620391879696399,0.00707046885509044,0.0461026612319984,0.00899887480773032,0.00641711225034669,0.00676361203659326,0.0436941408552229,0.00414507789537311,0.0287769776768982,0.00842105224728584,0.0302013424225152,0.0646639543119818,0.161192382918671,0.0170575696974993,0.0583554366603494,0.927895982167684,3.54364840127528,0.0593607281334698,2.20930235052947,0.0548947846982628,1.47826087533031,0.20971302408725,0.768285838887095,0.00193798448890448,0.0529300579801202,0.0117241382831708,0.0884466525167227,0.0141843978781253,1.69573840277735,0.00663932831957936,0.0951976217329502,0.00944669335149229,1.69719430501573,0.00218281033448875,0.0505252643488348,0.712041892111301,0.181818185374141
5.14211411611177,0.00975066170212813,12.4248383157828,0.382957030029502,0.114417355449405,0.168637339083944,0,0.374230320565403,0.564334992319345,0.160368307959288,2.1756003528717,0.0155712470295839,10.248925577529,0.0860590635275003,1.02258229564177,0.0494760358706117,0.340678286651382,0.00364099774742499,1.67627197719412,0.0924237621948123,0.00704070413485169,0.0034980324562639,1.17278867214918,0.443406874226639,0.0418614102818538,0.045373839820968,0.00956556410528719,0.0350667457096279,2.50160225504078,0.0734665975323878,1.59425091161393,0.370463979255874,0.640382691810373,0.101237704744563,0.034482758899685,0.0086749077308923,0.103602725896053,0.0088888889295049,0.105934661114588,0.00489181579905562,0.0137259247130714,0.00176017603371292,0.00976224229088984,0.00269496371038258,0.0035448421840556,0.00107488356297836,0.0357723588240333,0.00348597680567764,0.00717360118869692,0,0.0393842726480216,0.000324675318552181,0.0175644025148358,0,0.0312598683522083,0.0104841193533503,1.08162732742494,0.0067681897780858,0.099967439629836,0.00127388536930084,0.343905464629643,0.00291492068208754,0.170952824817505,0.00327011104673147,0.120558140217327,0.00102406556834467,0.0818587100075092,0.0143702455388848,0.34012335294392,0.0112382099032402,0.80665764468722,0.164330212865025,1.76583131295047,0.0613520171027631,0.424255683668889,0.0140474103391171,0.507281994796358,0.0421572358463891,0.0115376082831062,0.00176483567338437,0.242823534761555,0.00620329874800518,0.296935210004449,0.00837429481907748,0.285016281850403,0.00562278440338559,0.0556788373505697,0.00633855318301357,0.0448179291561246,0.00133815061417408,0.0225733630941249,0.0603174611460418
0.019354839110747,5.96555052779149,0.688359797815792,17.1556107145734,0.0157156224595383,1.1497639658628,0.374230320565403,0,0.0145845331717283,1.82800518543809,0.0250889338203706,4.479590113624,0.184305473143468,8.84239963319851,0.0458143830765039,0.86150745395571,0.0100840337981936,0.227749164769193,1.67917546271929,3.26192668982549,0.0162358470261097,0.0254777062218636,1.21204262317042,2.2880100843031,0.0225430097489152,0.107204609405017,0.0112533955834806,0.0597478161216713,0.118713931879029,1.01920184283517,0.957037580839824,2.36898680444574,0.160374312283238,1.24137929629069,0.0179885522229597,0.00758373696589842,0.0261809902440291,0.0813406119123101,0.0195893769850954,0.0198128781630658,0.00386847200570628,0.00897244177758694,0.0086326499003917,0.0148196933150757,0.00553824845701456,0.0115424976975191,0.0149538655823562,0.021095082629472,0,0.0127750178799033,0.00381107919383794,0.0108005077927373,0.00152091251220554,0.000752445426769555,0.00587326101958752,0.0579885207116604,0.0193531956756487,0.883233174477937,0.00860146555351093,0.0233790531638078,0.00761266783229075,0.265244447393343,0.00252661973354407,0.342930263374001,0.00508074747631326,0.0847372777061537,0.0493434149539098,0.106165330857038,0.086750503804069,0.168001565907616,0.164058080990799,1.23368739453144,0.0790602269116789,0.68820380512625,0.045493196346797,0.238277923344867,0.203208551276475,0.366530928877182,0.000861511973198503,0.0591133003472351,0.00982951931655407,0.441001504135784,0.0132497761223931,0.0927340592897963,0.00732936337590218,0.281110985320993,0.00314156687818468,0.0250909084570594,0.0057724024518393,0.0344329068611842,0.180902324907947,0.119665640871972
0.0208277703495696,0.000552486162632704,0.502975413808599,0.0401869171182625,6.80606065201573,0.266249994048849,0.564334992319345,0.0145845331717283,0,0.0967351906001568,0.0826245476491749,0,0.757524548098445,0.0043811610667035,15.550400975626,0.0238726796815172,0.0795180739369243,0,0.0190930785611272,0.00214056362165138,0.0527383354492486,0.0177339906804264,0.313520166964736,0.0995475130621344,0.409691623994149,0.312582786660641,0.732008235761896,0.464383573969826,1.69789030682296,0.0122057541739196,1.44111347291619,0.198989907978103,0.0151817813748494,0.00145825743675232,0.0066833752207458,0.00570342200808227,0.02157360361889,0.00371287122834474,0.0161090461770073,0.00113895221147686,0.0146137790288776,0,0.00644699163967744,0,0.00288046093191952,0,0.027016595704481,0.000726744183339179,0.00991571694612503,0,0.0219058059155941,0,0.0191693287342787,0,0.0245045050978661,0,0.0283722050662618,0,0.00774293439462781,0,0.0167072745971382,0,0.021668472327292,0,0.0605726847425103,0,0.00520291388966143,0.00226052547805011,0.00446428591385484,0.00140449439641088,1.32587061589584,0.0418516178615391,0.363309360807762,0.00929152127355337,0.101090191164985,0.00401203613728285,0.0891203710343689,0.0117164617404342,0.0295358635485172,0.00205338816158473,0.148437504423782,0.000565930968150496,0.576719584641978,0.00413650460541248,0.12666269968031,0,0.174535054480657,0.00554016616661102,0.0363027083221823,0,0,0.0117508810944855
0.00618078815750778,0.0367216619197279,0.334249314211775,1.44409233733313,0.0782997766509652,16.6582279605791,0.160368307959288,1.82800518543809,0.0967351906001568,0,0.00560538144782186,0.0608943849802017,0.0749596154782921,0.690302384609822,0.0882352949702181,9.63000023318455,0.006674082018435,0.0424710416700691,0.158371043507941,0.132607956184074,0.236654802341945,0.421509114210494,0.574889194162097,1.1634408213431,0.251999997301027,2.90048546390608,0.214151539723389,2.84730918647256,0.0909090897766873,1.55756580107845,1.01894318638369,3.72049097903073,0.0401363109704107,0.0728913594502956,0.0224719103425741,0.0369747902732342,0.0186697784811258,0.258836937136948,0.00799086724873632,0.182682160870172,0.00729927001520991,0.256227755919099,0.0389078492880799,0.056438792613335,0.0189104007440619,0.036094400275033,0.0454378904541954,0.116262977477163,0.00185614847578108,0.0134680137271062,0,0.00949251564452425,0.00117439811583608,0.00113700970541686,0.00205973221454769,0.133115822682157,0.00279264600249007,0.0412951672915369,0.00735023873858154,0.0069954531500116,0.00199269340373576,0.0232108323834836,0.00201612897217274,0.0289424858638085,0.00614124862477183,0.0278917145915329,0.0517327974084765,0.0902909958967939,0.0134715031599626,0.0345710632391274,0.235967938089743,1.73527689278126,0.0509413073305041,1.22795701469295,0.0366172625217587,0.502202655770816,0.168274374795146,0.38590785022825,0.00368324131704867,0.0251798566896468,0.0101557208108716,0.063725488667842,0.0207100594416261,0.887065620336216,0.00734299520263448,0.0558823534811381,0.00781250023283064,0.501286693615839,0.00161333684809506,0.0306021735304967,0.168483651941642,0.151668355101719
3.56541925179772,0.000533333339262754,1.0172715364024,0.0249433110002428,0.0202247193083167,0.00693641602993011,2.1756003528717,0.0250889338203706,0.0826245476491749,0.00560538144782186,0,0.0019102196674794,6.82086185924709,0.0118508189334534,1.07082632137462,0.00752508355071768,4.88938533142209,0.000968992244452238,0.308623286895454,0.0265939302043989,0.0107526881620288,0.0034934498835355,0.106011254596524,0.0431344367098063,0.00536193046718836,0.00853658537380397,0.00503461295738816,0.00377358484547585,1.60319995949976,0.0115511554758996,0.322322317631915,0.0502369662281126,0.110140526085161,0.0389836407266557,0.0135644307592884,0.00338409468531609,0.0996482971822843,0.00114547542762011,0.11123852734454,0.00212089088745415,0.0294117648154497,0,0.00547570176422596,0,0.00542250322178006,0.00185787270311266,0.0345461220713332,0.00277585000731051,0.015836050035432,0,0.044949762232136,0,0.0212389379739761,0,0.0240963857504539,0.00850507034920156,2.81790630027535,0.00094029150204733,0.10173239861615,0,0.498168484307826,0.0029126214212738,0.70242916746065,0.000744324526749551,0.20760535239242,0,0.0261701042763889,0.0103570452192798,0.0738813772331923,0.00257400260306895,0.379746838007122,0.0468658469617367,1.14349271915853,0.00863930862396955,0.388059710618109,0.00532386882696301,0.293864363688044,0.0152422420214862,0.0909090916393325,0,0.620502353529446,0,1.35643568588421,0.000968992244452238,0.339461974275764,0,0.0890052365139127,0.00310077506583184,0.0560495802201331,0.000494559819344431,0.0159840155392885,0.0550458692014217
0.00763176707550883,5.8249756260775,0.0366334342397749,1.63240267382935,0,0.056640625,0.0155712470295839,4.479590113624,0,0.0608943849802017,0.0019102196674794,0,0.00469897221773863,9.26513968664221,0.000743494427297264,1.03321031201631,0.00189753319136798,5.62804357201094,0.874409201205708,1.5195324231172,0.0195258019957691,0.0177717013284564,0.0779431667178869,0.126451617805287,0.00441988930106163,0.0194075595354661,0.00209753541275859,0.0188679238781333,0.00780695537105203,7.74252379545942,0.132124351977836,0.392915971402545,0.0657404268858954,0.814791570883244,0.00972644332796335,0.00399999995715916,0.0108695656526834,0.0581395346671343,0.0145489818532951,0.0181488203816116,0.00995732564479113,0.0139470014255494,0.00555555580649525,0.0247699921601452,0.00553141033742577,0.0113314450718462,0.00789733487181365,0.0149999996647239,0.000811359030194581,0.0159062365419231,0.00243902439251542,0.0111511973082088,0,0,0.00558485893998295,0.035555554786697,0.00477534189121798,1.75284342691884,0.010557571426034,0.0277690135408193,0.00361336930654943,0.271656856697518,0.00174367916770279,0.436605651862919,0,0.0735080069862306,0.0470643066219054,0.117381491116248,0.0928571433760226,0.201923086890019,0.0836575875291601,0.814814813202247,0.0255198493832722,2.31889403634705,0.0219629369676113,0.452595162321813,0.0974264709511772,0.297911830362864,0.00143266480881721,0.433192677330226,0.00306372559862211,0.377197386929765,0.00171086401678622,0.149454237776808,0.000364630803233013,0.152662717126077,0,0.0150909901713021,0.00148920330684632,0.0187987159297336,0.260803643614054,0.0477290208218619
2.60007719974965,0.00276625176775269,3.40331695138593,0.167453248432139,0.142348754452541,0.0841828361153603,10.248925577529,0.184305473143468,0.757524548098445,0.0749596154782921,6.82086185924709,0.00469897221773863,0,0.0559808605466969,5.531360283494,0.0216041039675474,0.843598815612495,0.00177777773933485,0.47635904524941,0.0344015076989308,0.00494437571614981,0.00488599331583828,0.638225236209109,0.259467398689594,0.0385301451897249,0.0420196542982012,0.0255172421457246,0.0282661140081473,2.43977968127001,0.0358768388396129,1.13025086524431,0.219234134419821,0.162778900761623,0.0463671124598477,0.0113722519017756,0.00401123135816306,0.0974477949785069,0.00457965326495469,0.0909983617020771,0.00125117297284305,0.0108378488221206,0.0016481252387166,0.0122844321886078,0.00104739458765835,0.00340522150509059,0.00230946880765259,0.047123018593993,0.00190794176887721,0.0109890112653375,0.000591366027947515,0.0549774203682318,0,0.0286094468901865,0,0.0445920299971476,0.00412087913719006,1.24535712951911,0.00610961348866113,0.0755467163398862,0,0.331942503107712,0.00415307050570846,0.38819591270294,0.00150075042620301,0.1271108360379,0,0.04049195771222,0.0100401608506218,0.0494896387681365,0.00349040143191814,0.803542158973869,0.106693178939167,1.1257639125688,0.0290863106492907,0.395918367139529,0.0155865463893861,0.373619454912841,0.0304955514147878,0.0334868137724698,0.000828157353680581,0.509278845391236,0.0036180904135108,1.03392373560928,0.00711111095733941,0.456931167282164,0.000659739424008876,0.136667841230519,0,0.071286339458311,0.000746965466532856,0.0138408308848739,0.0698080286383629
0.0165056362457108,1.30993187101558,0.204402508679777,3.08122845139587,0.00417681864928454,0.17924193921499,0.0860590635275003,8.84239963319851,0.0043811610667035,0.690302384609822,0.0118508189334534,9.26513968664221,0.0559808605466969,0,0.00923520885407925,1.34289808804169,0.00763093994464725,0.777953787706792,1.61573453509482,2.23994049296016,0.00633770931744948,0.0151921359938569,0.573601799842436,1.00541932578199,0.0077369436621666,0.0278082689037547,0.00372856069589034,0.0313082362990826,0.0400779275223613,7.70998034439981,0.43610482045915,1.4648766318569,0.105206653242931,0.795763995847665,0.0148760330630466,0.00615384627599269,0.0121471951133572,0.072560761065688,0.00775467039784417,0.018798254430294,0.00183402106631547,0.012675418634899,0.00647571630543098,0.0116634264704771,0.00665456725982949,0.0129390016081743,0.0146827478893101,0.0105660373228602,0.000617283978499472,0.0120101142092608,0.00123076923773624,0.00418410031124949,0.000717360118869692,0.000703234865795821,0.00300150085240602,0.0346987950615585,0.00445930869318545,0.755189842631808,0.00210194429382682,0.0177484782761894,0.00244140625,0.194100858061574,0.00130335614085197,0.389417994767427,0.00329055619658902,0.0386034625116736,0.0426287732552737,0.0944981067732442,0.0689883925952017,0.119380430085585,0.0996114477748051,1.14357141632354,0.0311310956021771,1.24753822619095,0.0224014336708933,0.178378382697701,0.126058962894604,0.26143344346201,0,0.148384157044347,0.00643723661778495,0.306916113768239,0.00256986822932959,0.0842572099063545,0.00127795524895191,0.148160823853686,0,0.0184940560720861,0.00457951702992432,0.025306599563919,0.149952243897133,0.115718417800963
0.220979643170722,0.00138057986623608,1.28120231040521,0.0691170573118143,3.78956219868269,0.165090288966894,1.02258229564177,0.0458143830765039,15.550400975626,0.0882352949702181,1.07082632137462,0.000743494427297264,5.531360283494,0.00923520885407925,0,0.0194109770818613,0.929589275561739,0.000751879706513137,0.0709876575274393,0.00906772445887327,0.303738308139145,0.00919012073427439,0.463126117829233,0.13499112194404,0.416666656674352,0.214669047854841,0.854004591994453,0.262580053473357,7.40310096996836,0.0218543049995787,1.43870466656517,0.164818919496611,0.0483121694996953,0.00922456011176109,0.0197607896989211,0.00112485943827778,0.276281503261998,0.00341588375158608,0.0461538465460762,0.000805801770184189,1.39548699662555,0.00116822426207364,0.0341102911625057,0.00193298963131383,0.01495194027666,0.00145507452543825,0.140488392615225,0,0.032081663608551,0,0.149840113241225,0,0.0934089895454235,0,0.14967152196914,0.00218998081982136,0.252200620947406,0.000824742252007127,0.061650047195144,0,0.159488751552999,0.00150602404028177,0.137636083178222,0,0.25019669753965,0.00132187712006271,0.0293216637510341,0.00656506436644122,0.0142970614833757,0.00279069773387164,3.5595544022508,0.0434216228313744,1.87301590561401,0.0196078433655202,0.3930835777428,0.00928612891584635,0.325998361222446,0.0254829428740777,0.088410988682881,0,1.11631844309159,0.00140845074201934,9.73470980423735,0.00375939853256568,0.828040939639322,0.00112191477091983,1.12994348164648,0.00158040295355022,0.253540748963133,0,0.00500939274206758,0.0507292337715626
0.00133600534172729,0.0572606513742357,0.101062675064895,0.454039003729122,0.0225375619484112,8.00426269153832,0.0494760358706117,0.86150745395571,0.0238726796815172,9.63000023318455,0.00752508355071768,1.03321031201631,0.0216041039675474,1.34289808804169,0.0194109770818613,0,0.00748129701241851,0.431343286996707,0.1036809811485,0.139757682103664,0.449191683088429,1.66950591607019,0.210869012691546,0.358446127327625,0.149905122118071,0.868794298730791,0.202267576474696,2.86944695748389,0.0256739417091012,12.8947373945266,0.513389446190558,1.28393252089154,0.0547860870719887,0.0922900542500429,0.0308800837956369,0.0545050031505525,0.019810508703813,0.673158326244447,0.0101694914046675,0.863309351261705,0.00469483574852347,0.78868359781336,0.0915771662257612,0.178617160068825,0.0494874513242394,0.101841817202512,0.107281987147871,0.252144080644939,0.0050669563934207,0.0446594716049731,0.00545702583622187,0.0161338518373668,0,0.00844951428007334,0.00113604089710861,0.443234429694712,0.00448521916405298,0.0989733093883842,0.0174226490198635,0.0224978366168216,0.00994749914389104,0.0530642749508843,0.00231481483206153,0.054495912627317,0.0124902417883277,0.0794484583893791,0.115904142847285,0.274912477849284,0.0212765957694501,0.0746543787536211,0.423959204927087,1.81747744593304,0.0231980120297521,3.05186381260864,0.0227920222096145,1.14974181493744,0.175424413639121,0.852017919241916,0.00354191253427416,0.124418604187667,0.0106681642937474,0.246261689782841,0.00379362667445093,4.29104481008835,0.00484177755424753,0.212369599321391,0.00279850739752874,1.76558209932409,0.0018488559871912,0.0708154514722992,0.404452706105076,0.102692551212385
1.32784779637586,0.00106269924435765,0.398603160225321,0.00994575070217252,0.0367892986396328,0.016055045183748,0.340678286651382,0.0100840337981936,0.0795180739369243,0.006674082018435,4.88938533142209,0.00189753319136798,0.843598815612495,0.00763093994464725,0.929589275561739,0.00748129701241851,0,0.0240615976508707,0.112114368588664,0.0128944691969082,0.0123893804848194,0.00862812798004597,0.0519020934589207,0.022889843210578,0.00929614901542664,0.0060459494125098,0.0137242666678503,0.00249376567080617,2.85123306512833,0.03937653824687,0.118290253216401,0.0320150653133169,0.284095200709999,0.0692760630045086,0.256524975877255,0.220735784154385,0.256976743228734,0.0818181792274117,0.158134238561615,0.0199999990873039,0.0326678766869009,0.00707964599132538,0.267711167922243,0.0158604281023145,0.182308043178637,0.0415320708998479,0.200365636497736,0.0172651940374635,0.397963900468312,0.012470024114009,0.63540566386655,0.00874316948466003,0.210649506188929,0.00113314448390156,0.126755739620421,0.0299576692050323,4.82640027441084,0.0107778820674866,0.65933261468308,0.0118673648685217,1.36957241105847,0.0163934425218031,2.25326630752534,0.0118474643677473,1.1142856660299,0.0139116205391474,0.399699100176804,0.185175128281116,0.0723140465561301,0.0165816323133186,0.309360717772506,0.0313771055079997,1.42384105827659,0.0332261504372582,0.450997406151146,0.0210341806523502,0.663461571210064,0.345759056508541,1.42490843054838,0.0178890873212367,4.48783794650808,0.0233822740265168,2.46312693168875,0.0192492781206965,0.793669194914401,0.0163659252575599,0.185473411111161,0.0030785019043833,0.141744968947023,0.00591424363665283,0.0492610852234066,0.0341708539053798
0.0038433822337538,2.71966314862948,0.0107401352724992,0.144316733640153,0,0.0545094168046489,0.00364099774742499,0.227749164769193,0,0.0424710416700691,0.000968992244452238,5.62804357201094,0.00177777773933485,0.777953787706792,0.000751879706513137,0.431343286996707,0.0240615976508707,0,0.118008186225779,0.325985708332155,0.0398860396817327,0.0432658746140078,0.0360163705190644,0.0384364814381115,0.00337078655138612,0.0217842335114256,0.00532765057869256,0.028753993101418,0.0208034434472211,11.7087020212784,0.0323709542280994,0.104253544122912,0.184868191718124,0.446694080601446,0.0619195052422583,0.0408163270913064,0.0120361084118485,0.135693220188841,0.0078740157186985,0.0367985269986093,0.00581395346671343,0.0441595439333469,0.0118380058556795,0.0414878408191726,0.0143942423164845,0.0843916421872564,0.0093054169556126,0.0246056778123602,0.00492813158780336,0.0839338705991395,0.00491400482133031,0.0377608466078527,0.00100857287179679,0.000980873010121286,0.00250548077747226,0.0807174918008968,0.0152938604878727,3.17173061636277,0.0479840068146586,0.100031858659349,0.0170161044225097,0.353492324065883,0.00441696116467938,5.22218492440879,0.0214861230924726,0.222222222015262,0.32566870568553,0.633813505992293,0.0923076927429065,0.46688383910805,0.0997038556961343,0.571428554831073,0.0182166828890331,3.96074778481852,0.0140154163818806,1.10954060801305,0.136999070760794,0.592941189534031,0.00292825768701732,11.6494252439588,0.0136054427130148,6.10425116564147,0.00346620450727642,0.404761896468699,0.00366636115359142,0.32936508388957,0.00110132154077291,0.0413855164078996,0.00300075032282621,0.0364727613632567,0.473235070239753,0.063041765242815
1.94686908420408,0.401039424119517,11.0688874124899,1.31489198189229,0.0211480362340808,0.181678208289668,1.67627197719412,1.67917546271929,0.0190930785611272,0.158371043507941,0.308623286895454,0.874409201205708,0.47635904524941,1.61573453509482,0.0709876575274393,0.1036809811485,0.112114368588664,0.118008186225779,0,8.86450977565255,0.0201612897217274,0.0317933447659016,8.60164913575863,2.19835617602803,0.0872881345567293,0.0510366819798946,0.00651200674474239,0.0317331160185859,0.520190046401694,0.618469040491618,4.56036275165388,3.61316317343153,8.720936848782,9.93317291140556,0.34988609701395,0.115121951326728,0.105672108009458,0.0680948743829504,0.0918836169876158,0.0167029775329866,0.0286298561841249,0.0181451607495546,0.0068601582897827,0.0136255929246545,0.00584225880447775,0.0172128438716754,0.0217330743907951,0.0197333335527219,0.00199004978640005,0.0170125887962058,0.0086021504830569,0.00611280929297209,0.00156067113857716,0,0.0265041075181216,0.0463694242644124,0.267597431957256,0.229207341442816,0.140184304444119,0.0328045159112662,0.0542495492845774,0.0806010906817392,0.0295358643634245,0.0950773597578518,0.0270078186877072,0.0394178286660463,0.687732323713135,0.452281234378461,7.43440835375804,0.746490524616092,1.07444355962798,2.59262141445652,0.693923485232517,1.14411766943522,0.255107134580612,0.620551360421814,0.755685998010449,1.47060995420907,0.00719424488488585,0.0354969565523788,0.0314630311913788,0.117387467995286,0.0380886415950954,0.066166439675726,0.0265120132826269,0.0775800718110986,0.00250417354982346,0.0185515513876453,0.0209652758203447,0.0114006510702893,0.866773644229397,0.356949695851654
0.0377583471708931,2.702262121893,0.306677024345845,9.3950062765216,0.00408580200746655,0.154485620500054,0.0924237621948123,3.26192668982549,0.00214056362165138,0.132607956184074,0.0265939302043989,1.5195324231172,0.0344015076989308,2.23994049296016,0.00906772445887327,0.139757682103664,0.0128944691969082,0.325985708332155,8.86450977565255,0,0.0404751432361081,0.0408340586582199,0.536832811281784,2.30616915039718,0.0105700267013162,0.0328923844499514,0.00436999287921935,0.051692757755518,0.063439978286624,0.862328948453069,0.629477030073758,1.3816957360832,1.63852242229041,4.03870983398519,0.0611916270572692,0.0273621212691069,0.0894166976213455,0.0930072373012081,0.117200960521586,0.0466644771513529,0.0249443207867444,0.0219973604544066,0.00735474372049794,0.0201909955940209,0.0100890207104385,0.0296072518685833,0.0288808671757579,0.0277296346612275,0.000605326902586967,0.0340768284513615,0.00607410416705534,0.0118312753620557,0,0.00137551582884043,0.0487444617901929,0.103939249471296,0.0437017978692893,0.958787674491759,0.0232558129937388,0.136726546683349,0.0149038461677264,0.220702514925506,0.00638365803752095,0.255463071982376,0.012890751240775,0.108725949539803,0.58273242044379,0.760049708129372,7.62390360084828,5.43637016188586,0.400000005669426,3.03561443608487,0.12115059181815,2.10834161308594,0.151567945838906,1.21891416236758,0.79203981498722,2.98664007155458,0.00268456380581483,0.0955329509451985,0.0131611016986426,0.314042739686556,0.00251809880137444,0.114871154364664,0.00537634387728758,0.163140973832924,0.0014897579094395,0.034282018430531,0.0336894004722126,0.0303787731390912,1.40685821080115,0.452759585343301
0.00186625187052414,0.0187702258117497,0.0137931032804772,0.0256000002846122,0.0714285718277097,1.79065426043235,0.00704070413485169,0.0162358470261097,0.0527383354492486,0.236654802341945,0.0107526881620288,0.0195258019957691,0.00494437571614981,0.00633770931744948,0.303738308139145,0.449191683088429,0.0123893804848194,0.0398860396817327,0.0201612897217274,0.0404751432361081,0,5.40618576714769,0.0942215695977211,0.0490103671327233,2.77644241112284,2.3510203063488,1.92034441325814,3.61720437603071,1.48152167152148,0.223356012138538,2.39312406186946,1.17103451793082,0.0152052717749029,0.0388612730894238,0.0119940033182502,0.0459770103916526,0.189292541588657,0.125230204779655,0.107011071406305,0.150081567466259,3.6869157711044,0.311403511092067,0.0141467731446028,0.034632034599781,0.011590470559895,0.0187541858758777,0.0262008737772703,0.0324032411444932,0.00134498986881226,0.00992204097565264,0.00576553505379707,0.00289715122198686,0,0.00549954164307564,0.0356347439810634,0.0834376318380237,0.00606227613752708,0.0144685592968017,0.00681928894482553,0.0063897761865519,0.0042680324986577,0.0199999997857958,0.0045592705719173,0.0118401576764882,0.00622083991765976,0.0146892658667639,0.0217260103672743,0.0531738111749291,0.0237717916024849,0.0469798659905791,2.02226346707903,1.91786054614931,0.302284712903202,0.619127519661561,0.350730696693063,1.12633831612766,0.293823029845953,0.565845351666212,0.0143540664575994,0.0450450461357832,0.0323709542280994,0.0193075891002081,1.47058826405555,0.203703702660277,0.06123807473341,0.0166177907958627,0.126728110481054,0.174117644433863,0.0544083926361054,0.00709219858981669,1.17302052676678,0.903426762670279
0.00308261398458853,0.0166720109991729,0.0101070153177716,0.0365175962797366,0.0400348117109388,4.14740671939217,0.0034980324562639,0.0254777062218636,0.0177339906804264,0.421509114210494,0.0034934498835355,0.0177717013284564,0.00488599331583828,0.0151921359938569,0.00919012073427439,1.66950591607019,0.00862812798004597,0.0432658746140078,0.0317933447659016,0.0408340586582199,5.40618576714769,0,0.0407866002060473,0.0632264064624906,0.699186975834891,2.05748271429911,0.638830911833793,11.7580814291723,0.0331728184828535,0.495259358547628,1.67373814899474,1.41717373207211,0.0229770223377272,0.0312221221975051,0.0431034481152892,0.0580762252211571,0.0539534895215183,1.02780266222544,0.0485175212379545,3.55059766350314,0.0262582059949636,1.47216500295326,0.0192055866355076,0.0468833250924945,0.0189633382251486,0.0420499332249165,0.0287081336136907,0.0648600633139722,0.00263852253556252,0.0222222227603197,0.00190415745601058,0.00761904753744602,0,0.00178571429569274,0.00879507453646511,0.223413028521463,0,0.0237372344709001,0.00768491812050343,0.0126126129180193,0.00337268132716417,0.0167949618771672,0.00446096656378359,0.0126459143939428,0.00608365004882216,0.020011116983369,0.0406820222269744,0.0908492405433208,0.00929511990398169,0.0498374863527715,2.47515813447535,5.9925649901852,0.054841473698616,0.904176908545196,0.236220471560955,2.81854830309749,0.301548484130763,0.920398010057397,0.00447427295148373,0.0211416487582028,0.00691144727170467,0.0276953506981954,0.00287976954132318,0.445219806511886,0.000440917094238102,0.0310604218393564,0.00222965446300805,0.613496918231249,0.00649350637104362,0.00996191060403362,9.23243265599012,0.537142851389945
0.0924032176553737,0.0482152884942479,4.82844903512159,1.33388788040611,1.37651577196084,0.824977475451306,1.17278867214918,1.21204262317042,0.313520166964736,0.574889194162097,0.106011254596524,0.0779431667178869,0.638225236209109,0.573601799842436,0.463126117829233,0.210869012691546,0.0519020934589207,0.0360163705190644,8.60164913575863,0.536832811281784,0.0942215695977211,0.0407866002060473,0,9.72712725526071,3.95214997418225,0.77506939182058,0.258934172685258,0.224381063366309,0.486222873354563,0.477515530132223,8.17727170418948,3.50525451684371,4.04440238320967,0.999552973080426,0.603142059931997,0.183255482988898,0.0876927768695168,0.0920227104797959,0.0304932746803388,0.0298250631894916,0.00371885456843302,0.0139860142371617,0.00795931904576719,0.0131418833043426,0.0110120609169826,0.0106553011573851,0.02128644118784,0.0312290876172483,0.0026680895825848,0.00708060985198244,0.0178339211270213,0.00277008314151317,0.00485436897724867,0.000596658734139055,0.0115401689545251,0.0253327615500893,0.125976233510301,0.0553373205475509,0.0755679162102751,0.0094339624629356,0.0330147708300501,0.0196667569689453,0.011182555463165,0.0270522381761111,0.0310121237998828,0.00744232238503173,0.389596427092329,0.201897534658201,0.210048251901753,0.162916008790489,0.342617557384074,0.939540538704023,0.270667854929343,0.36142485961318,0.079562040627934,0.116568914847448,0.334778832562733,0.335078548640013,0.00970511417835951,0.0170055449707434,0.0439850438851863,0.0368471025722101,0.0795360384508967,0.0562073661130853,0.0384160756948404,0.0239257054636255,0.0223713656305335,0.0175339374109171,0.0139307223726064,0.00779450824484229,0.0776325891492888,0.130131678655744
0.020077852968825,0.0613961316994391,1.00739851166145,7.75849319586996,0.0703517580404878,2.79897662904114,0.443406874226639,2.2880100843031,0.0995475130621344,1.1634408213431,0.0431344367098063,0.126451617805287,0.259467398689594,1.00541932578199,0.13499112194404,0.358446127327625,0.022889843210578,0.0384364814381115,2.19835617602803,2.30616915039718,0.0490103671327233,0.0632264064624906,9.72712725526071,0,1.19855882384581,0.965986407827586,0.0755298653384671,0.210323582345154,0.201939539518207,0.772011628374457,2.70838870550506,2.83376131614204,0.356691416061949,0.22583140921779,0.120017144363374,0.049360147677362,0.0339233037084341,0.040697674266994,0.0305454537738115,0.0248962661717087,0.00859598850365728,0.0122525917831808,0.0112016298808157,0.0136596467345953,0.00434917671373114,0.0139284584438428,0.0160987389972433,0.0205761310644448,0.00317158264806494,0.00519987009465694,0.00375939856166951,0.00267594325123355,0.000740466522984207,0,0.00869342882651836,0.0369185334420763,0.0185080270457547,0.0520912535430398,0.00699112634174526,0.00311122625134885,0.00748316320823506,0.0202217877958901,0.00402414472773671,0.0324939074926078,0.00609756109770387,0.00931315496563911,0.0514056235551834,0.05347593469196,0.0409836054313928,0.0476562507101335,0.205539366113953,1.32030960812699,0.124108419986442,0.530440879287198,0.0615384613629431,0.147210498573259,0.217178764578421,0.255364056152757,0.00191938574425876,0.0142180093098432,0.0161943323910236,0.0479657375253737,0.0284203580813482,0.0866449496825226,0.0145796212018467,0.0288294554629829,0.00552486174274236,0.0306018360424787,0.00805596788995899,0.00594059398281388,0.0747384183341637,0.166079507907853
