0,0.0193687232094817,5.54629797828966,0.0127305368660018,0.00991189386695623,0.00110344833228737,4.77468515303917,0.00715819624019787,0.0163703073048964,0.00108283699955791,3.90926382126054,0.00302800897043198,2.87797866229084,0.00262639531865716,0.265621284663212,0.0023663038155064,1.75747510290239,0.0092213109601289,2.27478569571394,0.0344393100240268,0.0287863919511437,0.00584415573393926,0.0399547676206566,0.0105078807100654,0.000590667477808893,0.00113186193630099,0.00508618232561275,0.00116618070751429,3.19399540123413,0.0145097119093407,0.1601796404575,0.00927835085894912,2.36708571907366,0.0859748132061213,0.0286425893427804,0.00706486846320331,0.59348010836402,0.00387382420012727,0.41089108743472,0.00742115010507405,0.196743101347238,0,0.00730240560369566,0,0.00146448620944284,0.000505944830365479,0.028322440921329,0.00596379116177559,0.00253356993198395,0,0.0251962748297956,0,0.00335852208081633,0,0.0573507363442332,0.0241114115342498,10.7115413258725,0.0124831305001862,0.558646794088418,0,0.490220547420904,0,0.748323897714727,0.00498414147295989,0.059614879952278,0.000469483580673113,0.465375888394192,0.0395170137053356,6.71403200773057,0.0471129002980888,0.749167616595514,0.0665004132315516,4.12799554370577,0.0185437689069659,0.700457786209881,0.0222804725635797,0.78106506052427,0.0250203964533284,0.0280373843852431,0.00329924107063562,0.39016041951254,0.00484893703833222,0.288825503666885,0.000517732347361743,0.235328291309997,0.000631412782240659,0.0383052817778662,0.00158019497757778,0.0529217189177871,0,0.0545888766646385,0.132513657561503
0.0193687232094817,0,0.0117291632923298,7.33752661090693,0.00225606327876449,0.099463121034205,0.00504451035521924,7.85795039054938,0.00115707260556519,0.048226163664367,0.00222531286999583,5.77559963450767,0.00167294021230191,1.4963194266893,0.00145525101106614,0.147826083179098,0.00340328982565552,4.73232077620924,0.812906101287808,3.25919595197774,0.0437563128070906,0.0454241835977882,0.0915708832035307,0.0928157065063715,0.00848484854213893,0.0214617162127979,0.0139009561389685,0.0502392326015979,0.027803958277218,2.34344399027759,0.171341160312295,0.270426993258297,0.351597112428863,1.34999999497086,0.0358285349793732,0.0198150600772351,0.0502426507882774,0.0487528351368383,0.052394368685782,0.0249525365652516,0.00615805695997551,0.0142566186259501,0.0131291031721048,0.0151336016133428,0.00648217397974804,0.0217222647042945,0.0146536415268201,0.0173573440406471,0,0.00764331169193611,0.00519384152721614,0.0013596193457488,0,0,0.0126444296620321,0.0448677261010744,0.0752414835733362,15.5891814408824,0.049466756026959,0.0652221504133195,0.0207627116178628,0.412930138874799,0.00791139202192426,1.23567469249247,0.00647773314267397,0.0551030176575296,0.29537808249006,0.531226768303895,0.765758754685521,2.29631816747133,0.295622523408383,1.34828269801801,0.0407138887094334,2.26082097366452,0.0222072674660012,0.901550945476629,0.339207034558058,0.929546136001591,0,0.283191856462508,0.00435824797023088,0.343442007433623,0.00212145317345858,0.0704262658255175,0.00235363352112472,0.0867338791722432,0.0017857143539004,0.0355699259089306,0.00597460800781846,0.0349021683214232,0.984885790210683,0.185784653294832
5.54629797828966,0.0117291632923298,0,0.434444796759635,3.54765135794878,0.194776926073246,15.3488435136678,0.268902795331087,0.938786905142479,0.0432576768798754,1.08306532312417,0.0219232693780214,3.49054691047058,0.103030305705033,0.546948371484177,0.0163666125445161,0.167076167883351,0.0070796461077407,10.8321741438122,0.134635359048843,0.0315315318875946,0.00638773548416793,4.40507755911676,1.01407231914345,0.649403525982052,0.12273360742256,0.409470762242563,0.0551565662026405,2.27619264746318,0.0351526365848258,6.60950993478764,0.375476983375847,9.45639374351595,0.135280227841577,0.0913270017481409,0.00884676107671112,0.301648365624715,0.00491132325259969,0.229997293557972,0.00836820062249899,0.0718954269541427,0,0.00297429351485334,0,0.00433944066753611,0.000999000971205533,0.0103425986599177,0.00337125989608467,0.00100050028413534,0.000492368300911039,0.0198986969189718,0,0.00275938189588487,0,0.0258255710068624,0.0135746610467322,1.04372304966091,0.00802809814922512,0.341989430249669,0,0.0988264381885529,0.00050339795416221,0.0946805780986324,0.00403135491069406,0.0223841758561321,0.000927858985960484,0.283886590652401,0.0199383721337654,2.19388780364534,0.0271800672635436,2.29712717130315,0.236065582372248,1.85925328440499,0.0311995685333386,0.483113541908097,0.0225588146713562,0.545502779772505,0.0418454934842885,0.00853298348374665,0.00194678781554103,0.0579771469056141,0.00258636608486995,0.0614124862477183,0.00255493097938597,0.0395097332366277,0.000939555291552097,0.0125822133850306,0.00155925157014281,0.0163844898634125,0.000688468164298683,0.0429242104291916,0.0946626383811235
0.0127305368660018,7.33752661090693,0.434444796759635,0,0.0727361484023277,3.5965770058101,0.169798379443819,21.0110070825904,0.036926147644408,0.888675168855116,0.00385914137586951,1.34778683818877,0.0667541708680801,3.63051249249838,0.0158322633360513,0.384139843430603,0.00245278381044045,0.261387045029551,3.48942962475121,12.6581216673949,0.0829074366483837,0.0761636116658337,4.32472698728088,18.1617320375517,0.094520904822275,0.583145812735893,0.0559440543875098,0.136585366795771,0.0417101138737053,0.933727330993861,3.12944335240172,4.3820483610034,0.511157024971908,1.56971016840544,0.0462333412724547,0.0106174909742549,0.0404538720613346,0.0353027698583901,0.0575469398754649,0.0179329868406057,0.0086355788516812,0.00514726911205798,0.011325913015753,0.0108786614146084,0.00482244632439688,0.00995925749884918,0.0162215623131488,0.0108527131378651,0.000453309156000614,0.0031277927046176,0.00168293510796502,0.000805801770184189,0.000990589382126927,0,0.0128454649820924,0.0231235788669437,0.0207687541842461,0.531518841307843,0.00847115769283846,0.00976562514551915,0.00682982354192063,0.0756781403906643,0.00230255580390804,0.2582496375544,0.00140977447154,0.0101587304379791,0.100032267218921,0.119710000726627,0.900590131059289,0.68778512661811,0.460555423458572,4.07363755430561,0.0483442097902298,1.05421105428832,0.036900368577335,0.652829136699438,0.528328964137472,0.851762459264137,0.000577867671381682,0.0629290589131415,0.00194552529137582,0.0957611131598242,0.000925497442949563,0.0323475050390698,0.00108858349267393,0.0299999988055788,0,0.0267480060865637,0.00711020798189566,0.0138174806779716,0.684334538993426,0.406719701131806
0.00991189386695623,0.00225606327876449,3.54765135794878,0.0727361484023277,0,0.312225709436461,0.369891574548092,0.0298688198672608,9.54659656109288,0.036057693650946,0.0472440925659612,0,0.428470736369491,0.00630169361829758,5.77145473379642,0.0273224042030051,0.0581542372237891,0.00106723583303392,0.0158793176524341,0.00512445095228031,0.340798450633883,0.0571428565308452,2.03113560372731,0.330969267524779,4.55457225441933,0.300531905377284,11.2922470131889,0.568571422481909,1.53739133710042,0.0142666073516011,4.63296268717386,0.281081087887287,0.257569288369268,0.00931677035987377,0.0152284260839224,0.0018450184725225,0.0731237997533754,0.0075757575687021,0.0161892896285281,0.00344234076328576,0.553626172011718,0,0.00152322929352522,0.00175054708961397,0.000967585889156908,0,0.00468750006984919,0.0015009380877018,0.00104329676833004,0,0.0150855812244117,0,0.0025923524517566,0,0.00908058998174965,0.00359582889359444,0.0293151382356882,0.0010261673014611,0.0138043040060438,0,0.00720461073797196,0,0.0227272727061063,0,0.0102214647922665,0.000896860961802304,0.00972184678539634,0.00174621655605733,0.0010465724626556,0.00551343895494938,4.71664528548717,0.0987967054825276,0.691839252598584,0.0232131956145167,0.0894941634032875,0.0136986300349236,0.0284360200166702,0.00850030325818807,0.0124223604798317,0.00199800194241107,0.0665406412445009,0,0.720306518021971,0.00545553746633232,0.0304903169162571,0.00139372819103301,0.19067796645686,0.00792303355410695,0.0287221562466584,0,0.0110987795051187,0.0222717155702412
0.00110344833228737,0.099463121034205,0.194776926073246,3.5965770058101,0.312225709436461,0,0.0764251420623623,1.29385610151803,0.169986724853516,12.153288799338,0.00121654500253499,0.114226380828768,0.0635817751754075,0.33017377986107,0.0524861887679435,8.94655115157366,0.00634920608717948,0.131762183038518,0.0883757974952459,0.109357795561664,1.98823541169986,7.03739223186858,1.0731110884808,3.48399831110146,2.05930325982627,13.4402143233456,2.64047925418708,16.8068914208561,0.0566942867590114,2.111806758272,2.51141545304563,5.15680953674018,0.0923866569064558,0.0942000765353441,0.0612765946425498,0.116991641465575,0.0244845353299752,1.46987954853103,0.0400250144302845,3.15437787724659,0.00205761310644448,1.88542711548507,0.108438332215883,0.0886742777656764,0.0660194188822061,0.0845511500956491,0.073638858506456,0.148984194500372,0.00104712042957544,0.0151975691551343,0.000581395346671343,0,0,0,0.00606980267912149,1.40951691457303,0.00556962029077113,0.0555127244442701,0.0105863188509829,0.00381970981834456,0.00505597674055025,0.00742705573793501,0.0010863661300391,0.0286074893083423,0.00684150494635105,0.0170940176467411,0.0665584414964542,0.169728787033819,0.0241596651030704,0.0858725737780333,1.44735159049742,5.02162851509638,0.0464831793215126,1.86134968523402,0.0587659142911434,1.24532023444772,0.315288510755636,1.19024390354753,0.00417101150378585,0.028169013094157,0.0037907506339252,0.0553383463993669,0.00659340689890087,1.34173061233014,0.00330101093277335,0.0483946013264358,0.00141944643110037,3.14090899145231,0.000587371527217329,0.133799038245343,2.51230426225811,0.417508436366916
4.77468515303917,0.00504451035521924,15.3488435136678,0.169798379443819,0.369891574548092,0.0764251420623623,0,0.093262973241508,1.44678134543938,0.0193495261773933,2.35005167752388,0.00312073342502117,11.5208883956657,0.023722309153527,1.3035548197804,0.00519480515504256,0.201005022972822,0.00157853192649782,2.00735167629318,0.0354370578133967,0.0175313903600909,0.00329877471085638,0.754868600517511,0.377529647841584,0.106813188933302,0.0336313332081772,0.0599617283733096,0.0121898129582405,3.64251925423741,0.00993194783222862,1.8023974642856,0.128469467628747,1.11283624178031,0.0277296360582113,0.0164533825591207,0.00140252456185408,0.193561963387765,0.000837170344311744,0.232916672306601,0.00648166891187429,0.0546369531657547,0.000476644432637841,0.00309278344502673,0.000365030107786879,0.00152062345296144,0,0.00834202277474105,0.00443761746282689,0.000391312845749781,0,0.010239421389997,0,0.00253324897494167,0,0.0219290740787983,0.0167364021763206,0.956229937379248,0.00423011864768341,0.0996994872693904,0,0.105527637060732,0,0.224117408506572,0.00107565434882417,0.0125126137281768,0,0.0716253408463672,0.00784313754411414,0.203330069489311,0.00775026914197952,1.56963087979238,0.0892520437482744,1.92803973174887,0.00993583118543029,0.573188055423088,0.0113851991482079,0.552232687710784,0.0185912000597455,0.00336538461851887,0.000953516107983887,0.125021408457542,0.00122586579527706,0.105954985832796,0.00079570320667699,0.0912027792655863,0.000266702234512195,0.0177874186483677,0.000403144513256848,0.0181653042091057,0.000866676302393898,0.0219780232873745,0.077712609898299
0.00715819624019787,7.85795039054938,0.268902795331087,21.0110070825904,0.0298688198672608,1.29385610151803,0.093262973241508,0,0.0106863953988068,2.8052620178787,0.00239808153128251,3.36814216739731,0.0287514124938753,8.1520703076385,0.00433839485049248,0.991529999562772,0.0008105369633995,0.466041720297653,2.27826972294133,4.56893989635864,0.0397260267636739,0.0476947521383408,2.312565955217,2.77474106985028,0.0369505207927432,0.162240069359541,0.0287947355536744,0.0896276047860738,0.0198124896269292,1.98284494795371,2.35415485149133,3.42917542858049,0.393822386395186,1.48186875760439,0.0352811464108527,0.0130718951113522,0.0240228004695382,0.031193031638395,0.0391207902866881,0.0160910522099584,0.00461680523585528,0.00413318036589772,0.0123766513133887,0.00922312907641754,0.00590405892580748,0.0113722519017756,0.0111618470982648,0.0119641075143591,0.000379506644094363,0.00299962493591011,0.00205882344744168,0.000343524559866637,0,0,0.00700466995476745,0.026736224826891,0.0191518463543616,1.16894217667868,0.00687757914420217,0.0157243226421997,0.00293685751967132,0.0953288836171851,0.00230724859284237,0.421823262877297,0.00273758312687278,0.0121798317995854,0.0963718834100291,0.156134931603447,0.278875383315608,0.316402994794771,0.311345640307991,3.86901853050222,0.0172172172169667,1.07895789830945,0.0214562884939369,0.262400000530761,0.344772861804813,0.543599986267509,0.000463070144178346,0.0909508515615016,0.00166722238645889,0.129842926049605,0.00115830113645643,0.0412649451754987,0.00170586083550006,0.0399582135141827,0,0.030078125448199,0.00443458993686363,0.0141203054226935,0.337564649234992,0.24276640790049
0.0163703073048964,0.00115707260556519,0.938786905142479,0.036926147644408,9.54659656109288,0.169986724853516,1.44678134543938,0.0106863953988068,0,0.0190476182615384,0.124199745710939,0.00108459871262312,3.54601661849301,0.00244897959055379,24.2775116593111,0.0123398195719346,0.147354317596182,0.00336134468670934,0.00823045265860856,0.00151343166362494,0.0810234560631216,0.0249739866703749,0.427988706738688,0.200898331822827,1.09076556120999,0.22190812160261,2.45070413919166,0.277650656877086,3.11623697896721,0.0129990712739527,1.28639493486844,0.131743323989213,0.0602836860343814,0.00321672693826258,0.00365965231321752,0,0.0299319732002914,0.00133779260795563,0.023731047520414,0.00241837976500392,0.0134831462055445,0.00219058059155941,0.00867165927775204,0,0.00404448946937919,0.00109051249455661,0.0121408340055496,0.000776397529989481,0.00328227574937046,0,0.0256104819127358,0,0.00962861080188304,0,0.00861393893137574,0.00297176814638078,0.0455015506595373,0,0.0134793594479561,0,0.0208410867489874,0,0.0500284270383418,0.00174291944131255,0.0275119607103989,0,0.0099612622288987,0.00418285047635436,0.00329308456275612,0.00293685751967132,4.00134663621429,0.0550335592124611,0.927237644791603,0.0142118866788223,0.304579334333539,0.0128617356531322,0.0875547190662473,0.0115532737690955,0.0205245148390532,0,0.11502347298665,0,0.619102420751005,0.00229357788339257,0.0654774396680295,0,0.168801805004478,0.00238379021175206,0.0246764961048029,0.000549450574908406,0.00492610828951001,0.024721878580749
0.00108283699955791,0.048226163664367,0.0432576768798754,0.888675168855116,0.036057693650946,12.153288799338,0.0193495261773933,2.8052620178787,0.0190476182615384,0,0,0.0551378430100158,0.0144827590556815,0.3936947286129,0.00535475229844451,8.57218759017996,0.00364963500760496,0.043388427933678,0.0240216967649758,0.0508231912390329,0.189164369716309,0.294964035507292,0.307369694521185,0.523846154334024,0.212976029608399,1.97701144684106,0.325907051563263,1.53898775170092,0.0160880606272258,1.49934924021363,0.521568658296019,2.05020915251225,0.0299127534963191,0.0363912060856819,0.0160771701484919,0.0366492150351405,0.00987045001238585,0.201701101614162,0.013189448742196,0.0864265921991318,0.00192122953012586,0.116541356313974,0.0386904769111425,0.0272688530385494,0.0187881640158594,0.0272040304262191,0.0259344020159915,0.0616061619948596,0,0.00881057255901396,0,0,0,0,0.000739371520467103,0.0590925088617951,0.00149290863191709,0.0181818190030754,0.000792079197708517,0.000744324526749551,0.00140944321174175,0.00409416574984789,0.00104712042957544,0.0220768595463596,0,0.00610820250585675,0.0265604263404384,0.0594625496305525,0.00608210870996118,0.0330469280015677,0.270171161158942,1.95003040134907,0.00821596255991608,0.833431389648467,0.0165137615986168,0.24354243837297,0.121142855845392,0.287887658458203,0,0.0169332077493891,0.00073882524156943,0.0276959348120727,0,0.305013191653416,0.000406834820751101,0.0187771931523457,0,0.231820655521005,0,0.0290160920121707,0.164070619735867,0.162500008475035
3.90926382126054,0.00222531286999583,1.08306532312417,0.00385914137586951,0.0472440925659612,0.00121654500253499,2.35005167752388,0.00239808153128251,0.124199745710939,0,0,0.00100908172316849,15.2511252704426,0.00309119001030922,1.8886894537136,0,8.41201726580039,0.00208008312620223,0.221962609793991,0.00503416045103222,0.02788104058709,0.00363967241719365,0.0180451129563153,0.00850405846722424,0.00284697511233389,0.00128783006221056,0.0141206679400057,0,5.07705417519901,0.00698080286383629,0.108534778701141,0.00631911540403962,0.0659983303048648,0.0106666665524244,0.00649878149852157,0.00529567524790764,0.236318402457982,0.00244947941973805,0.180060429731384,0,0.103112840442918,0,0.0209345794282854,0,0.00378071842715144,0,0.0191644314327277,0,0.0132248221198097,0,0.0686498824506998,0,0.0188442209037021,0,0.0200594349880703,0.0127208477351815,3.2596105884877,0.00152014195919037,0.100318472832441,0,0.213097340834793,0,1.03953612223268,0.00164406083058566,0.0950276199728251,0,0.0378464827663265,0.00918220914900303,0.0979591794312,0.00666666659526527,0.46703634376172,0.0282555277226493,1.81431097374298,0.00237247929908335,0.464252545498312,0.00933706818614155,0.354634438175708,0.0129716983065009,0.139901482034475,0,1.4870082095731,0.0029577047098428,2.96588493115269,0,0.263104223704431,0.000918695470318198,0.141979520209134,0,0.0531638257671148,0.000529380631633103,0.0189473675563931,0.0929250298067927
0.00302800897043198,5.77559963450767,0.0219232693780214,1.34778683818877,0,0.114226380828768,0.00312073342502117,3.36814216739731,0.00108459871262312,0.0551378430100158,0.00100908172316849,0,0.00378668366465718,8.33937263104599,0,0.883260768139735,0.00418191310018301,6.40090711740777,0.994386002013925,1.23669605527539,0.0427098675863817,0.0333091963548213,0.126420844579116,0.144998255185783,0.0130409015109763,0.025068121147342,0.0119565211934969,0.0369728468358517,0.013683010591194,10.9308471726254,0.310090958606452,0.573131583223585,0.15321375161875,0.924664568156004,0.0436219449620694,0.0367491156794131,0.0179894182365388,0.0689295034389943,0.014455343130976,0.0173577626701444,0.00152671756222844,0.0120030008256435,0.0277308093500324,0.0481651392183267,0.0300250207073987,0.0523513767984696,0.0214458658592775,0.0307076114695519,0.000889679708052427,0.01124567509396,0.00105876126326621,0,0,0,0.00201748480321839,0.0302056554355659,0.0139925369876437,1.739891260484,0.0114531135186553,0.0128552092355676,0.010943031811621,0.060278904333245,0.00550711329560727,0.319705351372249,0.00382409174926579,0.0163998438511044,0.108577100560069,0.244226168142632,0.143621762108523,0.407407425809652,0.186876639723778,1.75183247867972,0.0131779022049159,3.52947141323239,0.0132450331002474,0.61640797695145,0.184249625075608,0.536905977060087,0.00154202000703663,0.273273279890418,0.0020161290303804,0.162162162945606,0.00278035219525918,0.414972278929781,0.00192864026757888,0.0293356351321563,0,0.0610104873776436,0.00160299218259752,0.015270936419256,0.496753246290609,0.125305124791339
2.87797866229084,0.00167294021230191,3.49054691047058,0.0667541708680801,0.428470736369491,0.0635817751754075,11.5208883956657,0.0287514124938753,3.54601661849301,0.0144827590556815,15.2511252704426,0.00378668366465718,0,0.00688741687918082,12.0585653948365,0.00582750595640391,2.59971613856032,0.00385852076578885,0.240745662711561,0.0100806448608637,0.0309323900728486,0.00524934392888099,0.301861692569219,0.193958660471253,0.0810185191221535,0.0335766409989446,0.0779599279048853,0.0113808800233528,9.47285108896904,0.00344926700927317,0.746110789070372,0.0810110141173936,0.160290419822559,0.0115424967370927,0.00992555846460164,0.00172413792461157,0.264758488046937,0.000709219835698605,0.312456007814035,0.00671366229653358,0.0902934523764998,0,0.03003625117708,0.00170406134566292,0.00968816224485636,0,0.0363540553953499,0.00461420154897496,0.0107833810034208,0,0.07900918048108,0,0.0165527173085138,0,0.0397009555017576,0.0139407520182431,2.12285772943869,0.0031164784450084,0.0935387912904844,0.000518000510055572,0.22183449997101,0.000639386184047908,0.960440985509194,0.00276243081316352,0.0920920934295282,0.000577034021262079,0.0453533111140132,0.00941780814900994,0.0794407387729734,0.00818756979424506,1.98790037218714,0.0724689157214016,2.80125098279677,0.00765750085702166,0.939929335843772,0.0168290518922731,0.699042436550371,0.0180367671418935,0.0572207100922242,0.00178810907527804,0.835867055109702,0.00043782836291939,2.1880509404582,0.00195503421127796,0.33464695251314,0.000360945676220581,0.237556565261912,0.00266400258988142,0.0757314967922866,0,0.0318203079514205,0.134020620491356
0.00262639531865716,1.4963194266893,0.103030305705033,3.63051249249838,0.00630169361829758,0.33017377986107,0.023722309153527,8.1520703076385,0.00244897959055379,0.3936947286129,0.00309119001030922,8.33937263104599,0.00688741687918082,0,0.00256739417091012,0.433450380747672,0.00158793176524341,0.890074709022883,1.67245371616445,2.06486775213853,0.0325865596532822,0.0342224440537393,0.809874206839595,0.924892040085979,0.0156999563332647,0.0598115522298031,0.0179885522229597,0.0479246890172362,0.00926784065086395,7.51635208138032,1.25008573371451,2.04233944241423,0.275441794190556,0.737261626636609,0.0292590837925673,0.0138545266818255,0.0200320515432395,0.0277667585760355,0.0149429811863229,0.012686567264609,0.00208768271841109,0.00722021679393947,0.00336794822942466,0.00806952238781378,0.00399467360693961,0.00839160871692002,0.00857878185342997,0.0116601884365082,0,0.00205620290944353,0.000912408751901239,0,0,0,0.0022346368059516,0.0209790202206932,0.011851246614242,0.661840755492449,0.00705882324837148,0.00673778797499835,0.00538647989742458,0.0395899610593915,0.00143626565113664,0.218006614828482,0,0.00315756245981902,0.0517241377383471,0.0768351259175688,0.127106742875185,0.220268004341051,0.193548385344911,2.79809225350618,0.00930593255907297,2.32090137223713,0.0111959287896752,0.313425226835534,0.171428569592535,0.33436531573534,0.00105097214691341,0.0970072285272181,0,0.0599672049283981,0.000723588978871703,0.0433213007636368,0.000345363485394046,0.0122090801596642,0.00084997876547277,0.0340236690826714,0.000459875824162737,0.00728675519349054,0.25897714192979,0.13623978884425
0.265621284663212,0.00145525101106614,0.546948371484177,0.0158322633360513,5.77145473379642,0.0524861887679435,1.3035548197804,0.00433839485049248,24.2775116593111,0.00535475229844451,1.8886894537136,0,12.0585653948365,0.00256739417091012,0,0.00721240532584488,1.91384898289107,0,0.0193798454711214,0.00362647336442024,1.19077310780995,0.0122925627510995,0.181676624924876,0.0622792959911749,0.18520435411483,0.0259490630705841,3.24736341816606,0.0424886187538505,10.7347929739626,0.00425531901419163,0.511154617823195,0.117840954568237,0.0355920614674687,0.00761179835535586,0.0113700970541686,0.00481637567281723,0.608614238444716,0,0.265689422376454,0.00517241377383471,2.431876599323,0.00126662442926317,0.0817983114975505,0.000698812014888972,0.0166414517443627,0.0007999999797903,0.0637551827821881,0.00185070937732235,0.0425020046532154,0.00156372168567032,0.185387665755115,0,0.0679245293140411,0,0.178260866203345,0.00893388903932646,0.433171586424578,0.00312849169131368,0.0769736875081435,0.000624609645456076,0.164628682890907,0,0.342268034582958,0.000675447459798306,0.189050473854877,0,0.0514018707326613,0.00996760558336973,0.0144694531336427,0.0029585799202323,7.48675036523491,0.0788497223402373,3.2798558860668,0.0207768748514354,0.600623033940792,0.0150093804113567,0.309933766373433,0.0143884895369411,0.125729093910195,0.00126742711290717,1.21725641557714,0.00153491942910478,11.3161394298077,0.0033195021096617,0.623826166265644,0.000409668165957555,3.04465631139465,0.00341296917758882,0.561544243246317,0,0.0148849791148677,0.0474576273700222
0.0023663038155064,0.147826083179098,0.0163666125445161,0.384139843430603,0.0273224042030051,8.94655115157366,0.00519480515504256,0.991529999562772,0.0123398195719346,8.57218759017996,0,0.883260768139735,0.00582750595640391,0.433450380747672,0.00721240532584488,0,0.0137867647572421,0.551053476519883,0.0944426574278623,0.119061936973594,0.419494125526398,1.33576641278341,0.113178289902862,0.290549162891693,0.294358963496052,1.33746427798178,0.379457927774638,2.09227684559301,0.0234968902077526,13.0200915979804,0.386469679884613,1.21031098690582,0.0612453196663409,0.107886433484964,0.0900900922715664,0.234803335857578,0.016720854328014,1.14049586013425,0.0209090910502709,0.776208802475594,0.00254291156306863,0.472431074944325,0.316770180361345,0.252170899591874,0.175122139800806,0.202622167998925,0.244134437525645,0.421601714158896,0.00159299082588404,0.0458252436947078,0.00643405091250315,0.00195886386791244,0,0,0.00247142417356372,0.506074063130654,0.0105471324641258,0.0934995571151376,0.0157016683369875,0.00869835342746228,0.0142433233559132,0.0345937258680351,0.00327600329183042,0.0537273334339261,0.0101910824887455,0.0361189796822146,0.194554338173475,0.504714659764431,0.0199600792257115,0.128117359010503,0.530442810850218,2.01564660470467,0.0178890873212367,4.19004927109927,0.0160295927198604,0.685643553500995,0.234005259757396,1.3717090471182,0.00769230793230236,0.0890282143373042,0.00679222005419433,0.294956709025428,0.00495662936009467,5.38442515488714,0.00183553594979458,0.152684224420227,0,2.18975016177865,0.000998502247966826,0.143881561729359,0.725083593511954,0.100536196259782
1.75747510290239,0.00340328982565552,0.167076167883351,0.00245278381044045,0.0581542372237891,0.00634920608717948,0.201005022972822,0.0008105369633995,0.147354317596182,0.00364963500760496,8.41201726580039,0.00418191310018301,2.59971613856032,0.00158793176524341,1.91384898289107,0.0137867647572421,0,0.0377562013454735,0.0488195274374448,0.00516224186867476,0.0436941408552229,0.00388349522836506,0.00737100723199546,0.0031771247740835,0.00449101813137531,0,0.0308932167245075,0.0101449278881773,6.84561417694204,0.0404858312685974,0.0275791635503992,0.0109289621468633,0.20559139654506,0.0539906097692437,0.399311528541148,0.291353390784934,1.11111111938953,0.0588235289324075,0.187894073314965,0.00464306445792317,0.0750782070681453,0.0101832998916507,0.258633913996164,0.0114790283842012,0.146555935498327,0.040987913729623,0.125984251499176,0.0151228730101138,0.175013180822134,0.0142784300260246,1.22322735004127,0.000816659885458648,0.116874591680244,0,0.104460544243921,0.0108656287193298,6.83769367518835,0.0134089740458876,0.902169432607479,0.00537428032839671,1.59941944270395,0.0128205134533346,5.42450772179291,0.0203045681118965,2.2825962373754,0.00904977379832417,0.490361116826534,0.184426221821923,0.0528820732142776,0.0293501046253368,0.528957534930669,0.046183452475816,2.71516639762558,0.0395794697105885,0.880952431820333,0.0139720558654517,1.01918467553332,0.251997536397539,2.33826635265723,0.0305810384452343,12.5546665322036,0.0217391301412135,5.85832899750676,0.0165471585933119,1.89449731545756,0.00700116666848771,0.610315208556131,0.00686891796067357,0.287146230693907,0.00808843353297561,0.0431328057311475,0.0478359928820282
0.0092213109601289,4.73232077620924,0.0070796461077407,0.261387045029551,0.00106723583303392,0.131762183038518,0.00157853192649782,0.466041720297653,0.00336134468670934,0.043388427933678,0.00208008312620223,6.40090711740777,0.00385852076578885,0.890074709022883,0,0.551053476519883,0.0377562013454735,0,0.128986027557403,0.270306247402914,0.0477290208218619,0.075642962474376,0.0445321286679246,0.0562277584685944,0.0147420144639909,0.0236486492212862,0.0190903992624953,0.0514354048063979,0.0793157089501619,12.4683898405638,0.109333334548865,0.168708763783798,0.466946897679009,0.495786521933042,0.272352134110406,0.163716813549399,0.0611687572672963,0.146551723591983,0.0106496270745993,0.0337468995712698,0.00159872102085501,0.0282574575394392,0.0524499635212123,0.061791162006557,0.0641299717244692,0.154897490865551,0.0338983051478863,0.0483486570883542,0.000913659227080643,0.0505992023390718,0.0220489369239658,0.008026268100366,0,0,0.0082332759629935,0.0661644280189648,0.0775597082683817,4.10215831719688,0.0892138965427876,0.0752502583782189,0.0583989499136806,0.31053604837507,0.0311320759356022,3.26506011933088,0.0383669439470395,0.156674660043791,0.693333306233399,1.27831710269675,0.0952817238867283,0.740568781038746,0.321776814060286,1.19394924200606,0.0417972821742296,4.32687288150191,0.0169230769388378,0.619783597066998,0.333673454937525,1.19645644770935,0.0113085624761879,9.93087215081323,0.0185121707618237,2.04051061201608,0.00571700802538544,0.987173391273245,0.00897385904681869,0.142451386258472,0.00118483416736126,0.0863168248906732,0.00434310548007488,0.0504873802419752,0.67348679585848,0.0871794879203662
2.27478569571394,0.812906101287808,10.8321741438122,3.48942962475121,0.0158793176524341,0.0883757974952459,2.00735167629318,2.27826972294133,0.00823045265860856,0.0240216967649758,0.221962609793991,0.994386002013925,0.240745662711561,1.67245371616445,0.0193798454711214,0.0944426574278623,0.0488195274374448,0.128986027557403,0,14.5130176768289,0.051440327661112,0.0396542942617089,6.10589064584929,1.18321279343218,0.0263968325452879,0.0239570419071242,0.0115416324697435,0.0328010357916355,0.303388245869428,0.484810129855759,4.88842839398421,2.905673913192,12.9117107580532,9.39078195614275,0.407813239144161,0.0489755135495216,0.134087240789086,0.0367852859199047,0.111771698808298,0.0142857144237496,0.0474683521315455,0.00625325669534504,0.0050804401980713,0.00437226751819253,0.00536193046718836,0.0028169013094157,0.0189818809158169,0.0134003343991935,0,0.00069013109896332,0.0105407881492283,0,0.00081300811143592,0,0.0174157305154949,0.0292049751151353,0.303652029833756,0.246728975675069,0.117159762536176,0.00395256909541786,0.0265366911189631,0.0185119260568172,0.0289330910891294,0.0690699806436896,0.00448095600586385,0.00635525910183787,0.703463221725542,0.472317927167751,8.01768049533712,2.52618249360239,1.94219187181443,3.34775645390619,0.525205168873072,0.918559124227613,0.166580983903259,0.915936073288321,0.753167000308167,1.39937597536482,0.007434944040142,0.0364963506581262,0.0134755759499967,0.0305954340728931,0.0145772600080818,0.0225454539759085,0.0048518453259021,0.00651091549661942,0.00257179595064372,0.0111773473327048,0.00739200739189982,0.00430477841291577,1.28382837760728,0.418732797261328
0.0344393100240268,3.25919595197774,0.134635359048843,12.6581216673949,0.00512445095228031,0.109357795561664,0.0354370578133967,4.56893989635864,0.00151343166362494,0.0508231912390329,0.00503416045103222,1.23669605527539,0.0100806448608637,2.06486775213853,0.00362647336442024,0.119061936973594,0.00516224186867476,0.270306247402914,14.5130176768289,0,0.0815948052331805,0.046788991196081,0.897866572195198,2.04525618354091,0.01448109454941,0.0265755495638587,0.016672981902957,0.0347826080396771,0.0279883369803429,0.640379497781396,1.27734879177297,1.72349000070244,2.53928044857457,5.73340522497892,0.0986159200547263,0.0162601629272103,0.0959464478655718,0.0383198242634535,0.0913742696866393,0.0208840932464227,0.0151730682700872,0.0103189493529499,0.00479233218356967,0.00527086394140497,0.0050046918913722,0.00786112016066909,0.0227642271202058,0.0105401850305498,0.000656383344903588,0.00385728059336543,0.00305877209757455,0.000555709935724735,0,0,0.0201431217137724,0.0378419843036681,0.0884607856278308,0.690533007960767,0.0584469776367769,0.0250332879368216,0.0209933435544372,0.101919257896952,0.00671591667924076,0.202048941282555,0.00415081274695694,0.0196428578929044,0.556176273152232,0.634253187570721,4.73068078263896,4.74699723813683,0.888313621049747,3.78073103906354,0.0721500720828772,1.43838086747564,0.0444856351241469,1.40892191766761,0.697657920885831,1.72344252991024,0.00190839695278555,0.083528861112427,0.00635761558078229,0.0721649478655308,0.00202908361097798,0.0236247052089311,0.00233957223827019,0.0275988961220719,0.00078554596984759,0.0234725576592609,0.0118890360463411,0.0107017904520035,1.73215168260504,0.516765292733908
0.0287863919511437,0.0437563128070906,0.0315315318875946,0.0829074366483837,0.340798450633883,1.98823541169986,0.0175313903600909,0.0397260267636739,0.0810234560631216,0.189164369716309,0.02788104058709,0.0427098675863817,0.0309323900728486,0.0325865596532822,1.19077310780995,0.419494125526398,0.0436941408552229,0.0477290208218619,0.051440327661112,0.0815948052331805,0,3.85263140313327,0.136245840229094,0.113092209678143,3.54417418688536,2.01076421746984,5.4025695277378,4.09212123975158,1.63130427338183,0.221822547027841,5.04062737524509,2.59294113737997,0.0305084752617404,0.0579710160382092,0.0296540355775505,0.0785854645073414,0.518292663618922,0.241823594551533,0.405431627645157,0.253424655646086,3.56435637921095,0.201405143830925,0.0507069723680615,0.0362573094898835,0.0335120654199272,0.0356083083897829,0.0735516378190368,0.0803827741183341,0.00149031297769397,0.00853485055267811,0.00487465172773227,0,0.00206611561588943,0,0.118955515965354,0.184950135648251,0.0295683013973758,0.0216671673115343,0.0137711864663288,0.00195121951401234,0.0145388459786773,0.00759301416110247,0.017282011336647,0.0210060799727216,0.0151770659722388,0.0048338370397687,0.0396419434109703,0.0775952442199923,0.0314371269196272,0.0821917774155736,7.36936926213093,3.27490049600601,0.807872551493347,0.572504697367549,0.309050772339106,1.02908277884126,0.485175212379545,0.736940281349234,0.0511508947238326,0.0140845072455704,0.126570045074914,0.0210373594309203,3.54153348365799,0.14626391325146,0.0967515788215678,0.011796246515587,1.55291317705996,0.302013424225152,0.197391610126942,0.0215599243529141,1.06748463772237,1.23839005827904
0.00584415573393926,0.0454241835977882,0.00638773548416793,0.0761636116658337,0.0571428565308452,7.03739223186858,0.00329877471085638,0.0476947521383408,0.0249739866703749,0.294964035507292,0.00363967241719365,0.0333091963548213,0.00524934392888099,0.0342224440537393,0.0122925627510995,1.33576641278341,0.00388349522836506,0.075642962474376,0.0396542942617089,0.046788991196081,3.85263140313327,0,0.0638766510528512,0.0966767370700836,0.902985053602606,1.27521014935337,1.383490039967,10.8231133688241,0.0537757412530482,0.298048478085548,1.08695651288144,1.96764259820338,0.0323480211663991,0.0701581055764109,0.10476190620102,0.375939859077334,0.0278053623624146,3.09689921326935,0.0455407965928316,4.81108304753434,0.00936768110841513,6.28000015206635,0.0752169715706259,0.0703981505939737,0.0752475271001458,0.0991976670920849,0.073705181479454,0.157122573349625,0,0.0181945420335978,0.00138169259298593,0.00208659353666008,0,0,0.0143472023773938,0.788694485847373,0.00646108679939061,0.0322773470543325,0.0115122970892116,0.00482392671983689,0.00899280596058816,0.0179104479029775,0.00154320988804102,0.0174672491848469,0.00661703897640109,0.0083432657411322,0.0761662982404232,0.178918175166473,0.0235467255115509,0.055617350153625,2.05479450523853,4.55890955962241,0.0403669727966189,0.624884799937718,0.0588235324248672,2.26808503456414,0.434859146829695,2.24474882264622,0.00966183561831713,0.0400890880264342,0.0047778309090063,0.0388489204924554,0.0141176468459889,0.587041364051402,0.000929800095036626,0.0287769794231281,0,1.5012345649302,0.00629370653769001,0.101353476755321,15.0888257664628,0.450867041945457
0.0399547676206566,0.0915708832035307,4.40507755911676,4.32472698728088,2.03113560372731,1.0731110884808,0.754868600517511,2.312565955217,0.427988706738688,0.307369694521185,0.0180451129563153,0.126420844579116,0.301861692569219,0.809874206839595,0.181676624924876,0.113178289902862,0.00737100723199546,0.0445321286679246,6.10589064584929,0.897866572195198,0.136245840229094,0.0638766510528512,0,15.1305789106118,3.76897701527923,0.636878539109603,0.950675425410736,0.212101503508165,0.169602406560443,0.342609154933598,15.0575033412315,5.4727584955981,5.77556586067658,1.38729414821137,0.385854350810405,0.0391588099300861,0.0439220544067211,0.0245549413375556,0.0213414634345099,0.00936494022607803,0.00226159062003717,0.00597907323390245,0.00604651175672188,0.00252589030424133,0.00481154769659042,0.00834028352983296,0.00377893238328397,0.00829684257041663,0,0.000547195610124618,0.00624877959489822,0,0.00062169722514227,0,0.00185313879046589,0.0089786754688248,0.0756526402838062,0.0480976304970682,0.0478607676923275,0.00139567340374924,0.0107865168247372,0.00560852524358779,0.00965360563714057,0.0147856090916321,0.00407569139497355,0.00102459010668099,0.262227998318849,0.126418791391188,0.162900969851762,0.235519994050264,1.21798027458135,1.66369501745794,0.107961400470231,0.239806695026346,0.0362694287323393,0.0541543023427948,0.221296841511503,0.237880146014504,0.00454545440152287,0.0164485981222242,0.0060199118743185,0.0159808224998415,0.018280491232872,0.011405759723857,0.00337009815848432,0.00367954498506151,0.00323624582961202,0.00988084828713909,0.00275265442905948,0.00222098833182827,0.0800000017043203,0.144634528085589
0.0105078807100654,0.0928157065063715,1.01407231914345,18.1617320375517,0.330969267524779,3.48399831110146,0.377529647841584,2.77474106985028,0.200898331822827,0.523846154334024,0.00850405846722424,0.144998255185783,0.193958660471253,0.924892040085979,0.0622792959911749,0.290549162891693,0.0031771247740835,0.0562277584685944,1.18321279343218,2.04525618354091,0.113092209678143,0.0966767370700836,15.1305789106118,0,2.06544504733756,2.5073770515155,0.326380374433938,0.175513697322458,0.103831890039146,0.476879520807415,5.92862029769458,4.99712844612077,0.992989922699053,0.345102520077489,0.12559017771855,0.0257425750605762,0.0192384766414762,0.0269841273548082,0.015735641354695,0.0111982086673379,0.00313315924722701,0.00515995896421373,0.00505334098124877,0.00683017674600706,0.00932400906458497,0.00209863594500348,0.00572082353755832,0.0111080252099782,0,0.00137127190828323,0.000912616902496666,0,0,0,0.000558815314434469,0.00645682029426098,0.0151236465608235,0.0306164667708799,0.0111797592253424,0.00168492004740983,0.00538793101441115,0.0084865631069988,0.00215517240576446,0.0240963860414922,0.000741564726922661,0.00126342382282019,0.0564776906685438,0.0343092404364143,0.0435546207008883,0.0695433598011732,0.384063750854693,2.37773363245651,0.03568657906726,0.367664212826639,0.0244399197399616,0.0806945896474645,0.220274382038042,0.25629112846218,0.0010515246540308,0.0123902941122651,0.00167550961486995,0.0131208999082446,0.00217155274003744,0.0245576013112441,0.00138169259298593,0.00610570516437292,0,0.0177580467425287,0.000919963174965233,0.00257234723540023,0.0794774048263207,0.239912748802453
