0,0.00700934609631076,7.14522422477603,0.0211526673228946,0.0248640244826674,0.00879007228650153,7.18425333383493,0.024073826498352,0.142406725906767,0.000513347040396184,7.18058763910085,0.00517160326126032,3.54025171254762,0.0113913749810308,0.377994686714374,0.00176056334748864,3.05103875300847,0.00808369019068778,2.26731462992029,0.0333660442265682,0.010866284603253,0.00244051241315901,0.0382978711277246,0.0280373835121281,0,0.00157977885100991,0.00632411101832986,0.00214995979331434,2.55227765630116,0.0112749351537786,0.191831966716563,0.015976761438651,4.95688923168927,0.0549786185729317,0.009795447869692,0.000604412227403373,0.832642522233073,0.00673052051570266,0.455455715593416,0.0110275686020032,0.568682147073559,0.000617093464825302,0.00398962700273842,0.00301659127580933,0.00321987111237831,0.000934797863010317,0.0380445894843433,0.00638467678800225,0.00474383297841996,0,0.0251230685389601,0,0.00779018446337432,0,0.0476284988690168,0.0363288710650522,12.8509973072214,0.0047192070633173,0.193669305735966,0.0004070004215464,1.05916364269797,0.000475850596558303,0.952197948412504,0.00251730642048642,0.116192832065281,0.00087565672583878,0.177458821795881,0.0124453408934642,4.21416718547698,0.0100237408769317,0.507920027012005,0.134615385555662,4.88211196206976,0.0182232339866459,0.78139253455447,0.00971463229507208,0.625186656136066,0.0414874760899693,0.117864851781633,0.00245775724761188,0.522605042904615,0.00344174826750532,0.790318734827451,0.00188991264440119,0.331168830860406,0.00117560615763068,0.0620615211664699,0,0.0549127941776533,0,0.0797171322628856,0.20849176007323
0.00700934609631076,0,0.0184331792406738,4.65580405152286,0,0.091341080435086,0.0210060799727216,2.93957007536665,0.00429414911195636,0.0319706487935036,0.00365058687748387,4.45615708013065,0.0154978688806295,1.32754344464047,0.00271002715453506,0.0698924730531871,0.0193767998716794,2.75763443732285,0.358172080304939,2.58145563569269,0.0266006808378734,0.0350218876264989,0.0402877693995833,0.0867410138016567,0.00224215257912874,0.0242065617931075,0.00323014799505472,0.0258170831948519,0.037527592794504,1.46116506215185,0.138406658516033,0.0809676647186279,1.49011182697723,1.10743118420942,0.0784429367049597,0.0328274997882545,0.01746031770017,0.0877610322786495,0.0267365676700138,0.0184143225196749,0.00890302064362913,0.0196140460320748,0.00243259681155905,0.00526200409512967,0.00187441427260637,0.0266730177681893,0.00374298181850463,0.00527169488486834,0.000967118015978485,0.0131024797447026,0.00275339861400425,0.00756620411993936,0,0,0.00604960674536414,0.0256310685072094,0.0181268878513947,13.2537840322475,0.00338839483447373,0.083160943526309,0.00978665120783262,0.499151096795686,0.0039186873473227,0.797951784043107,0.00353089533746243,0.0748663083650172,0.154354651400354,0.517217847693246,0.468002898007398,3.85179182532011,0.0959957560990006,1.02441618859302,0.0277341702603735,1.67553607933223,0.0093487068079412,0.307405112427659,0.133570343314204,0.572682665195316,0.00885795627254993,0.100787403061986,0.00647642184048891,0.302913970663212,0.00146591750672087,0.0332289902726188,0.00382932170759887,0.110037179547362,0.00110314390622079,0.00952142372261733,0.00560322171077132,0.00985383521765471,0.484328589169309,0.146944082574919
7.14522422477603,0.0184331792406738,0,0.534806318435585,2.91964516433654,0.318319846061058,14.0372976372018,0.789049096289091,0.826221114606597,0.0783919589594007,2.09702435060171,0.0345781467331108,3.83289522436098,0.207199994765688,0.46733449966996,0.0509939509211108,0.436856659362093,0.00932400929741561,6.97172434948152,0.121645106992219,0.0253164552850649,0.0136823315988295,2.08001396231703,1.33599676098675,0.350482296547852,0.035548685118556,0.0159835015656427,0.0147174776066095,2.57648053631419,0.135434408497531,4.50995651073754,0.446500587655464,9.97882036102237,0.126126126124291,0.0275668084505014,0.00176834652666003,0.413793093524873,0.00912085175514221,0.270419711014256,0.00736376998247579,0.247809013235383,0.000601503765210509,0.00196193839656189,0.00253968260949478,0.00361010828055441,0.00137520051794127,0.0184998990152963,0.00313971750438213,0.00372093031182885,0.000901306921150535,0.0123849376104772,0.000406338891480118,0.00711562915239483,0,0.0273277374799363,0.0214527669595554,1.16503948261379,0.00962583493674174,0.095783868979197,0.00120048018288799,0.127062392130028,0.00653137406334281,0.0941841281019151,0.00824572227429599,0.0310002416372299,0.000859845255035907,0.0637168160174042,0.00928689900320023,1.04808359965682,0.0196129026589915,0.779161392187234,0.924720254377462,3.05519319052109,0.131350687297527,0.617254682583734,0.0201302550267428,0.615797174046747,0.0753034437075257,0.0276691731996834,0.00179694523103535,0.151616063376423,0.00610687024891376,0.291284948471002,0.00833912455709651,0.0842696598556358,0.00377413266687654,0.0316622690297663,0.000481347786262631,0.0231489357538521,0.000639692938420922,0.0801251977682114,0.28086421021726
0.0211526673228946,4.65580405152286,0.534806318435585,0,0.0565731516107917,3.99120363307884,0.468589105294086,13.9959643248876,0.142320342420135,0.476080943044508,0.0302267011720687,1.57203572674189,0.428170021245023,2.80998511944199,0.0338709672214463,0.325860682234634,0.0128706044051796,0.139974241785239,0.665677174867596,8.41968615911901,0.0600265635293908,0.0439678279217333,1.37885754229501,12.0439151673345,0.0121951219625771,0.116235296678497,0.00518012704560533,0.0354660924058408,0.173844324890524,0.70181675456115,1.59468022972578,0.984507971908897,1.40200618328527,0.170799924177118,0.0188631140626967,0.0116990167880431,0.0199443415331189,0.0454229437164031,0.0552104890812188,0.0112561909190845,0.00598313828231767,0.0108313024975359,0.00512351340148598,0.00863930891500786,0.00666666682809591,0.0101458467543125,0.00861261907266453,0.0179355783329811,0.000856898026540875,0.00540990417357534,0.0012612328864634,0.00302457460202277,0,0,0.00983427403843962,0.0218233018531464,0.00850315170828253,0.346600096672773,0.0015226494288072,0.0145359668531455,0.0067363940179348,0.0635875384323299,0.00303358616656624,0.0931212864525151,0.00177896372042596,0.0187250998860691,0.0282545949448831,0.0922163198993076,0.274341955198906,0.625500811380334,0.223564958781935,2.8762791310437,0.132292147725821,1.00931180239422,0.0529270246624947,0.228510416811332,0.239373606018489,0.520771842129761,0.00108313024975359,0.01132991630584,0.00475059371092357,0.0712118798983283,0.0103783782105893,0.038420491036959,0.00433452340075746,0.035276286303997,0.00240500245126896,0.00707495026290417,0.00929040557821281,0.00181241508107632,0.468144803890027,0.304878046154045
0.0248640244826674,0,2.91964516433654,0.0565731516107917,0,0.421243201009929,0.293829580186866,0.0482339545269497,4.36865209508687,0.045103857293725,0.0387323949253187,0.000978952506557107,0.265258982079104,0.00517560064326972,2.24118418246508,0.0240034288726747,0.0722748842090368,0.00401002494618297,0.00586725352331996,0.00416088779456913,0.0980036300607026,0.0318650426343083,1.14610675780568,0.329029867309146,1.81906754197553,0.260869555408135,1.38257575628813,0.16291390999686,0.912880343094002,0.0266555603593588,3.6538090420654,0.153125007986091,0.0245934147387743,0.00074074073927477,0,0.00182149361353368,0.0181928439997137,0.00968523044139147,0.0047505940310657,0.00112422707024962,0.0019723866134882,0,0.00571020692586899,0.000823045265860856,0.0018717828206718,0,0.0156833460205235,0,0.000997506198473275,0.000933271134272218,0.0157608688459732,0,0.00609756098128855,0,0.0127298446604982,0.000662470993120223,0.0298220303957351,0.000964785343967378,0.00926283281296492,0,0.0235057083773427,0,0.0204918021336198,0.000782472605351359,0.0327153748366982,0,0.0076530608930625,0.00374832644592971,0.00597014953382313,0.00379746838007122,1.49146341602318,0.204031771980226,0.382022454054095,0.024137930944562,0.118738405406475,0.0129270546603948,0.056447152630426,0.0137772671878338,0.0310679618269205,0.00191570876631886,0.0846975095919333,0.00222222227603197,0.269113138318062,0.0138476749416441,0.0501833634916693,0.000435350462794304,0.0682274230057374,0.00430107535794377,0.0128491616342217,0.000505305710248649,0.00888888910412788,0.0253968257457018
0.00879007228650153,0.091341080435086,0.318319846061058,3.99120363307884,0.421243201009929,0,0.158841938886326,1.22207470878493,1.05867663212121,6.22931442805566,0.01519579149317,0.108292683027685,0.231073068338446,0.115781710483134,0.0954861118225381,5.8418803915265,0.0436578169465065,0.11188810877502,0.0826627669739537,0.172950531123206,1.95311094028875,7.96461834781803,0.877764855511487,5.04415010567755,0.645429344847798,9.64366363012232,0.393463235115632,8.90837156085763,0.215295102912933,2.17524911777582,4.66794812347507,3.35858860285953,0.295094944129232,0.0561507183592767,0.0931333836633712,0.0886877832235768,0.0289855068549514,1.23809522937518,0.0212891770061105,3.63493853341788,0.0215475019067526,3.07810991350561,0.0498398009222001,0.112433319154661,0.0354477603686973,0.117590361041948,0.0350093108718283,0.202279201243073,0.00198807148262858,0.0586046524113044,0.00325467868242413,0.0144267269060947,0.00485731614753604,0,0.00352733681211248,0.487111718743108,0.0120048018288799,0.0823501063277945,0.0153964583296329,0.0162361620459706,0.0167504185810685,0.0300150085240602,0.00306278723292053,0.052282483142335,0.010863661300391,0.039763112552464,0.0804685504408553,0.190807064180262,0.0545364432036877,0.196597346104681,1.59319969639182,5.68248170684092,0.131919911131263,1.98168283165433,0.0995391716714948,0.763302758336067,0.307607507449575,1.17095482349396,0.00578592089004815,0.0342530915513635,0.0177493784576654,0.171887990436517,0.0213306251680478,2.19122726737987,0.00539707002462819,0.167354925360996,0.0093209050828591,2.46277446183376,0.00501812074799091,0.131651954725385,1.06284457771108,0.430672290967777
7.18425333383493,0.0210060799727216,14.0372976372018,0.468589105294086,0.293829580186866,0.158841938886326,0,0.73409014644858,0.552871280000545,0.0482490272261202,4.97654602717375,0.0363768631359562,10.8633977887803,0.217207788111409,0.532684290548787,0.0345542503055185,0.248881969600916,0.0047706420882605,0.548042704642285,0.128411420388147,0.0162387538584881,0.00442282180301845,0.988088294747286,0.880311402026564,0.0306623049254995,0.0186433950439095,0.00714427483035251,0.0136958712828346,2.60676471487386,0.116803275479469,2.60083197033964,0.327813955344027,2.03246316927834,0.100731116835959,0.00975609727902338,0.00131781242089346,0.168887143285247,0.00469943205825984,0.148667060420848,0.000764233875088394,0.0653390030493028,0,0.00415534619241953,0.00169923529028893,0.00250357660115696,0.00217273214366287,0.0117397679714486,0.00255754473619163,0.00476190485642292,0.000714540889021009,0.0106517166714184,0.000328839203575626,0.00196270848391578,0,0.0149610059161205,0.00741427252069116,0.685931944637559,0.01368241047021,0.0294409527559765,0.000324780761729926,0.205813764303457,0.00220304756658152,0.147586462728214,0.00465812679613009,0.0310077509493567,0.000688231259118766,0.022237287776079,0.00751043093623593,0.0958828936563805,0.0135054619167931,0.618253172433469,0.662215252581518,2.02448507887311,0.100096244714223,0.447827052121283,0.0185103574767709,0.457620687549934,0.076967483619228,0.0205128199886531,0.000889086455572397,0.164086190459784,0.00765414573834278,0.222263246076182,0.00511228764662519,0.119962944474537,0.0022363027674146,0.0234343441552483,0.00188146761502139,0.0159203980583698,0.000269796291831881,0.0422502881847322,0.176363637554459
0.024073826498352,2.93957007536665,0.789049096289091,13.9959643248876,0.0482339545269497,1.22207470878493,0.73409014644858,0,0.0775283079128712,0.994152041821508,0.0398496244451962,4.39795024646446,0.618925840244628,8.22085133200744,0.0358532058307901,0.559085545799462,0.0128205130458809,0.178577793936711,0.755793807213195,3.20307686546585,0.0356083087390289,0.0234892158186994,1.3379701236554,3.47684526626836,0.010290916194208,0.0468960208818316,0.00346153846476227,0.0273117449251004,0.226101404987276,0.986205755296396,1.94094908406259,1.06755777960643,1.55320184677839,0.217859401833266,0.0360951600596309,0.0131523120799102,0.016714149620384,0.0618830654129852,0.0271698113065213,0.00926784050534479,0.00647948181722313,0.00301334488904104,0.00405110628344119,0.00926232221536338,0.00382409172016196,0.0175932436832227,0.00413091841619462,0.0174536395352334,0.00106742576463148,0.00625108508393168,0.00137061404529959,0.00384430575650185,0,0,0.00496585993096232,0.0232102490845136,0.014406997943297,0.771450666768942,0.0016110842989292,0.0186738413758576,0.00636942673008889,0.158345225499943,0.00538793101441115,0.21354503321345,0.00403669715160504,0.0284614104020875,0.0424628471955657,0.114270169869997,0.146462846547365,0.517705911333906,0.181126333540305,2.4100514469319,0.141322783747455,0.736743849964114,0.0477204928174615,0.105979997111717,0.191775765269995,0.301231813151389,0.00344382273033261,0.0244635195995215,0.00995953939855099,0.149113080755342,0.0157762637827545,0.0400851379090454,0.00477435487846378,0.0686967120564077,0.00117393853724934,0.009861212951364,0.00416898270486854,0.00660153164062649,0.180248003161978,0.183293142647017
0.142406725906767,0.00429414911195636,0.826221114606597,0.142320342420135,4.36865209508687,1.05867663212121,0.552871280000545,0.0775283079128712,0,0.122699385974556,0.249848390929401,0.00804828945547342,2.68615591147682,0.0113207547110505,16.5468327040435,0.0658472359646112,0.319657064275816,0.0103092787321657,0.0142215574160218,0.0141392718069255,0.240687678102404,0.146245065145195,0.706579754594713,0.593373471871018,0.571635293308645,0.622715414268896,0.614780876785517,0.637800674885511,4.3344708555378,0.061381075065583,2.43784046941437,0.364611255936325,0.100567717803642,0.0113421547575854,0.0132780084386468,0.00575263670179993,0.0803011283278465,0.0225422673393041,0.0491098826751113,0.0150812059873715,0.0354535977821797,0.00410256395116448,0.0305788144469261,0.00336842099204659,0.0067243033554405,0.00894187821540982,0.0609988579526544,0.0101966500515118,0.0215384607436135,0.000957854383159429,0.0601379341096617,0.00077760498970747,0.0454258667305112,0,0.032455823966302,0.00539811048656702,0.137460395519156,0.00391102442517877,0.0354889596928842,0.000755287008360028,0.099897368461825,0,0.102266738191247,0.00319872051477432,0.113546934095211,0.000868809758685529,0.0279430785449222,0.0108695647213608,0.0194373404374346,0.0170491803437471,2.93501572264358,0.420986108598299,1.36797072098125,0.105637981556356,0.600195502862334,0.0175097276223823,0.316210032557137,0.052163606043905,0.131282046437263,0.00202224473468959,0.381851168582216,0.00564174901228398,1.26796015701257,0.0284697497263551,0.207959429215407,0.00572813380858861,0.355555564165115,0.00775623263325542,0.0482269527856261,0.00204970524646342,0.0260355027858168,0.0606741579249501
0.000513347040396184,0.0319706487935036,0.0783919589594007,0.476080943044508,0.045103857293725,6.22931442805566,0.0482490272261202,0.994152041821508,0.122699385974556,0,0.00345025886781514,0.0442733396776021,0.0580561004462652,0.116788316518068,0.00771869660820812,4.4991555143497,0.00928612891584635,0.0364532030653208,0.0325850833905861,0.0609797882498242,0.142480207490735,0.353901997441426,0.152424941305071,0.640932288952172,0.0584239141317084,1.22688036586624,0.0457072276622057,1.1469255220145,0.0328677077777684,0.93924466939643,0.567093426594511,0.819437352125533,0.102503911301028,0.0160877518355846,0.0216216212138534,0.0176522508263588,0.00593824253883213,0.228808544692583,0.00232693436555564,0.144432198838331,0.00381315546110272,0.215962447109632,0.0197391610126942,0.0292089250870049,0.0119705342804082,0.0237755593843758,0.0081091042375192,0.0387870252598077,0.00294117664452642,0.016528925509192,0.00215343199670315,0.00300525920465589,0,0,0.000698567950166762,0.0523903081193566,0.00238492721109651,0.03061468526721,0.00228484394028783,0.000730460218619555,0.00464653188828379,0.00789343845099211,0.00301962741650641,0.0216132765635848,0.00214018183760345,0.0108695651288144,0.0151706702308729,0.0429708224837668,0.0224938874598593,0.0705882359761745,0.158805965213105,1.33851669717114,0.0336037070956081,0.610704254359007,0.0215633427724242,0.153846150962636,0.0597177003510296,0.253235787386075,0.00563380296807736,0.0148285450413823,0.00351493858033791,0.0610729040927254,0.00200300454162061,0.42100146895973,0.00230061344336718,0.0522791101248004,0,0.260686015011743,0,0.0165289249853231,0.0556149743497372,0.0653061196208
7.18058763910085,0.00365058687748387,2.09702435060171,0.0302267011720687,0.0387323949253187,0.01519579149317,4.97654602717375,0.0398496244451962,0.249848390929401,0.00345025886781514,0,0.00953743467107415,15.2959487357875,0.0362450169632211,1.34070606995374,0.00502723082900047,7.97129717376083,0.00683260126970708,0.292700471938588,0.0374404370086268,0.0121107270242646,0,0.0534022408537567,0.0708860731683671,0.00268276315182447,0.00243753800168633,0.0146520151756704,0.00383631710428745,2.07093350705691,0.0130346231162548,0.443609033711255,0.0547112489584833,1.74213595944457,0.0442992012831382,0.0106544902082533,0.00868055562023073,0.190252494765446,0.0046893316321075,0.138089759275317,0.00327332247979939,0.15355805400759,0,0.0126050423132256,0.00241545896278694,0.00730260135605931,0.0047125353012234,0.0234260614961386,0.00210157624678686,0.011656143469736,0,0.0508837698725984,0,0.0141676501370966,0,0.024288687563967,0.00455580867128447,3.1889837741619,0.00333333329763263,0.0998109618667513,0,0.823878661729395,0.000977517105638981,1.5772682200186,0.00306513416580856,0.204449152923189,0.00165906257461756,0.0533467510249466,0.00422275019809604,0.161821704823524,0.00979192182421684,0.367178266053088,0.17622707632836,1.62750712363049,0.0211817173985764,0.441696116467938,0.00351802981458604,0.224610433680937,0.0400890880264342,0.383763842284679,0.00364298722706735,1.33100554754492,0.00218938151374459,2.37797632778529,0.000963391154073179,0.404966581845656,0.000860585190821439,0.122659780317917,0,0.0291689602890983,0,0.0461215917021036,0.156156153883785
0.00517160326126032,4.45615708013065,0.0345781467331108,1.57203572674189,0.000978952506557107,0.108292683027685,0.0363768631359562,4.39795024646446,0.00804828945547342,0.0442733396776021,0.00953743467107415,0,0.0327102793380618,7.72240153769962,0.00148698885459453,0.263389585714322,0.0307544451206923,6.24288100516424,0.675000021059532,1.93896856158972,0.0267558521591127,0.0356164393015206,0.065934065147303,0.191365973500069,0.003278688644059,0.0232323242817074,0.00101163377985358,0.028376247966662,0.0544412627350539,11.1725122374482,0.247263891506009,0.177258967014495,1.45161286520306,0.254768830141984,0.153660007636063,0.0965794734656811,0.0186092061921954,0.0860635694116354,0.0211844005389139,0.0147329652681947,0.00852878484874964,0.012649332289584,0.0112676059361547,0.0297555788420141,0.0173913040198386,0.0796424227301031,0.0058612831053324,0.0288040082668886,0.000834028352983296,0.0339116725954227,0.0034372698282823,0.0145695366663858,0.000983767793513834,0,0.00124185031745583,0.0269636568846181,0.014062843285501,1.81625904300017,0.00335120654199272,0.0310077527537942,0.016018986236304,0.250733754422981,0.00852878438308835,0.401492047123611,0.00987876096041873,0.0494545442052186,0.1196383042261,0.337693797191605,0.230545147089288,0.945767904398963,0.106246921699494,1.72610842622817,0.0287907861638814,3.85841529699974,0.0122365738498047,0.285907864803448,0.11000000074273,0.463700226391666,0.00421644409652799,1.00069591635838,0.0137371210148558,0.456298504897859,0.0042462843703106,0.115942029515281,0.00287047005258501,0.0737918608356267,0,0.0150909901713021,0.00352378567913547,0.00689496664563194,0.395978331565857,0.140508220996708
3.54025171254762,0.0154978688806295,3.83289522436098,0.428170021245023,0.265258982079104,0.231073068338446,10.8633977887803,0.618925840244628,2.68615591147682,0.0580561004462652,15.2959487357875,0.0327102793380618,0,0.190406262525357,12.0152262067422,0.0344641879200935,1.59074616990983,0.0100710904225707,0.302336911205202,0.0989448986656498,0.0217478860868141,0.0106209151563235,0.835758864996023,0.883675463497639,0.0248403125442564,0.0384097026544623,0.0715008453698829,0.0249048764817417,4.71693128172774,0.111052353749983,2.17076711123809,0.316267806105316,1.38185552228242,0.0774320027558133,0.0113593332935125,0.00322710769250989,0.19669967610389,0.00263765244744718,0.135073408309836,0.00316455698339269,0.0960334023693576,0.00165906257461756,0.0315563001204282,0.00157438998576254,0.0136441164650023,0.00463902577757835,0.0660261168377474,0.00478240079246461,0.0265800365014002,0.0017026107525453,0.0774550494970754,0.000499001995194703,0.026481298264116,0,0.0451413632254116,0.0104545455251355,1.54973820562009,0.0112176591646858,0.0780463241972029,0.000489715952426195,0.545537978061475,0.00415060785599053,0.930092972703278,0.00558801117585972,0.186625187052414,0.00107009091880172,0.0494246366142761,0.0125097734853625,0.12621645454783,0.0209388712537475,1.31744458863977,0.657389027997851,2.29101569327759,0.100608778651804,0.682391195266973,0.0137987012858503,0.479297359706834,0.0704450870398432,0.169224382610992,0.00247422675602138,0.822238108026795,0.00722746417159215,1.58959019201575,0.00528945028781891,0.499847597675398,0.0030125523917377,0.183588319458067,0.000617093464825302,0.0560370873427019,0,0.0429636127082631,0.18486672983272
0.0113913749810308,1.32754344464047,0.207199994765688,2.80998511944199,0.00517560064326972,0.115781710483134,0.217207788111409,8.22085133200744,0.0113207547110505,0.116788316518068,0.0362450169632211,7.72240153769962,0.190406262525357,0,0.0119331746827811,0.161157020309474,0.0102078020572662,0.642622951418161,0.60391327610705,1.85783199500293,0.0176170602208003,0.0150801129639149,0.355932193051558,1.26075408223551,0.0032102728728205,0.0242240726947784,0.00151572562754154,0.0163742696167901,0.112912567856256,4.8344907767605,0.791946343320888,0.500840340973809,1.12248322670348,0.178428754443303,0.0293736509047449,0.0148629816249013,0.00887573976069689,0.0362024368369021,0.0255567728891037,0.00564573053270578,0.00193330110050738,0.0105515588656999,0.00207415083423257,0.00860832107719034,0.00125313282478601,0.00768491858616471,0.000535762112122029,0.00518672226462513,0,0.00312695425236598,0.000844772963318974,0.00271591532509774,0,0,0.00154519703937694,0.0176730479579419,0.00652215606532991,0.939050177286845,0.000548546377103776,0.0207557219546288,0.00495908781886101,0.148999019293115,0.00199534418061376,0.305732476059347,0.00069228105712682,0.00996482971822843,0.0357788940891623,0.0951983293052763,0.137683522480074,0.452371919760481,0.0667903519934043,1.49479937762953,0.0735615468001924,1.1449015699327,0.0300046876072884,0.13002806273289,0.0971348700695671,0.195209151192103,0.00191846524830908,0.0390662215068005,0.00569210859248415,0.167561756679788,0.00596619152929634,0.0227494316641241,0.0028864657797385,0.0410692146979272,0,0.00754716963274404,0.0012944984191563,0.00558547780383378,0.197442458127625,0.093000004417263
0.377994686714374,0.00271002715453506,0.46733449966996,0.0338709672214463,2.24118418246508,0.0954861118225381,0.532684290548787,0.0358532058307901,16.5468327040435,0.00771869660820812,1.34070606995374,0.00148698885459453,12.0152262067422,0.0119331746827811,0,0.0114093964220956,0.861670213402249,0.00757002271711826,0.0343805585289374,0.00396488234400749,0.545454541803338,0.0151691950159147,0.2114818454138,0.109589038882405,0.0383877148851752,0.0411817359272391,0.56297623924911,0.0472878984874114,6.48982283240184,0.0150918634608388,1.4193311004201,0.0506427747313865,0.25126262602862,0.0113534512929618,0.0104876770637929,0.00114613177720457,0.703832759987563,0.00521966081578285,0.171600177418441,0.00329760927706957,1.87838651239872,0.00119260582141578,0.0405914755538106,0.00129996752366424,0.0165229884441942,0.000736648275051266,0.114285715389997,0.00290023192064837,0.0475113130523823,0.000716845854185522,0.125722207129002,0,0.068211632897146,0,0.154244596604258,0.00436442997306585,0.342976064421237,0.00166910071857274,0.0716491676867008,0,0.201931044808589,0.000757862813770771,0.198537903022952,0.00187324377475306,0.238613464403898,0.00199733680346981,0.0350339384749532,0.00593336360179819,0.0323673326056451,0.00359227671287954,4.11980772536481,0.105954463826492,2.11633878876455,0.014243820682168,0.742028951644897,0.00346820801496506,0.235533815983217,0.0175805772305466,0.234943346818909,0.00118273205589503,1.09979751158971,0.00282552384305745,7.61747820588062,0.00149868859443814,0.744680831558071,0.00114481971831992,1.92063492588932,0.00159553252160549,0.263070733170025,0.000868621049448848,0.0116354237543419,0.0628140696790069
0.00176056334748864,0.0698924730531871,0.0509939509211108,0.325860682234634,0.0240034288726747,5.8418803915265,0.0345542503055185,0.559085545799462,0.0658472359646112,4.4991555143497,0.00502723082900047,0.263389585714322,0.0344641879200935,0.161157020309474,0.0114093964220956,0,0.0379586665076204,0.162061242212076,0.0697947241133079,0.149144935770892,0.620728318812326,2.58057140093297,0.133754863782087,0.38479671132518,0.139622643589973,1.72334806085564,0.117335684306454,2.16689461609349,0.0499675539322197,7.87937743007205,0.681900616036728,0.520937373745255,0.215980020468123,0.0390186212025583,0.101904276525602,0.0875912436749786,0.0145797602599487,0.997002115705982,0.00929446570808068,1.05199025507318,0.00942840334028006,0.976065363734961,0.0608321356121451,0.132990680867806,0.037588651292026,0.127953476272523,0.0458196963882074,0.264638340566307,0,0.0460014140116982,0.00504240189911798,0.0108761333394796,0,0,0,0.2798487363616,0.0111547200358473,0.0658521422592457,0.00916310353204608,0.00886001216713339,0.0169352629454806,0.0291588784893975,0.00759013288188726,0.0568076586350799,0.0103297575842589,0.0368421068415046,0.0851618498563766,0.252150292129954,0.052729299524799,0.140521429188084,0.525182966375723,2.28103447426111,0.0294860987924039,2.6009080267977,0.0283929577562958,0.545866350876167,0.168674702290446,1.18185564712621,0.0105078807100654,0.0486392599996179,0.0160320647992194,0.355825351201929,0.00453686190303415,2.73271713964641,0.0054570259526372,0.324805772514082,0.000918273639399558,0.927251306246035,0.00422237848397344,0.0956690376042388,0.322173074819148,0.0540540530346334
3.05103875300847,0.0193767998716794,0.436856659362093,0.0128706044051796,0.0722748842090368,0.0436578169465065,0.248881969600916,0.0128205130458809,0.319657064275816,0.00928612891584635,7.97129717376083,0.0307544451206923,1.59074616990983,0.0102078020572662,0.861670213402249,0.0379586665076204,0,0.153467775788158,0.135985528118908,0.0116358662489802,0.0298245620215312,0.0199095023563132,0.0363426591502503,0.0320116395596415,0.00406779663171619,0.0159999997122213,0.0295930942520499,0.0219638248672709,3.02667212439701,0.213202137965709,0.137310610152781,0.0183861090335995,1.5513872919837,0.166544929845259,0.517719587311149,0.316901402547956,0.294013052247465,0.16449704032857,0.102206734009087,0.0264171715825796,0.148288972210139,0.0337078655138612,0.0823943633004092,0.0923824945930392,0.197701151191723,0.152896482322831,0.0868924892274663,0.0753786546993069,0.129221730865538,0.0559376425226219,0.353953725774772,0.0202626641839743,0.0393325384939089,0,0.0446615479886532,0.052338894456625,7.32125848531723,0.0745697891106829,1.29174594080541,0.0372126975562423,3.15251983958296,0.0985221704468131,5.10251250816509,0.12336160056293,1.89529923885129,0.110229644458741,0.974229409359396,0.428836459643207,0.2431640625,0.0877626689616591,0.491060783620924,0.127761190058663,1.95373052917421,0.137232851469889,0.469534049741924,0.130240852595307,0.711111094802618,0.437078656163067,4.98501877766103,0.129390020156279,6.90730344154872,0.172072568326257,5.18500024627429,0.0456310689332895,0.80053649135516,0.0604490499245003,0.303979132673703,0.0136986295692623,0.0762852377956733,0.011511511343997,0.093816633336246,0.0996948129031807
0.00808369019068778,2.75763443732285,0.00932400929741561,0.139974241785239,0.00401002494618297,0.11188810877502,0.0047706420882605,0.178577793936711,0.0103092787321657,0.0364532030653208,0.00683260126970708,6.24288100516424,0.0100710904225707,0.642622951418161,0.00757002271711826,0.162061242212076,0.153467775788158,0,0.102864586398937,0.38463919563219,0.0497581204399467,0.0382436255458742,0.0222575512016192,0.0517015712102875,0.00336700351908803,0.0476190485060215,0.00103680661413819,0.0377358490368351,0.146501463081222,11.3415881858673,0.0677966079674661,0.0715231768554077,1.84159101784462,0.321182256680913,0.829906515777111,0.39778238942381,0.0150451355148107,0.145217829267494,0.00985707272775471,0.0188323913607746,0.00294334068894386,0.0349090900272131,0.0165236736647785,0.0454054065048695,0.0322320708073676,0.222130121896043,0.0145550777669996,0.044500952353701,0.00851063814479858,0.110128615517169,0.00894409941975027,0.0363391649443656,0.00100755668245256,0,0.00252127321437001,0.0505350765888579,0.05063291155966,3.79202849493595,0.0497275197412819,0.0636482937261462,0.0607884416240267,0.201968332286924,0.0226382240653038,3.66494297725148,0.0220284531824291,0.106587708927691,0.575849931570701,1.24852948560147,0.255626319092698,1.48675318539608,0.200503779808059,1.08072652551346,0.0353634590283036,5.38800964987604,0.0112438509240746,0.34313726297114,0.22118958865758,0.804983214475214,0.0305454537738115,11.1173503142782,0.0424722668831237,5.09455014002742,0.00606848718598485,0.234051545558032,0.0148389437235892,0.195586154179182,0.00217391294427216,0.0326530616730452,0.00458598701516166,0.0106902163242921,0.428915671538562,0.0697674416005611
2.26731462992029,0.358172080304939,6.97172434948152,0.665677174867596,0.00586725352331996,0.0826627669739537,0.548042704642285,0.755793807213195,0.0142215574160218,0.0325850833905861,0.292700471938588,0.675000021059532,0.302336911205202,0.60391327610705,0.0343805585289374,0.0697947241133079,0.135985528118908,0.102864586398937,0,10.8260539331823,0.0642496551154181,0.0410447751637548,4.1620063187147,1.25237596989609,0.00159108988009393,0.0255255261436105,0.000751597166527063,0.0293776565231383,0.461449945578352,0.297872348921373,1.53475090954453,0.863530209404416,22.8699273901875,4.35160189890303,0.200256736250594,0.0404597704764456,0.201760824711528,0.030780506436713,0.197030067443848,0.00630252115661278,0.134863702347502,0.0256288560340181,0.0030935809481889,0.00399201590334997,0.00311138777760789,0.00953895068960264,0.0197070564609021,0.00979886564891785,0.00129785854369402,0.00124223600141704,0.00294303122791462,0,0,0,0.023559539928101,0.025390625,0.485195810324512,0.139766415959457,0.0430752435349859,0.00740740750916302,0.0266337854554877,0.0260671228170395,0.0211290847510099,0.0489953185897321,0.00549639295786619,0.00640652305446565,0.234140490501886,0.276807989459485,10.3090381748043,1.48814457119443,0.373205748328473,2.26160655124113,1.12572251819074,0.949236759915948,0.208816703525372,0.467592584318481,0.610957024502568,1.86661943077343,0.00664451823104173,0.0113154170103371,0.02778492460493,0.0350652139168233,0.060546234017238,0.0180703450459987,0.0153403650037944,0.014459530939348,0.00933125987648964,0.00476676900871098,0.0201846689160448,0.0031777557451278,1.58421849925071,0.761622121790424
0.0333660442265682,2.58145563569269,0.121645106992219,8.41968615911901,0.00416088779456913,0.172950531123206,0.128411420388147,3.20307686546585,0.0141392718069255,0.0609797882498242,0.0374404370086268,1.93896856158972,0.0989448986656498,1.85783199500293,0.00396488234400749,0.149144935770892,0.0116358662489802,0.38463919563219,10.8260539331823,0,0.133561642840505,0.0869187293574214,0.482950877805706,0.597211669315584,0.00599026586860418,0.0453739799559116,0.00496806250885129,0.056851314031519,0.106798784341663,0.885832212516107,0.761185031034984,0.568801533663645,6.35312890447676,1.63497705571353,0.0882117077708244,0.0360205841716379,0.088796392083168,0.0512820502044633,0.206991092883982,0.0119482248555869,0.0462633448187262,0.0441696116467938,0.00445986137492582,0.0092794761294499,0.00355977471917868,0.0139309503720142,0.0214723921380937,0.0163568780408241,0,0.0106603496242315,0.002035002107732,0.00207200204022229,0.000695894239470363,0,0.0369276225683279,0.0333881964033935,0.0204005933483131,0.526765801740112,0.00366013066377491,0.0137160274316557,0.00617283934843726,0.0607563555240631,0.00564971758285537,0.111873350571841,0.0065189047018066,0.015037594770547,0.267753205262125,0.462064798106439,3.97780508571304,4.47903350973502,0.312456513522193,4.01253908872604,0.135384614230134,2.61936776951188,0.0873702449607663,0.859732411801815,0.610325561836362,2.427419352578,0.00265017669880763,0.0342405627015978,0.00692383747082204,0.0943318165373057,0.00938673358177766,0.0460687951999716,0.00249415426515043,0.0305422092205845,0.00146573840174824,0.0180995480623096,0.0303282084059902,0.00269645618391223,2.25304595567286,1.0601193094044
0.010866284603253,0.0266006808378734,0.0253164552850649,0.0600265635293908,0.0980036300607026,1.95311094028875,0.0162387538584881,0.0356083087390289,0.240687678102404,0.142480207490735,0.0121107270242646,0.0267558521591127,0.0217478860868141,0.0176170602208003,0.545454541803338,0.620728318812326,0.0298245620215312,0.0497581204399467,0.0642496551154181,0.133561642840505,0,4.77071299497038,0.0624783081002533,0.119278775935527,2.31946016172878,4.11549566220492,1.47297294519376,3.88149690860882,0.870880623580888,0.29681597079616,3.04456104501151,2.57142866542563,0.167257989523932,0.0353159847436473,0.0533707870636135,0.0654545458965003,0.397820174926892,0.297101454809308,0.227112671826035,0.110479285474867,1.11587982624769,0.369294625241309,0.0133096720674075,0.0308182780863717,0.0151038388721645,0.0315789487212896,0.0131455402588472,0.05858855007682,0,0.0175548591651022,0.00319284794386476,0.00577200588304549,0.00183150183875114,0,0.0605263170436956,0.0679886704310775,0.0105263157165609,0.0233463031472638,0.00587371503934264,0.00371229695156217,0.00493827159516513,0.00969529058784246,0.00569800566881895,0.0149402394890785,0.00622083991765976,0.0132669978775084,0.0278766317642294,0.0621273929136805,0.0300957604777068,0.116279069334269,7.12271065090317,3.16069786681328,0.265966759063303,0.706375842215493,0.464150950312614,0.646728991763666,0.494042902369983,0.695142371114343,0.0456431559287012,0.0322580635547638,0.0468611860414967,0.0353866328950971,1.11881190293934,0.327001361991279,0.0604360032593831,0.0430054352036677,0.346356929279864,0.199695114511997,0.0488126669079065,0.0175953085999936,0.488636378198862,1.52644830336794
0.00244051241315901,0.0350218876264989,0.0136823315988295,0.0439678279217333,0.0318650426343083,7.96461834781803,0.00442282180301845,0.0234892158186994,0.146245065145195,0.353901997441426,0,0.0356164393015206,0.0106209151563235,0.0150801129639149,0.0151691950159147,2.58057140093297,0.0199095023563132,0.0382436255458742,0.0410447751637548,0.0869187293574214,4.77071299497038,0,0.0379479968687519,0.1127819577232,0.299765795469284,2.24701201915741,0.317682308843359,8.56957895681262,0.0550660770386457,0.635863583767787,1.75050295656547,1.35676892963238,0.156862752512097,0.0406235231203027,0.0915805003605783,0.0699029141105711,0.0525328330695629,1.60523852985352,0.0490463229361922,4.46153842518106,0.0649651950225234,7.77181211672723,0.0243352868710645,0.0476448279805481,0.0154440156184137,0.0646464619785547,0.0162291171727702,0.100991886109114,0.00140646973159164,0.0282051290851086,0.00516628986224532,0.00684931501746178,0,0,0.00267260579857975,0.19047619169578,0.00559440581128001,0.0364861058187671,0.00697211176156998,0.00188679248094559,0.00835073064081371,0.0141944643110037,0.00146092043723911,0.0314242283347994,0.00959232612513006,0.0180383305996656,0.0461492346948944,0.116116748889908,0.0504554989747703,0.164493481628597,2.93093661032617,5.8083490987774,0.061371840769425,1.34485741751269,0.238383849151433,1.43600006820634,0.316993467742577,1.14581539575011,0.0357941836118698,0.0433839485049248,0.00898069178219885,0.0550215441035107,0.00290065258741379,1.01320365490392,0.00173988693859428,0.0563450507470407,0.00219298247247934,1.11824589036405,0.0060060060932301,0.0503703692811541,10.7634071530774,0.961326004005969
0.0382978711277246,0.0402877693995833,2.08001396231703,1.37885754229501,1.14610675780568,0.877764855511487,0.988088294747286,1.3379701236554,0.706579754594713,0.152424941305071,0.0534022408537567,0.065934065147303,0.835758864996023,0.355932193051558,0.2114818454138,0.133754863782087,0.0363426591502503,0.0222575512016192,4.1620063187147,0.482950877805706,0.0624783081002533,0.0379479968687519,0,7.05167039955268,2.47636810154654,0.366013063117862,0.289622352574952,0.147157193277963,0.462422210723162,0.281818178307731,4.93537528510205,1.19113270065282,4.17674427502789,0.893056509085,0.192826593120117,0.0291970797115937,0.0250875148340128,0.0332264653989114,0.0323418988846242,0.00281056767562404,0.00930898648221046,0.00569597724825144,0.00436585891293362,0.00617723917821422,0.00408580200746655,0.00935794122051448,0.00403859085054137,0.0117903933569323,0.00105708243791014,0.0045894953655079,0.00403004203690216,0.0013617794320453,0.00116993277333677,0,0.00260473194066435,0.0083368067862466,0.0242546733934432,0.0354430382139981,0.00411899320897646,0.00133868807461113,0.0168173213023692,0.00742508610710502,0.00964888755697757,0.0179930798476562,0.00664267921820283,0.00386847206391394,0.051587997819297,0.0449764236109331,0.138295068987645,0.0994343554484658,0.365019025281072,1.58899290801492,0.275504325749353,0.292696783144493,0.0966048322152346,0.0440251569380052,0.195761300507002,0.157909684698097,0.00569597724825144,0.00779312779195607,0.0274569622124545,0.0193344494327903,0.0454423949122429,0.0226256259484217,0.0158045976422727,0.0122391342592891,0.00794135639443994,0.00659521878696978,0.00298563158139586,0.00139445706736296,0.0724150827154517,0.166666664241347
0.0280373835121281,0.0867410138016567,1.33599676098675,12.0439151673345,0.329029867309146,5.04415010567755,0.880311402026564,3.47684526626836,0.593373471871018,0.640932288952172,0.0708860731683671,0.191365973500069,0.883675463497639,1.26075408223551,0.109589038882405,0.38479671132518,0.0320116395596415,0.0517015712102875,1.25237596989609,0.597211669315584,0.119278775935527,0.1127819577232,7.05167039955268,0,1.33626898931107,2.95619335072115,0.15803402295569,0.205367563292384,0.442774556577206,0.815713433315977,4.02743216673844,1.83495476434473,2.11446109873941,0.282371723384131,0.12666953826556,0.0268642887240276,0.0250922504346818,0.0685587903717533,0.0502732245367952,0.0176056331838481,0.0134939758572727,0.0143472023773938,0.00931918225251138,0.0183328557759523,0.00750469020567834,0.0274848206317984,0.00855843815952539,0.0346970487735234,0.00130463147070259,0.00873907597269863,0.00464037124766037,0.00054229935631156,0.00222139956895262,0,0.00462843925924972,0.0274509820155799,0.0164782523352187,0.0668331087799743,0.00438116118311882,0.00371944735525176,0.0108937850454822,0.0124467735877261,0.00663790269754827,0.0320707770297304,0.00829015555791557,0.00643651268910617,0.0405541045183782,0.0579649705323391,0.0996418127906509,0.147671332815662,0.462791576865129,3.52705720311496,0.284883719868958,0.756872540805489,0.124357177817728,0.115671639097854,0.284518829081208,0.316803416004404,0.00573888095095754,0.0171021376736462,0.0201498325914145,0.0497747265035287,0.0304333444219083,0.0713590672239661,0.0144184555392712,0.0350132618041243,0.00547730823745951,0.0301266682799906,0.00474035771912895,0.00757122918730602,0.146863851696253,0.359920244896784
