0,0.0127634887467138,6.76722530362895,0.0142324635526165,0.00998531596269459,0.00173460535006598,8.08067060963367,0.0141061024623923,0.07632677257061,0,6.27012961136643,0.00484913791297004,3.81063545186771,0.00650860066525638,0.422606945503503,0.0010141987586394,2.52913466194877,0.00655200658366084,2.48125864454778,0.0715604811557569,0.0216631724615581,0.000704225327353925,0.0636070860200562,0.00810681947041303,0.00189453747589141,0.000597371545154601,0.00119940028525889,0.00308832619339228,4.92906062863767,0.00407124683260918,0.213289582170546,0.0200054062297568,2.27000249386765,0.166969147510827,0.063164891616907,0.0150788213359192,0.343601908534765,0.00236266991123557,0.317087491275743,0.00797948136460036,0.171024730661884,0.00283185834996402,0.00455892411991954,0.00147203140659258,0.00311850314028561,0.00106496270745993,0.020833333954215,0.0013544017856475,0.00384298647986725,0.00162293744506314,0.0377285106806085,0.000466635567136109,0.00354924565181136,0,0.0512587886187248,0.0183086312608793,14.8654429064482,0.00948732014512643,0.736173213692382,0.000458190159406513,2.29084463845356,0.00272182893240824,1.27537830348592,0.00729749444872141,0.242816912941635,0.00050163030391559,0.376211277907714,0.0290353398304433,4.69855659175664,0.0281603916082531,1.41070918668993,0.0373722612857819,3.70485085673863,0.0108292961376719,1.01739737810567,0.0133661627187394,0.753631434228737,0.053432923508808,0.0461811717832461,0.00141292833723128,0.461817371106008,0.00400320248445496,0.484430974989664,0.00109589041676372,0.577640705538215,0.00266755581833422,0.0251920117880218,0.00111482723150402,0.130520507314941,0.00112464858102612,0.0472899220767431,0.244080148113426
0.0127634887467138,0,0.01529929228127,4.67523006949341,0.00122549023944885,0.0922242308151908,0.00485358337755315,4.48801133927191,0,0.0329871727153659,0.00180505419848487,7.54466507065808,0.00267558521591127,1.94905070893583,0,0.188798325601965,0.00859686813782901,2.39409419801086,0.236307101906277,2.89572886796668,0.0271958833327517,0.032604668289423,0.0397762572392821,0.0883296291576698,0.00396563136018813,0.0255690666963346,0.00187852227827534,0.0232483043801039,0.0258424133062363,2.34520989126759,0.141069392673671,0.304103422502521,0.338295699621085,1.84579327824758,0.0599930256139487,0.0136838312027976,0.0321483761072159,0.0708782728179358,0.026952525600791,0.0184085518703796,0.00520639639580622,0.00894187786616385,0.000471031555207446,0.0157560359803028,0.00323711894452572,0.0165975111303851,0.00293901551049203,0.0135229658626486,0.000571102253161371,0.0134983132593334,0.00199960006284527,0.0178528351534624,0.000617283978499472,0.000611060182563961,0.00796626065857708,0.0930964707804378,0.0208409512415528,10.8460675268434,0.0150925028137863,0.0913825784809887,0.0178489705722313,0.185677899047732,0.00515168847050518,1.01863980595954,0.00586682290304452,0.29017159610521,0.299492386518978,0.422850408533122,0.511792460456491,3.47856686933665,0.19191309157759,1.68331311107613,0.0298689418123104,2.90558207425056,0.0336626413045451,1.0074018878513,0.20178041420877,0.891017979942262,0,0.117472119512968,0.00561797758564353,0.425128729082644,0.00229357788339257,0.0763750359183177,0.00378310214728117,0.26942121097818,0.000642260769382119,0.0440963143482804,0.00405597238568589,0.078552175546065,0.721625750069506,0.211981566622853
6.76722530362895,0.01529929228127,0,0.737919492123183,1.74241980240913,0.180267279036343,21.9147338306066,0.572036448225845,0.929659996065311,0.0293694226420484,1.69117227679817,0.0164456234197132,3.29291193652898,0.175688074785285,0.813346717332024,0.052973514655605,0.329282409860753,0.00859983917325735,10.5287669553654,0.366742588666966,0.0267123294761404,0.0144927530782297,6.27894955288502,1.80856066101114,0.217674409621395,0.152084556000773,0.0554081911686808,0.0533980587497354,2.4457308469573,0.0907723176060244,6.04414525674656,0.552036183944438,7.74065980181331,0.329601431265473,0.0874103085370734,0.0194892472936772,0.228887596400455,0.00580720079597086,0.11547344038263,0.00448556197807193,0.0637119095772505,0.002774887252599,0.00944881903706118,0.00193517177831382,0.00307219661772251,0.00104876770637929,0.0228865013050381,0.00311942951520905,0.00378276157425717,0.0010652462951839,0.0280769231030717,0.000920810329262167,0.00639720819890499,0,0.0192522940633353,0.00817907898453996,0.918680537142791,0.0101101280888543,0.255862550693564,0.000904363580048084,0.288465752499178,0.00267952826106921,0.15055510471575,0.00527704495470971,0.0487804873846471,0.00247218791628256,0.224769775115419,0.0317400328349322,0.800334210565779,0.0366917296778411,2.67292921780609,0.290554127655923,2.08563217613846,0.0521446579950862,0.511596183059737,0.0144777657114901,0.662370392004959,0.069511158450041,0.0125304559478536,0.00138456211425364,0.12122567469487,0.0039572615060024,0.202874971204437,0.00862998887896538,0.115543323510792,0.00561426702188328,0.014488379471004,0.00548546377103776,0.0323586756712757,0.00185425553354435,0.0356252217898145,0.132001423335169
0.0142324635526165,4.67523006949341,0.737919492123183,0,0.0505632013664581,3.77130141336238,0.252314816694707,17.4347588635865,0.0471602422767319,0.814481937617529,0.00443896424258128,1.30218503309879,0.0774539859266952,2.6046605957381,0.0287737933103926,0.782973081368254,0.00401203613728285,0.134023041900946,1.39698692222009,8.98374655173393,0.109501735190861,0.148688040208071,2.43252976099029,15.2048493744223,0.0686718107317574,0.94261048361659,0.0214012727374211,0.278996858512983,0.045746046496788,1.05752211995423,2.30421469401335,4.4299370929366,0.350551117240684,1.8455382011598,0.0300166754750535,0.0102622574195266,0.0388300555641763,0.0674044241895899,0.0290290286066011,0.0214686508988962,0.0111111109727062,0.0163982433732599,0.00602772735874169,0.0240034288726747,0.00405588114517741,0.0142659919511061,0.0141254669288173,0.0362549806304742,0,0.00653137406334281,0.00279134674929082,0.00902379001490772,0,0,0.0120024007628672,0.0583236755337566,0.00967585860053077,0.521495632216102,0.00537301090662368,0.0383451065863483,0.00548911991063505,0.0848968105856329,0.00189349113497883,0.163794936815975,0.00338164242566563,0.133712037408259,0.0611652137595229,0.157253218058031,0.2750424410915,0.820845192647539,0.348084058612585,3.47048580768751,0.0393818550510332,1.21688216686016,0.0600461889989674,0.612875066930428,0.327237259800313,0.781134817516431,0,0.0333235884318128,0.00359784130705521,0.184031501994468,0.00521450582891703,0.0910377372056246,0.00197879853658378,0.135701269871788,0.00104031211230904,0.0861656293272972,0.00600494543323293,0.0519831227138638,0.618149159476161,0.392203893279657
0.00998531596269459,0.00122549023944885,1.74241980240913,0.0505632013664581,0,0.256443291087635,0.231936573982239,0.0156013002851978,8.49067038507201,0.026525198481977,0.0269576387945563,0,0.235380660742521,0.00167014612816274,3.46462127950508,0.0373097679112107,0.0482897367328405,0.00113895221147686,0.00993788824416697,0.00164948450401425,0.138219896703959,0.040728829568252,0.827834014082327,0.162658509216271,4.36190482182428,0.903539177379571,3.9565827260958,0.94966190867126,0.847317732637748,0.0197726138867438,4.64571423595771,0.189732151338831,0.0967136176186614,0,0,0.00197823927737772,0.0149761748034507,0.00540906004607677,0.00667111424263567,0.00249687884934247,0.0455037918873131,0.00217864918522537,0.00806451600510627,0.00184416782576591,0.00206079334020615,0,0.0172637030482292,0.000792707083746791,0.00576036865822971,0.0011173184029758,0.00927357003092766,0,0.00542740849778056,0,0.00799360510427505,0.00223797094076872,0.00755939504597336,0.0011191942030564,0.00768573844106868,0,0.0145929339341819,0,0.019675926072523,0,0.00730371242389083,0,0.00774731818819419,0.0030048078042455,0,0,2.67829464410897,0.0303030306240544,0.793399364687502,0.0199750307947397,0.0475698029622436,0.0192307701800019,0.0498753134161234,0.0088945358293131,0.00881057232618332,0.00216450216248631,0.0550678372965194,0.00129491742700338,0.307781642186455,0.00458978768438101,0.0327654008287936,0.00195551221258938,0.0830860529094934,0.00951814372092485,0.0240126372082159,0.000583430577535182,0.0047505940310657,0.00954653974622488
0.00173460535006598,0.0922242308151908,0.180267279036343,3.77130141336238,0.256443291087635,0,0.0666815853037406,2.89912186050788,0.163890743628144,12.874520032201,0.00248138955794275,0.106508871889673,0.0230796970427036,0.323397314641625,0.0549397588474676,12.0468675962184,0.0103559866547585,0.141436457633972,0.0486026715952903,0.0903590153902769,1.50247774319723,5.50962540437467,0.356982356403023,1.67876970022917,2.04870626004413,20.7438121789601,1.45209172088653,21.302527628839,0.0357941840775311,2.73663937870879,2.56097558769397,6.64463703916408,0.059523809759412,0.0900195728172548,0.0519480532966554,0.0638497669715434,0.00787918595597148,1.63992175867315,0.00901481043547392,5.6425120010972,0.00614124862477183,2.0864196899347,0.0449881599051878,0.125056234363001,0.0190476184943691,0.110352075425908,0.0447068738867529,0.214978660456836,0.0022346368059516,0.0238611716777086,0.00304043787764385,0.00657624332234263,0,0,0.00391236302675679,1.19195615872741,0.00319318799301982,0.0871003336505964,0.00166944903321564,0.0103503186255693,0.00225733628030866,0.00988467887509614,0.00448933802545071,0.039858280797489,0.00471420167014003,0.0374882854521275,0.0404692097799852,0.182140736607835,0.0202380960108712,0.0905233398079872,0.941323326202109,5.45419849106111,0.0165710642468184,1.76570045924746,0.0352595485746861,1.39191925479099,0.179734622011892,1.05528253538068,0.00207900209352374,0.0408997945487499,0,0.127903275832068,0.00675675692036748,2.39844194496982,0.00302245249622501,0.135585045354674,0.00142653356306255,6.23515856894664,0.00248524383641779,0.257323380559683,1.37053577555344,0.224215257912874
8.08067060963367,0.00485358337755315,21.9147338306066,0.252314816694707,0.231936573982239,0.0666815853037406,0,0.215082309732679,2.25068741742871,0.0108474574517459,2.62972073024139,0.00381194418878295,8.99538689549081,0.0496987933292985,1.74929115516716,0.0193782798014581,0.34392014623154,0.00171196227893233,0.879219810478389,0.058030700602103,0.0201446272549219,0.00623376597650349,1.47306792752352,0.537663327821065,0.0703854450839572,0.0440569063648582,0.0161104719154537,0.0150659130886197,3.24872490405687,0.0279352221696172,1.54060420027236,0.194096413819352,0.915395295596682,0.0498338889156003,0.0204081631381996,0.00356415496207774,0.111263107392006,0.00272975431289524,0.101449277251959,0.00265545467846096,0.0385416686767712,0.000521512411069125,0.0140818975050934,0.00117970904102549,0.0024701522779651,0.000839278218336403,0.025219717877917,0.00183823533006944,0.00515796267427504,0.000849798147100955,0.0315344601985998,0,0.00865406490629539,0,0.0169773021480069,0.00571632711216807,1.21884914202383,0.00492990296334028,0.0905115073546767,0.000372093025362119,0.807462436321657,0,0.391819162177853,0.000781097449362278,0.0627192995452788,0.000400240154704079,0.0357085936702788,0.00928742959513329,0.10213515185751,0.00935235002543777,1.53057108109351,0.0919954919954762,2.10514439109829,0.0154901522910222,0.473738436121494,0.00622891285456717,0.625525317562278,0.0227120908093639,0.0188235291279852,0,0.262216479051858,0.00166500161867589,0.364733788592275,0.00515021465253085,0.337558358587557,0.00171232869615778,0.0356389208463952,0.00173988693859428,0.0831963185046334,0.000630417664069682,0.0212822551839054,0.0729693712200969
0.0141061024623923,4.48801133927191,0.572036448225845,17.4347588635865,0.0156013002851978,2.89912186050788,0.215082309732679,0,0.00832602984155528,2.04972969659138,0.00598930468549952,4.29540842183633,0.0520904737059027,8.89658922769013,0.00817438680678606,1.95032986905426,0.00303819446708076,0.234352548373863,1.01879972405732,3.36485017219093,0.0643418490653858,0.0691358023323119,1.36257686256431,3.64544768381165,0.0223897650139406,0.201404121093219,0.0123212322359905,0.123201441660058,0.0358625905937515,1.80466926028021,2.11629335390171,4.04033403340145,0.329331044107676,1.78853685595095,0.025130394322332,0.00920542632229626,0.0244221542961895,0.0504786756355315,0.0199306759168394,0.0178003809414804,0.00742574280593544,0.0094175964477472,0.00500268017640337,0.0136208849726245,0.00158165278844535,0.0140958520933054,0.00883327214978635,0.0244680843316019,0,0.00815162027720362,0.00031486144871451,0.00764192151837051,0.000435634923633188,0,0.00783057481748983,0.0655398433445953,0.0076235153246671,0.83156475413125,0.00769371661590412,0.0362331852084026,0.00769096339354292,0.0909090913482942,0.00165118684526533,0.29731252862257,0.000420168071286753,0.126226673135534,0.0491271445644088,0.141194725874811,0.136622391873971,0.43421935569495,0.244372987363022,2.66666674346197,0.0310880828183144,1.15024366369471,0.0484818792901933,0.374537366093136,0.218597750994377,0.479215520550497,0,0.0455332833807915,0.00142272806260735,0.271994851180352,0.00123992559383623,0.0728395060286857,0.00181936315493658,0.182019983883947,0.000447928323410451,0.0641934122540988,0.00318369944579899,0.0507257444551215,0.372316230845172,0.245259168732446
0.07632677257061,0,0.929659996065311,0.0471602422767319,8.49067038507201,0.163890743628144,2.25068741742871,0.00832602984155528,0,0.00823610136285424,0.201725283637643,0.00114025082439184,7.87931055488298,0.000853242294397205,22.4649751894176,0.0171198388561606,0.201388893765397,0,0.00930626038461924,0.00168491993099451,0.0420353980734944,0.022675737272948,0.178073082352057,0.157423968426883,0.937965274904855,0.329496399732307,1.97966594586615,0.279687504167669,2.87887331668753,0.00304259627591819,1.71277213550638,0.179207354318351,0.0250120254931971,0.00244897959055379,0,0.00416666688397527,0.0507757421582937,0.00420168077107519,0.0193370173219591,0.0025789812207222,0.0206422009505332,0.00230680499225855,0.0419925887254067,0,0.00529100536368787,0,0.0494263023138046,0.00161812303122133,0.020178041420877,0.00230017257854342,0.0778894464019686,0,0.0323260714067146,0,0.0350877190358005,0.00152091251220554,0.0552970157004893,0,0.0209515490569174,0,0.0642381531652063,0,0.0810971958562732,0,0.045226130168885,0,0.0108925870154053,0.00366188585758209,0.00380952365230769,0.00152788392733783,2.70941895106807,0.0327198375016451,0.766393421567045,0.0154738873243332,0.133187775034457,0.0135593223385513,0.122343855910003,0.0065659882966429,0.0560093354433775,0.00229095085524023,0.32586557790637,0,1.43506876309402,0.00472813239321113,0.185995136125712,0.000495049520395696,0.339244401548058,0.00490797543898225,0.110468852333724,0.000592241645790637,0,0.0101651838049293
0,0.0329871727153659,0.0293694226420484,0.814481937617529,0.026525198481977,12.874520032201,0.0108474574517459,2.04972969659138,0.00823610136285424,0,0,0.0407713513122872,0.00219860760262236,0.155509360949509,0.00689315621275455,7.31118710222654,0,0.0475651177112013,0.0296907210722566,0.0394250527024269,0.161658037919551,0.42417817749083,0.0892217539367266,0.425772752612829,0.318110235035419,1.92556855501607,0.201668987283483,1.88217743928544,0.0063897761865519,1.22380713513121,0.364772715722211,1.68701448477805,0.0242990661645308,0.0318598165176809,0.0126012604450807,0.0097943190485239,0.00405679503455758,0.321020817267708,0,0.236972702783532,0,0.239224137039855,0.0112449801526964,0.0440569063648582,0.00820092298090458,0.0236686381977051,0.0137516111135483,0.0671140916529112,0,0.0077777779661119,0.000616332807112485,0.00418585172155872,0,0,0.000796178355813026,0.148643623106182,0.000538502936251462,0.0312500013969839,0.000850340118631721,0.00243111827876419,0.000765110948123038,0.00225098477676511,0,0.0180668476969004,0,0.0153110045939684,0.0106951869092882,0.0425404450506903,0.00488997576758265,0.0364963489118963,0.110397949349135,0.981675402726978,0.0104918032884598,0.610421831253916,0.00614124862477183,0.308668071869761,0.0322180923540145,0.223484848276712,0,0.0128479655832052,0,0.0432397542172112,0.00230946880765259,0.686822614632547,0.000435919791925699,0.0492562790459488,0,1.1188645248767,0.000629921269137412,0.0494473552680574,0.124413147335872,0.0471698120236397
6.27012961136643,0.00180505419848487,1.69117227679817,0.00443896424258128,0.0269576387945563,0.00248138955794275,2.62972073024139,0.00598930468549952,0.201725283637643,0,0,0.00107238604687154,11.4659953112714,0.00162932788953185,1.91158097953303,0,7.21341047435999,0,0.267474755703006,0.0128772631287575,0.0118226604536176,0.00402819737792015,0.0339634730480611,0.01278227486182,0.00606060586869717,0.00133244507014751,0.00940860214177519,0,2.63810796570033,0.00480076821986586,0.109392260201275,0.0107991357799619,0.100456619402394,0.014837953960523,0.0292850998230278,0.00186741363722831,0.136036619544029,0.0025990903377533,0.139833231107332,0,0.0773143447004259,0,0.0149606298655272,0.000897263351362199,0.00399800110608339,0.00104766897857189,0.0210349186090752,0.000774293439462781,0.0122494435636327,0.0010810811072588,0.0534142656251788,0,0.0065189047018066,0,0.0187353626824915,0.00875592883676291,3.42879911191994,0.00220143096521497,0.136552871437743,0.000794281193520874,0.677177193574607,0,0.998881436418742,0.000883392232935876,0.123311802162789,0.00280373840359971,0.0333723639487289,0.00826446257997304,0.0937129323137924,0.00985915458295494,0.792288538767025,0.0164765524677932,2.03047610668,0.00120336946565658,0.687439160421491,0.0120481923222542,0.431490400689654,0.0367197068408132,0.301652879919857,0,1.43725642212667,0,2.76430988917127,0.00110926234629005,0.335489445773419,0.00048181161400862,0.0440340922214091,0,0.084341081790626,0,0.0310421283356845,0.131403121864423
0.00484913791297004,7.54466507065808,0.0164456234197132,1.30218503309879,0,0.106508871889673,0.00381194418878295,4.29540842183633,0.00114025082439184,0.0407713513122872,0.00107238604687154,0,0.000660938560031354,12.9393037483678,0,0.832764479331672,0.0011123470030725,6.9549198289169,0.362968401168473,1.14641288446728,0.0253565777093172,0.0274193544173613,0.0540380071033724,0.0986892804503441,0.00893426907714456,0.0297482823953032,0.0080691643524915,0.0207570214988664,0.00884244358167052,9.38454946601996,0.239183282596059,0.695569309755228,0.0902749277884141,1.04487178951968,0.0397727284580469,0.0212443093769252,0.0202702707611024,0.0470324764028192,0.0166112958686426,0.0146673657000065,0.00487804866861552,0.00326530612073839,0.00430570507887751,0.0226171249523759,0,0.0287569575593807,0.00533536565490067,0.0197879853658378,0,0.011444921605289,0.000564652727916837,0.0074460165342316,0.00112296466249973,0.00110253586899489,0.00284798862412572,0.0448460504994728,0.00548491644440219,1.54856997571187,0.00528501335065812,0.0339963820297271,0.00206114735919982,0.0848601730540395,0.00393120385706425,0.313022697286215,0.00205128197558224,0.0804356932640076,0.0485940488288179,0.143053649226204,0.134505955502391,0.34193160245195,0.119676549802534,2.3594520672923,0.0109769485425204,3.91932964883745,0.0361067513003945,0.820595357799903,0.154892724473029,0.464646458858624,0,0.709991878713481,0.0021329540759325,0.404004727839492,0,0.220487805083394,0.00245649955468252,0.101409730123123,0.00120845925994217,0.0704225327353925,0.00288018432911485,0.0299866115674376,0.764142710482702,0.253275116556324
3.81063545186771,0.00267558521591127,3.29291193652898,0.0774539859266952,0.235380660742521,0.0230796970427036,8.99538689549081,0.0520904737059027,7.87931055488298,0.00219860760262236,11.4659953112714,0.000660938560031354,0,0.0215707963798195,13.3744597667828,0.00429711473407224,1.52728613000363,0.00403090368490666,0.249724971479736,0.0241360405925661,0.0312500001164153,0.00185701018199325,0.320878089725738,0.169897372834384,0.0854494163068011,0.0413223140640184,0.030200076289475,0.0274294664268382,5.1810698020272,0.010480887547601,0.618646945687942,0.0862927350681275,0.167711138376035,0.0306286955019459,0.019810508703813,0.00448028673417866,0.136059480195399,0,0.135294120293111,0.00495926314033568,0.0457089541596361,0.000935016374569386,0.0464739279123023,0.000589970499277115,0.00948766566580161,0.000651465787086636,0.0565291149541736,0,0.0209671973134391,0,0.0875224437913857,0.000555555569007993,0.0222634506644681,0,0.0456621003104374,0.00461301917675883,1.95167509251041,0.00250260683242232,0.110019642161205,0.000543625967111439,0.780130707193166,0.000669344037305564,0.933197731152177,0.000583941582590342,0.101256980269682,0,0.0489403535611928,0.00967245560605079,0.0632244494045153,0.0108485082164407,2.00072222447488,0.0452719976892695,2.42470762040466,0.00708466162905097,0.624314460437745,0.00649049587082118,0.716460162540898,0.0271914122859016,0.105213718488812,0.000932400929741561,0.958948219602462,0.00232018559472635,2.48250095575349,0,0.678737725596875,0.00150602404028177,0.131568701937795,0.00206753960810602,0.164158683037385,0.000430200045229867,0.0174503145972267,0.0913064571795985
0.00650860066525638,1.94905070893583,0.175688074785285,2.6046605957381,0.00167014612816274,0.323397314641625,0.0496987933292985,8.89658922769013,0.000853242294397205,0.155509360949509,0.00162932788953185,12.9393037483678,0.0215707963798195,0,0.000685400969814509,1.06543970864732,0.0033500837162137,1.39087823132286,0.747584530967288,1.70258880034089,0.0313174937618896,0.0371584712993354,0.446690247859806,1.01507536601275,0.00649049587082118,0.0479041924700141,0.00430107524152845,0.0412926401477307,0.0175438597798347,9.158219421166,1.13033622410148,2.39642988389824,0.170465802541003,0.948204780172091,0.0240240236744285,0.0104821799322963,0.0202874047681689,0.043771042721346,0.0100166941992939,0.00960384146310389,0.00439560459926724,0.00771349889691919,0.00473793316632509,0.0195694720605388,0.00422832963522524,0.00801165361190215,0.00871188577730209,0.0116959062870592,0,0.00372162263374776,0,0.00732600758783519,0,0.000831946730613708,0.00353045028168708,0.0346562321064994,0.00217344058910385,0.790874512400478,0.00432232185266912,0.0202682568924502,0.00514138815924525,0.0382882892154157,0.00228571426123381,0.271525306859985,0.0031496062874794,0.0557608343078755,0.0291558898170479,0.0833136099390686,0.087197779212147,0.2295081904158,0.135787323699333,2.63933748618001,0.0165837479289621,1.94957981701009,0.0343347638845444,0.342607752885669,0.166333466768265,0.318089850945398,0,0.101043384056538,0.00176315009593964,0.196186654211488,0,0.0909090880304575,0.000730593630578369,0.0998396147042513,0,0.051202483009547,0.00295420980546623,0.0305202305316925,0.296722262632102,0.220172913046554
0.422606945503503,0,0.813346717332024,0.0287737933103926,3.46462127950508,0.0549397588474676,1.74929115516716,0.00817438680678606,22.4649751894176,0.00689315621275455,1.91158097953303,0,13.3744597667828,0.000685400969814509,0,0.00468750006984919,1.30486593372189,0.00263273360906169,0.0285908791702241,0.00203527818666771,0.209742887527682,0.00412087922450155,0.190848222817294,0.081138790701516,0.711161000886932,0.0916496990248561,0.936955450568348,0.062567419372499,8.76331372372806,0.00471327581908554,1.45710515649989,0.0751619890797883,0.071617036301177,0.00595238077221438,0.01477832486853,0.00391134282108396,0.566265039145947,0.000999000971205533,0.171117697493173,0.00282352947397158,1.41493779409211,0,0.0879120854660869,0.000742942036595196,0.0178571428405121,0.000843170331791043,0.131690136215184,0.00131319765932858,0.0478087642695755,0,0.18041512160562,0,0.0741111680399626,0,0.142809914890677,0.00187265913700685,0.294771702814614,0.0024408103490714,0.0586387440562248,0,0.207866966957226,0.000873362470883876,0.262994229327887,0.000733406690414995,0.108033242519014,0.00307337683625519,0.0489816983463243,0.00571280193980783,0.00837598869111389,0.00637280917726457,3.306615261361,0.0176384118385613,2.44847890629899,0.00752941193059087,0.316778535954654,0.00274160387925804,0.335684066230897,0.0133524085395038,0.152341019245796,0,1.46318911900744,0.000553709862288088,11.8592427968979,0.00353045016527176,0.741423267929349,0.000866926740854979,1.83110644784756,0.000907441019080579,0.547180050518364,0.000506200944073498,0.0058608059771359,0.0367376924259588
0.0010141987586394,0.188798325601965,0.052973514655605,0.782973081368254,0.0373097679112107,12.0468675962184,0.0193782798014581,1.95032986905426,0.0171198388561606,7.31118710222654,0,0.832764479331672,0.00429711473407224,1.06543970864732,0.00468750006984919,0,0.00886699534021318,0.762527255574241,0.0704129976220429,0.159919023164548,0.362784468219616,1.08152175927535,0.156666670460254,0.466383566672448,0.421345185372047,1.91111119743437,0.231825104914606,2.19465244933963,0.0176470591686666,13.6291957114008,0.71297512203455,1.67653373337816,0.08842262707185,0.117763162939809,0.092682926915586,0.0683870994253084,0.00796812772750854,1.22596633795183,0.00392541708424687,0.852872477204073,0.00547195645049214,0.584763196762651,0.0967207649955526,0.347858190885745,0.0427419348270632,0.24204354849644,0.106442579533905,0.544088808470406,0.000879120896570385,0.0420781463035382,0.00317965017165989,0.0246744349133223,0,0.000977517105638981,0.0013153568143025,0.522981356596574,0.0037709167227149,0.181376126594841,0.00902464450336993,0.0246913583832793,0.0127266941126436,0.0294882919406518,0.00264666957082227,0.105723664164543,0.0045829513692297,0.0862924756365828,0.0898587939445861,0.410137045488227,0.040646651526913,0.183254346717149,0.305701958830468,2.54642689885804,0.0146056478843093,4.34563281922601,0.014608234167099,0.825762716238387,0.137190856738016,0.975863693514839,0.00414651003666222,0.225563901476562,0.00656814430840313,0.475192959536798,0.00176912872120738,3.65819458512124,0.00234512414317578,0.379697634489276,0,2.74774781428277,0.00215982715599239,0.177968236559536,0.467776974895969,0.0842411040794104
2.52913466194877,0.00859686813782901,0.329282409860753,0.00401203613728285,0.0482897367328405,0.0103559866547585,0.34392014623154,0.00303819446708076,0.201388893765397,0,7.21341047435999,0.0011123470030725,1.52728613000363,0.0033500837162137,1.30486593372189,0.00886699534021318,0,0.0114351056981832,0.0581395335029811,0.00827129872050136,0.0147679317742586,0.00431965431198478,0.0216110020992346,0.00789473700569943,0.00638467678800225,0.00139470014255494,0.00844475696794689,0.00302114803344011,5.26494925032603,0.0248015887336805,0.0722891560290009,0.0112044822890311,0.552048982703127,0.0938251800835133,0.712979910895228,0.42430280148983,0.588235318427905,0.0828804363263771,0.191689014201984,0.0075235110707581,0.093886464368552,0.0109769485425204,0.703598867403343,0.0416281222715043,0.657704232260585,0.0347448438405991,0.250216456712224,0.0206677268724889,0.948525182902813,0.00224341009743512,1.64312271005474,0.00252951099537313,0.230402189074084,0,0.191583163221367,0.0314136135857552,4.80605875398032,0.0213064193958417,0.952462502289563,0.00244798039784655,1.85521755774971,0.00681818160228431,2.82045315066352,0.0100136547698639,1.04156483849511,0.0212252775672823,0.790086599474307,0.198735311860219,0.0852378029376268,0.0443458976224065,0.56197274941951,0.0383851750520989,1.96551720751449,0.0326018813066185,0.568750029662624,0.023681377293542,1.1045710996259,0.432673888164572,3.38956726086326,0.0130861499346793,8.79951974056894,0.0142764439806342,5.36559743527323,0.00345622119493783,1.09341501098243,0.0132223307155073,0.186428034794517,0.00238948618061841,0.324255853891373,0.00643086794298142,0.0431137732230127,0.0938628183212131
0.00655200658366084,2.39409419801086,0.00859983917325735,0.134023041900946,0.00113895221147686,0.141436457633972,0.00171196227893233,0.234352548373863,0,0.0475651177112013,0,6.9549198289169,0.00403090368490666,1.39087823132286,0.00263273360906169,0.762527255574241,0.0114351056981832,0,0.0456416020751931,0.196794628165662,0.0379225066863,0.0554156162543222,0.0204880988458171,0.0353634590283036,0.0144927537767217,0.0506180081283674,0.00593119824770838,0.0490874763345346,0.0434604358160868,14.0990794356912,0.0886454209685326,0.163902439177036,0.348408706486225,0.49003262934275,0.323767475783825,0.176516942679882,0.0289519404759631,0.147380545735359,0.0102447350509465,0.0430107535794377,0.0118543604621664,0.0289115640334785,0.0146092043723911,0.0947672012262046,0.0136425645905547,0.147128617973067,0.0116504856850952,0.0618482569698244,0.00300902710296214,0.0439453125,0.00687088491395116,0.0371634431066923,0,0,0.00507246394408867,0.106158554088324,0.0166582540841773,1.97494785161689,0.0376923077274114,0.0780559648992494,0.0272536685806699,0.126419752836227,0.0161127895116806,7.4467912496184,0.0126249343156815,0.216424298123457,0.231322645093314,0.773006160976365,0.0774946961319074,0.525339919840917,0.196013291249983,1.44144147634506,0.0157924429513514,5.90967754181474,0.0261224489659071,0.917922938242555,0.194414612837136,0.987991282017902,0.00686106365174055,16.5313025377691,0.0166425465140492,6.39438327820972,0.00303030316717923,0.667666184715927,0.0078577337844763,0.440561039547902,0.00249065994285047,0.139247038168833,0.00934852473437786,0.0884427561541088,0.681818186421879,0.131386860273778
2.48125864454778,0.236307101906277,10.5287669553654,1.39698692222009,0.00993788824416697,0.0486026715952903,0.879219810478389,1.01879972405732,0.00930626038461924,0.0296907210722566,0.267474755703006,0.362968401168473,0.249724971479736,0.747584530967288,0.0285908791702241,0.0704129976220429,0.0581395335029811,0.0456416020751931,0,12.3435063834768,0.0202991463011131,0.0140540543943644,8.34389187139459,2.1242196810781,0.0156178229954094,0.0152671756222844,0.00597014906816185,0.0115658362046815,0.351194318383932,0.30544218106661,7.24334431398893,3.25581407581922,15.5136203567963,12.3698071134277,0.328047581133433,0.078838178422302,0.0771165133919567,0.0166944903321564,0.0422185430070385,0.00952759059146047,0.0206521729705855,0.004359673243016,0,0.00388852867763489,0.000699790078215301,0.00506146065890789,0.00865800899919122,0.00639534881338477,0.00150772708002478,0.00073882524156943,0.00963391154073179,0.00182038836646825,0,0,0.0122842941200361,0.0133407446555793,0.286950881156372,0.126029837236274,0.142374960239977,0.00711111095733941,0.0568020448554307,0.0119225038215518,0.0347826079232618,0.0506247994489968,0.013281250197906,0.0106773441657424,0.405335823015776,0.314723208779469,7.47070412046742,0.736056222114712,1.80202840606216,1.94907604297623,0.422697371570393,0.562921810778789,0.154989392263815,0.54506205546204,0.437921449542046,0.88719388935715,0.00547945208381861,0.010863661300391,0.0169442010810599,0.0304543185629882,0.0174308447167277,0.011278195597697,0.0149226566718426,0.0255591049790382,0,0.0069284062483348,0.0107790294568986,0.00644418876618147,0.823195026721805,0.445584034197964
0.0715604811557569,2.89572886796668,0.366742588666966,8.98374655173393,0.00164948450401425,0.0903590153902769,0.058030700602103,3.36485017219093,0.00168491993099451,0.0394250527024269,0.0128772631287575,1.14641288446728,0.0241360405925661,1.70258880034089,0.00203527818666771,0.159919023164548,0.00827129872050136,0.196794628165662,12.3435063834768,0,0.0818278418155387,0.0548387108137831,0.67652959364932,2.91785945784068,0.00548696843907237,0.0185810815310106,0.00254777062218636,0.0248007080517709,0.04890604945831,0.746440681919921,1.6525962385349,1.9852887604502,3.41969251655973,7.2584598151152,0.134122289717197,0.0299277619924396,0.0893155232770368,0.0382377402856946,0.0816158296074718,0.0284697501920164,0.0259459465742111,0.00867208652198315,0.00176108011510223,0.0129198969807476,0.00139470014255494,0.0136887604021467,0.0154130699229427,0.00985507201403379,0,0.0110415901872329,0.00240269102505408,0.010889291879721,0,0,0.0320793240098283,0.0654101989930496,0.0393003680801485,0.722950454044621,0.0293667800724506,0.0514032475766726,0.0192579999566078,0.0720118803437799,0.00828625232679769,0.146279142587446,0.00700389104895294,0.129697371739894,0.516927380289417,0.547591059003025,4.1919311900856,5.36073473922443,0.749090932135005,4.12024547875626,0.0843570847646333,1.74139972007833,0.171066532144323,1.53623184480239,0.668510449351743,2.01279488392174,0.002179836621508,0.0497028643731028,0.00815613206941634,0.130976099520922,0.0030200076289475,0.0397003749385476,0.00581289734691381,0.0880829028028529,0.00175824179314077,0.0283742324681953,0.0229716519825161,0.0211251440923661,1.84397972980514,0.916713887476362
0.0216631724615581,0.0271958833327517,0.0267123294761404,0.109501735190861,0.138219896703959,1.50247774319723,0.0201446272549219,0.0643418490653858,0.0420353980734944,0.161658037919551,0.0118226604536176,0.0253565777093172,0.0312500001164153,0.0313174937618896,0.209742887527682,0.362784468219616,0.0147679317742586,0.0379225066863,0.0202991463011131,0.0818278418155387,0,3.78461550269276,0.0579825271270238,0.172018341254443,2.10320781497285,3.73496670112945,1.28587573510595,2.7664974052459,1.17216121405363,0.178378382697701,2.62468936108053,2.66933541663457,0.0264650273602456,0.0858018421567976,0.0215053763240576,0.0213675224222243,0.412526986794546,0.14957265695557,0.343096225522459,0.152974502183497,3.68947384227067,0.218666664324701,0.0134228186216205,0.0270602700766176,0,0.022970904246904,0.0620067614363506,0.0404040422290564,0,0.00641539692878723,0.00445765221957117,0.00108932459261268,0.00429645553231239,0,0.0918836169876158,0.114125350024551,0.00885795627254993,0.0257340803509578,0.00555864360649139,0.00417754566296935,0.00776322185993195,0.00163398694712669,0.0050632911734283,0.00842865742743015,0.00181818183045834,0.0156148346140981,0.0177746172994375,0.049551164964214,0.0277008314151317,0.0587515309453011,6.03383112885058,2.71794861764647,0.364197519840673,0.655335213057697,0.745283029973507,1.19083969853818,0.767200747039169,0.663433572510257,0.0219178088009357,0.0209973752498627,0.0326031595468521,0.0204241952160373,2.1357082342729,0.14666667021811,0.031226767168846,0.0174746327684261,0.226086952257901,0.196836557239294,0.0701754407491535,0.0124783362261951,1.25752507336438,2.06779658561572
0.000704225327353925,0.032604668289423,0.0144927530782297,0.148688040208071,0.040728829568252,5.50962540437467,0.00623376597650349,0.0691358023323119,0.022675737272948,0.42417817749083,0.00402819737792015,0.0274193544173613,0.00185701018199325,0.0371584712993354,0.00412087922450155,1.08152175927535,0.00431965431198478,0.0554156162543222,0.0140540543943644,0.0548387108137831,3.78461550269276,0,0.0432692313333973,0.146341460058466,0.627338123507798,1.77397252921946,0.196987248491496,6.81984344683588,0.02351485111285,0.382716048625298,1.32827005116269,1.78321103588678,0.0613418519496918,0.0805785090196878,0.0708955207373947,0.0852017980068922,0.0265486724674702,1.67177244834602,0.0428265519440174,5.2439729666803,0.016759776044637,6.7818695968017,0.0156657962361351,0.0773067357949913,0.00872093020007014,0.0654205586761236,0.036529678851366,0.107252302695997,0,0.0146938775433227,0.00149812735617161,0.00441014347597957,0,0.00212314235977829,0.0123902941122651,0.470699444180354,0.00573431036900729,0.0438683942193165,0.00112549238838255,0.012678287923336,0.006866111070849,0.00665557384490967,0.00343938102014363,0.0219646117184311,0.00742115033790469,0.030363037250936,0.0286635616794229,0.115092295221984,0.0150801129639149,0.085534589830786,2.01627672626637,8.02938045747578,0.0505263134837151,1.02410799753852,0.179104473441839,2.86792446486652,0.383060634601861,1.00891975103877,0,0.0445682443678379,0,0.0419968318310566,0.00345721701160073,0.651952475309372,0.00199352111667395,0.0346001132274978,0.00255427835509181,1.86917562549934,0.00769230769947171,0.0789381783688441,8.17328514717519,1.05494505912066
0.0636070860200562,0.0397762572392821,6.27894955288502,2.43252976099029,0.827834014082327,0.356982356403023,1.47306792752352,1.36257686256431,0.178073082352057,0.0892217539367266,0.0339634730480611,0.0540380071033724,0.320878089725738,0.446690247859806,0.190848222817294,0.156666670460254,0.0216110020992346,0.0204880988458171,8.34389187139459,0.67652959364932,0.0579825271270238,0.0432692313333973,0,14.8498695170274,1.78604319668375,0.594540588499513,0.17920427559875,0.0946786458371207,0.16292735846946,0.282208598451689,11.2049504733877,4.40894199931063,5.7790414475603,1.36220471933484,0.317567575257272,0.0574980587698519,0.0336411623284221,0.0151216311496682,0.0124101889086887,0.00821484957123175,0.00321802101098001,0.00161225313786417,0.00197872868739069,0.0064308678265661,0.00228310492821038,0.00879249681020156,0.00360824755625799,0.0107684775721282,0.000606244313530624,0.00119296147022396,0.00958732780418359,0.00101471331436187,0.00131708919070661,0,0.00344403437338769,0.00989632413256913,0.0478450725786388,0.0342612424865365,0.0384122933610342,0.00149216613499448,0.0244780415960122,0.00180180184543133,0.0158006683923304,0.0153968671220355,0.00499064242467284,0.00494098261697218,0.12970116068027,0.0879165784863289,0.284728743718006,0.113581939483993,0.45194470952265,0.921778611373156,0.105263158679008,0.202843593258876,0.0403162047732621,0.0504201676812954,0.158509635482915,0.155562645988539,0.00566572253592312,0.00402090867282823,0.0152371591539122,0.0146173693356104,0.0249619494425133,0.02419842639938,0.00977039599092677,0.00848956522531807,0.00480934383813292,0.0265104802674614,0.00338409468531609,0.0040072129922919,0.0374220387311652,0.109954186482355
0.00810681947041303,0.0883296291576698,1.80856066101114,15.2048493744223,0.162658509216271,1.67876970022917,0.537663327821065,3.64544768381165,0.157423968426883,0.425772752612829,0.01278227486182,0.0986892804503441,0.169897372834384,1.01507536601275,0.081138790701516,0.466383566672448,0.00789473700569943,0.0353634590283036,2.1242196810781,2.91785945784068,0.172018341254443,0.146341460058466,14.8498695170274,0,0.832601269008592,0.669058277504519,0.0405953984591179,0.199056606739759,0.0848484813468531,0.657183492556214,4.40173299238086,5.92638505995274,0.920178153028246,0.435866241634358,0.0888888901099563,0.0200000004842877,0.0248007080517709,0.0396825384814292,0.0131118879653513,0.0125470515922643,0.00467289704829454,0.0199179849587381,0.00428265542723238,0.0135226501151919,0.00293040298856795,0.00909780152142048,0.00901481043547392,0.016908212332055,0,0.0015509887598455,0.00149105361197144,0.00189393939217553,0,0,0.00486174412071705,0.0230547552928329,0.0097930115298368,0.0495072186458856,0.00255509419366717,0.000615953176748008,0.00235779536888003,0.00469483563210815,0.00238379021175206,0.0193785501760431,0.00164473685435951,0.00906239094911143,0.0308805797249079,0.0505222256761044,0.0695652177091688,0.0632852478884161,0.307231488521211,2.51408754847944,0.0399305558530614,0.543705568998121,0.033029614132829,0.148405790328979,0.246552437311038,0.248836221755482,0.00117855041753501,0.00700525380671024,0.00546282262075692,0.0226921099238098,0.0143369174329564,0.0679304905934259,0.0022358859423548,0.0196721311658621,0.0028076742310077,0.0704453428625129,0.00252908444963396,0.00663979136152193,0.0821581861237064,0.24216348619666
