0,0.0790371107577812,6.3815765180625,0.0774217441794463,0.0247295200824738,0.0115081763942726,9.96456384682097,0.0638844324857928,0.0681037185713649,0.0030293851159513,7.86453014076687,0.0469536047894508,4.78135716542602,0.0272174964193255,0.550617957953364,0.00421052612364292,2.61571124382317,0.0464720878517255,2.77292372379452,0.481077318545431,0.031746031716466,0.00656694662757218,0.146392618131358,0.0488040595664643,0.00388098321855068,0.00188028824049979,0.0255054422304966,0.00325839035212994,3.42429821903352,0.0419906678725965,0.571592885768041,0.0438571823760867,1.90466329292394,0.631081708008423,0.0647359481081367,0.0143112696241587,0.851965585898142,0.00743724801577628,0.431797098251991,0.0160523184458725,0.335900264210068,0.00655737711349502,0.0120394892292097,0,0.0125204130890779,0.00110344833228737,0.0652173939161003,0.00566171261016279,0.008525149023626,0.00168634060537443,0.0356059086043388,0.000489596102852374,0.00681747734779492,0,0.0814309245324694,0.0510715902782977,19.1985712036549,0.0504708096268587,0.383833397179842,0.00145525101106614,1.86784143187106,0.00568504852708429,2.43953487463295,0.0229770223377272,0.273980629572179,0.00575765513349324,0.292068497161381,0.0552284254226834,3.66064363508485,0.27110135089606,1.29901353310561,0.21183028165251,5.99820182891563,0.0765550211071968,1.02285092405509,0.0275362328393385,0.987190922431182,0.154954958707094,0.121700879652053,0.00507430237485096,0.971659932984039,0.0115654685068876,0.912882030941546,0.00684150494635105,0.66896666912362,0.00209973746677861,0.136290580965579,0.00583941582590342,0.118828109407332,0.0011732499115169,0.131172255962156,0.040847199736163
0.0790371107577812,0,0.0564648127765395,4.31504757283255,0.00324044056469575,0.105296543915756,0.00950764026492834,3.12645950535079,0.00327654008287936,0.0266497456468642,0.0050664977170527,7.26567525800783,0.00331125827506185,1.10690872679697,0.00218938151374459,0.082169272354804,0.0139771277317777,1.66331359843025,0.634802100830711,3.44492551119765,0.0701486866455525,0.0671296301297843,0.0385364801040851,0.0837092707515694,0.00883452297421172,0.0197238667169586,0.00130463147070259,0.0260273979511112,0.0469688671873882,1.07252628647257,0.0823069970938377,0.183098594192415,0.302883308497258,1.38212979835225,0.0193826272152364,0.0128495844546705,0.066301898623351,0.124756336212158,0.0609597924631089,0.0261275261873379,0.0186190847307444,0.028505393944215,0.00349650339921936,0.00863930862396955,0.0045390073210001,0.00805523595772684,0.0107719929073937,0.00831295840907842,0,0.00528014061274007,0.00208594079595059,0.00508130062371492,0,0,0.0146341463550925,0.0443710161489435,0.100212807883509,9.84034131874796,0.0205973233096302,0.0312028166372329,0.0158501436235383,0.337192031554878,0.0170161044225097,1.07548638107255,0.00552147236885503,0.171023961040191,0.0490673139283899,0.371021771570668,0.553492462844588,3.85055947781075,0.23134088225197,0.913636346405838,0.0570890834205784,1.52989049488679,0.037576686241664,0.238222908170428,0.17394015553873,0.746934894472361,0,0.0735632199794054,0.0113580246688798,0.297038142976817,0.00596658734139055,0.0726406668545678,0.00673627480864525,0.0729428687191103,0.00270087784156203,0.0586080607026815,0.00760777678806335,0.0108761330775451,0.484025550540537,0.0985971927875653
6.3815765180625,0.0564648127765395,0,0.671821951633319,1.9490120948758,0.279563177376986,22.6146088067908,1.00929394087871,0.465850501146633,0.0692883880692534,1.97133950144053,0.15742603270337,4.09485993845738,0.276256842480507,0.941176460124552,0.0453686183318496,0.506249988684431,0.0227272732299753,17.2238880990772,0.838479805388488,0.0276635513873771,0.018910740618594,9.32091624793247,2.15883213974303,0.201669453759678,0.117647062405013,0.0846696628723294,0.0343203224474564,2.81367784191389,0.147833030321635,8.10411090496927,0.969364140182734,6.81690143642481,0.599951643496752,0.41155741782859,0.0185322467586957,0.766065214411356,0.0159744406118989,0.277423463703599,0.0122436485253274,0.152091251220554,0.00377643504180014,0.00887573976069689,0.00266240676864982,0.0162147054215893,0.0028344671591185,0.0359402670292184,0.00820859512896277,0.00759789574658498,0.00173360301414505,0.0297152297571301,0.000501504517160356,0.00638977624475956,0,0.045761079818476,0.0349731875758152,1.89427309393068,0.0387492801528424,0.240853649564087,0.00149031303590164,0.19497153541306,0.00584624358452857,0.306909961800557,0.0143332472071052,0.0712560376850888,0.00483351247385144,0.410914927721024,0.0389395201927982,1.39970969111891,0.10226536821574,2.24785514432006,0.664750941912644,3.99691376078408,0.215583611861803,0.593233088438865,0.0240330453962088,0.956441713671666,0.187442006834317,0.0585328786401078,0.00676183321047574,0.295953194494359,0.0134878819808364,0.462397171068005,0.0199355036020279,0.176293827127665,0.00355998578015715,0.0736562713282183,0.0144230774603784,0.0459866216988303,0.00039864459540695,0.091549294826109,0.0777385152177885
0.0774217441794463,4.31504757283255,0.671821951633319,0,0.0605714279226959,2.12671707285335,0.242703040712513,17.8183218985214,0.0698211165727116,0.217610779451206,0.0257558799348772,1.48477743723197,0.0840155100740958,1.9890410641674,0.0481809260090813,0.275030744960532,0.012352611287497,0.152345811016858,1.43714733608067,12.691601284052,0.0810009852284566,0.0785096449544653,2.6997813640628,15.0440512954374,0.0774501025443897,0.632523152860813,0.0373563216999173,0.113977200817317,0.0804710502270609,0.699490652652457,1.36361201666296,3.61957086209441,0.439757573447423,0.909535444050562,0.0456249989802018,0.0124183010193519,0.0857710877317004,0.0738831650814973,0.0640365919098258,0.0275558006251231,0.0227272731717676,0.0318936863914132,0.00769578988547437,0.0106847981805913,0.00406194478273392,0.0128534709801897,0.0204034317284822,0.0226465369050857,0,0.00366204569581896,0.000768049154430628,0.00229885059525259,0,0,0.0115197161212564,0.0309610844124109,0.040480029216269,0.586188362678513,0.00791065598605201,0.0109389242716134,0.00873744022101164,0.0777160948491655,0.0070175442378968,0.223940030904487,0.00272182893240824,0.0513950065942481,0.0258136929769535,0.0978805397753604,0.254268462536857,0.714947837172076,0.373325735272374,2.23354315687902,0.0971682369709015,1.30728729011025,0.062210456118919,0.20099173206836,0.396466027130373,0.793324038153514,0.00200467760441825,0.0224867718061432,0.0107526881620288,0.101821027928963,0.00690387660870329,0.107606676523574,0.0066120904230047,0.0314381262869574,0.00059241708368063,0.0823848219588399,0.0139914499595761,0.00892359204590321,0.397532562492415,0.184943276748527
0.0247295200824738,0.00324044056469575,1.9490120948758,0.0605714279226959,0,0.842480423860252,0.23913042867207,0.0281690132105723,8.98310291022062,0.0870185473468155,0.0610795472748578,0.00238237041048706,0.268765125365462,0.000902527070138603,4.40861367119942,0.077853761613369,0.0529327624244615,0,0.029995588469319,0.00747508287895471,0.190148920984939,0.104513068683445,1.58661552309059,0.347321430512238,3.59932944027241,0.842105239629745,3.68541037896648,0.598290603375062,1.24895394290797,0.0449208794161677,5.13996193394996,0.525934867095202,0.184599702479318,0.00599571719067171,0.0212355208350345,0,0.109064115211368,0.0105421682819724,0.00599700165912509,0.00546075077727437,0.178743958938867,0.00236406619660556,0.00443655735580251,0.00102354143746197,0.00338028185069561,0,0.0186133082024753,0.0034188034478575,0.00246913591399789,0.00120554550085217,0.00459921144647524,0.00091491307830438,0.00451807212084532,0,0.005957446701359,0.00402090867282823,0.0368528823601082,0.000586338341236115,0.0121836927719414,0,0.0115990060148761,0.00123533047735691,0.0116807268932462,0.000950118759647012,0.013245033333078,0.00312174833379686,0.013199245906435,0.00462656992021948,0.00852099782787263,0.00931677035987377,3.66245354886632,0.123308271868154,0.408901256974787,0.0456747411517426,0.0396270405035466,0,0.0534979422809556,0.023759608506225,0.036188178928569,0.00232558138668537,0.0913043497712351,0.00271831476129591,0.41573032841552,0.0298321936279535,0.0477554916869849,0.000524108996614814,0.108910894487053,0.0262123206630349,0.028169013094157,0.00248833582736552,0.0132625992409885,0.01073825545609
0.0115081763942726,0.105296543915756,0.279563177376986,2.12671707285335,0.842480423860252,0,0.115521750063635,1.16734877679846,0.803506240481511,7.43362858425826,0.0135593221057206,0.126002297038212,0.0872298656031489,0.127025845577009,0.300355141051114,8.08028425183147,0.0204778154147789,0.173246911377646,0.130248500034213,0.229494956554845,3.57234031241387,5.52255223272368,0.87738418392837,3.28045078739524,2.80000003846362,16.2310522291809,3.68040496483445,20.691996735055,0.125315816141665,3.6317869812483,3.78736345621292,4.98782585933805,0.104536490514874,0.108243129798211,0.0616500452160835,0.0809968882240355,0.0449438206851482,1.65161284804344,0.0328336898237467,3.12924286792986,0.0290502784773707,1.81161014921963,0.0680741055984981,0.0969816867727786,0.0390879493206739,0.0803123284131289,0.0658844761201181,0.198587446822785,0,0.0231749704107642,0.00257152039557695,0.0115401689545251,0,0,0.00330988829955459,0.998433830682188,0.0206540445797145,0.101207593455911,0.00999545661034063,0.00349192484281957,0.00806126568932086,0.0284697515890002,0.0087064674589783,0.0644567230483517,0.0139505392871797,0.0402212189510465,0.0720221594092436,0.199159390060231,0.0619883033214137,0.22878228337504,2.46883849357255,6.90050089498982,0.0598006619838998,3.26719566830434,0.131891895085573,1.02155172033235,0.344918033108115,1.61949272663333,0.00892857182770967,0.0323624582961202,0.015209125704132,0.196677732747048,0.0287597374990582,2.29474949149881,0.00846063438802958,0.0515065679792315,0.0093823301140219,4.24482114391867,0.00393571669701487,0.194393655634485,3.53714998159558,0.302955659804866
9.96456384682097,0.00950764026492834,22.6146088067908,0.242703040712513,0.23913042867207,0.115521750063635,0,0.366923608497018,0.895275220042095,0.0266286265105009,4.75308629829669,0.0347981262020767,12.4138580675935,0.0996015951386653,1.16227693855762,0.0170031876768917,0.41028082970297,0.00992331962333992,1.51252223513438,0.181887945451308,0.0119662765646353,0.00603401014814153,2.03243434720207,0.785487701767124,0.0590442840475589,0.0498046875,0.0441747582226526,0.0216406631516293,2.72307040751912,0.0592063836520538,2.30344506190158,0.358135362388566,0.999370409292169,0.105467993125785,0.0786458374350332,0.00432432442903519,0.356645037245471,0.00726040670997463,0.195746736426372,0.00421644409652799,0.0699339178390801,0.00109589041676372,0.00909450353356078,0.00252206803997979,0.00742520185303874,0.000441501091700047,0.0318998589063995,0.00155520997941494,0.00587703450582922,0,0.0225718203582801,0,0.00774443382397294,0,0.0228948392905295,0.0158760157646611,1.41989390767412,0.012228479841724,0.0866747643449344,0.000397772470023483,0.462246086157393,0.000904363580048084,0.643037979025394,0.00407414947403595,0.100139079149812,0.00380871767993085,0.100902106089052,0.0168096050911117,0.123229144897778,0.0273704789578915,1.52759700050228,0.22835026984103,2.96133892674698,0.0607201691600494,0.427089001634158,0.0120054568396881,0.687939946015831,0.0505312873574439,0.0291769874747843,0.00109170307405293,0.353448267385829,0.00487210717983544,0.46618249223684,0.00634489028016105,0.393592659384012,0.00090634444495663,0.0692231096327305,0.00508083144086413,0.0383684759144671,0.000996843329630792,0.0427206286694854,0.0231051006703638
0.0638844324857928,3.12645950535079,1.00929394087871,17.8183218985214,0.0281690132105723,1.16734877679846,0.366923608497018,0,0.0307191060273908,1.02524449542398,0.0263456726097502,5.82627290766686,0.112552527920343,10.4194975406863,0.0306184942019172,0.627859484433429,0.0145686315372586,0.204108104808256,1.82934249931714,5.28928371224902,0.0635987583082169,0.045869171153754,3.43519783718511,6.54746913176496,0.0420248326845467,0.235595992999151,0.0213407566770911,0.0595438170712441,0.0774403926334344,1.23536533734296,2.14954094437417,4.60090270545334,0.564164632523898,1.06866791844368,0.0734309141989797,0.0159342079423368,0.0395220589707606,0.0906777688069269,0.040656040655449,0.020627802121453,0.0125555852428079,0.0135381411528215,0.0148599735111929,0.0149525159504265,0.00587002100655809,0.0152510058833286,0.0171073097735643,0.0311152774083894,0.000866738904733211,0.00472711632028222,0.000662361329887062,0.0019301293650642,0,0,0.00636108528124169,0.0357533760834485,0.0361708748387173,0.685919428855414,0.00701891194330528,0.00536501238821074,0.00850434487801977,0.0888599909376353,0.00749559060204774,0.36156862200005,0.00443951168563217,0.0597925555484835,0.0433867575484328,0.118252786342055,0.149202247092035,0.357226238411386,0.34423963536392,2.14705197513103,0.0821114348364063,1.17297300137579,0.0399688574834727,0.100622411933728,0.337749824393541,0.441030262038112,0.00156903761671856,0.0311284046620131,0.00679886707803234,0.158302458003163,0.0134870568872429,0.116420507663861,0.00361965736374259,0.0358244010712951,0.00237699074205011,0.0721079397189897,0.00234231216018088,0.00869565195171162,0.156841826043092,0.15454545756802
0.0681037185713649,0.00327654008287936,0.465850501146633,0.0698211165727116,8.98310291022062,0.803506240481511,0.895275220042095,0.0307191060273908,0,0.0877192988991737,0.219796218909323,0.0060790270799771,3.2389525937615,0.000916590273845941,25.3165780352429,0.0867702180985361,0.224340175744146,0.00375939847435802,0.0143304970115423,0.00926705962046981,0.216924909269437,0.111386136850342,0.374603169446345,0.304623752832413,1.68075933051296,0.809220998315141,1.85179407219402,0.632042241748422,3.55591048020869,0.0519480498041958,2.36375395394862,0.480295558227226,0.0280228344490752,0.00695349834859371,0.00998003990389407,0.00928074214607477,0.0770975067280233,0.0108191650360823,0.0338461538776755,0.00279524805955589,0.0277078074868768,0.00738916243426502,0.016216216608882,0.00104166672099382,0.0034462952753529,0.00354609929490834,0.0482269498170353,0.00346921081654727,0.0126103404909372,0,0.0239202647935599,0,0.0108191650360823,0,0.032815198530443,0.00244598445715383,0.086262921220623,0.00355344987474382,0.0133333331905305,0,0.0268907565623522,0.00252365926280618,0.0796284014359117,0.00289715122198686,0.0691056924406439,0.00105932203587145,0.0196950436220504,0.00401069526560605,0.00497203227132559,0.00956937787123024,3.81540820247028,0.149691359139979,0.95014244527556,0.0524450737284496,0.155339807271957,0.0169286583550274,0.126404495676979,0.0314960621763021,0.0679245272185653,0,0.284201238304377,0.00412512884940952,1.09948977339081,0.0419047601753846,0.110736639180686,0.00105764146428555,0.314091687323526,0.029490617569536,0.0407055637333542,0.00125746615231037,0.0194444449152797,0.0112517578527331
0.0030293851159513,0.0266497456468642,0.0692883880692534,0.217610779451206,0.0870185473468155,7.43362858425826,0.0266286265105009,1.02524449542398,0.0877192988991737,0,0,0.0492836664197966,0.00943396193906665,0.0718667838955298,0.0355329958256334,4.36197236878797,0.00409836054313928,0.0448113214224577,0.0402914698934183,0.0614389651454985,0.230031944811344,0.301762102171779,0.203747878782451,0.492627935949713,0.196981735993177,1.57437408447731,0.244573074858636,1.50000004994217,0.0202224473468959,1.31654320727102,0.402431592694484,1.04408349143341,0.0256536749657243,0.0316534779267386,0.0127041742671281,0.00623700628057122,0.00140548136550933,0.196556672570296,0.00142857141327113,0.097975175594911,0.00671140942722559,0.138157895766199,0.0181034482084215,0.0188118817750365,0.00760456291027367,0.0167410721769556,0.01625282142777,0.0448877820745111,0,0.00579710118472576,0.000643086794298142,0.00621669640531763,0,0,0,0.0595378004945815,0.00172166421543807,0.0322116767056286,0.000909090915229172,0,0.000806451600510627,0.00356083083897829,0,0.0184246886055917,0,0.0090543256374076,0.01970443315804,0.0413971543312073,0.00936220027506351,0.0413589356467128,0.212615163763985,1.25071637809742,0.0079787231516093,1.02316345914733,0.0173160172998905,0.110032358206809,0.0866141729056835,0.297929204185493,0,0.00647948146797717,0.000845308532007039,0.0491857753368095,0,0.415522375144064,0.000470145751023665,0.0123647600412369,0,0.435929643572308,0,0.0140201155445538,0.217073170933872,0.0838471003808081
7.86453014076687,0.0050664977170527,1.97133950144053,0.0257558799348772,0.0610795472748578,0.0135593221057206,4.75308629829669,0.0263456726097502,0.219796218909323,0,0,0.0114220450632274,13.1858821541537,0.0174825172871351,1.97368426015601,0.00405473913997412,7.97959194635041,0.010575792985037,0.610517330816947,0.066935482842382,0.0211640214547515,0,0.115606936160475,0.0709342582849786,0.01106719346717,0.00439882697537541,0.0345821315422654,0.00966183585114777,2.54536282736808,0.0147710490273312,0.566929110791534,0.0682080909609795,0.226266592508182,0.0589945971732959,0.0397111910860986,0.00619834684766829,0.239328206749633,0.00285714282654226,0.13655760884285,0.00260247243568301,0.120000002905726,0,0.0146173693356104,0,0.0205739029916003,0.0011123470030725,0.0468257542233914,0.00414593698224053,0.0153664302779362,0.00115540146362036,0.0507060348754749,0,0.0157142855459824,0,0.036333609605208,0.00781555310823023,4.15067312802421,0.00803904701024294,0.111514052376151,0,0.628318602393847,0.00473092822358012,2.27526351809502,0.00459347735159099,0.235145393991843,0.00401203613728285,0.0608481856179424,0.0148482891963795,0.0874635530635715,0.0470588244497776,1.00635146745481,0.0927246815990657,2.0887417566264,0.0250494390493259,0.395698932930827,0.0107181130442768,0.415686286753044,0.0252827670192346,0.335183141054586,0,2.11298485146835,0.00331674964400008,2.57228187343571,0.00118976796511561,0.507042267126963,0.00051440327661112,0.135514014400542,0,0.0438768830499612,0.00121691508684307,0.0508474598173052,0.00979192182421684
0.0469536047894508,7.26567525800783,0.15742603270337,1.48477743723197,0.00238237041048706,0.126002297038212,0.0347981262020767,5.82627290766686,0.0060790270799771,0.0492836664197966,0.0114220450632274,0,0.0113434949889779,13.5545137556037,0.00356030254624784,0.10427807236556,0.0149339461931959,6.71363433101214,1.35862071899464,2.35768820199883,0.0608552636113018,0.0708860764279962,0.135740966885351,0.369337970623747,0.00781250023283064,0.0134556571720168,0.0120554550085217,0.0290812966413796,0.0292682935833,8.6038230402628,0.252861615037546,0.795602220110595,0.270833335351199,0.911127721192315,0.0536620728671551,0.0322840991429985,0.0411764689488336,0.0909634912386537,0.0596302910707891,0.0121681415475905,0.0136635350063443,0.0252312869997695,0.00616095494478941,0.0156726166605949,0.00661000935360789,0.0212663121055812,0.00642054574564099,0.0126723813591525,0,0.00799200776964426,0.00354295852594078,0.00316330557689071,0,0,0.00445599714294076,0.0183745578397065,0.0340244546532631,1.83271179907024,0.0104965682257898,0.0101285549462773,0.0130576713709161,0.140672776848078,0.0276008506771177,0.681372556951828,0.0075553156202659,0.0679911681218073,0.0567375915125012,0.165627776063047,0.203423967584968,0.647455556318164,0.206161145120859,1.41303052660078,0.0651319504249841,3.08053692709655,0.0549542043590918,0.174418600508943,0.200999438762665,0.671927814837545,0.00170648458879441,0.31920200586319,0.00983730581356212,0.220937300822698,0.00102827767841518,0.0809426184277982,0.00485544017283246,0.0293339747295249,0,0.0374531821580604,0.00601503765210509,0.00281056767562404,0.31358249578625,0.112132353358902
4.78135716542602,0.00331125827506185,4.09485993845738,0.0840155100740958,0.268765125365462,0.0872298656031489,12.4138580675935,0.112552527920343,3.2389525937615,0.00943396193906665,13.1858821541537,0.0113434949889779,0,0.0250148893101141,10.962574060075,0.0078869538847357,1.64960629306734,0.00360750360414386,0.432384847954381,0.0478873262181878,0.0208436732646078,0.00705645140260458,0.580403885571286,0.30691896850476,0.0599571719067171,0.0493015616666526,0.104963383753784,0.0216262982576154,4.25212838273728,0.0187036434654146,1.06210949772503,0.187142855138518,0.284241064859089,0.049467932083644,0.031221303739585,0.00490677135530859,0.276110442064237,0.000809716584626585,0.144588048802689,0.00306866131722927,0.0527918795123696,0.00100603618193418,0.0282685523852706,0,0.00959890335798264,0.00139470014255494,0.0771801879163831,0.00172314763767645,0.0166545981774107,0.000714030698873103,0.0520783569081686,0,0.0129554653540254,0,0.040091639966704,0.00496004411252216,1.75356286470196,0.00527124968357384,0.0757020784076303,0.00118835410103202,0.51181104441639,0.00289750099182129,1.35370850283653,0.00431167223723605,0.168929113075137,0.00130548304878175,0.0527289548772387,0.0129558537737466,0.0430879695340991,0.0246913579758257,1.96542015927844,0.0995145664201118,2.6821705326438,0.0231928867287934,0.42000001994893,0.00199700449593365,0.53307692357339,0.0287602026946843,0.116692031151615,0.000999000971205533,1.02382333157584,0.00146878830855712,1.91326537606074,0.00436205032747239,0.583114447072148,0,0.248088352382183,0.00299850082956254,0.0829291965637822,0,0.021097045391798,0.0127186006866395
0.0272174964193255,1.10690872679697,0.276256842480507,1.9890410641674,0.000902527070138603,0.127025845577009,0.0996015951386653,10.4194975406863,0.000916590273845941,0.0718667838955298,0.0174825172871351,13.5545137556037,0.0250148893101141,0,0.00359195400960743,0.0805465672165155,0.00614574202336371,1.09243029548088,1.32443599682301,2.11009730689693,0.0285225338302553,0.0278745638206601,0.877567360003013,1.55897440761328,0.00771828275173903,0.0184162065852433,0.00546448084060103,0.0214634146541357,0.0272206313675269,5.50757310690824,0.987393219373189,2.56579984538257,0.233720523072407,0.737791572813876,0.0459290198050439,0.0123873876873404,0.0277156906668097,0.0416666674427688,0.0280036139301956,0.00767590594477952,0.0152224818011746,0.00811123964376748,0.00446713453857228,0.00352858158294111,0.00225988699821755,0.00613967748358846,0.00660283898469061,0.0111801240127534,0,0.00315084680914879,0.000509683974087238,0.00195694720605388,0,0,0.00433436536695808,0.00950400996953249,0.0195394276524894,0.81006758363219,0.00464499008376151,0.0064432987710461,0.00242865807376802,0.0784313719486818,0.00826104893349111,0.384589610621333,0.00251046032644808,0.0342612415552139,0.0265878882491961,0.056323604658246,0.091161314630881,0.273985243169591,0.148314606340136,1.44796380773187,0.0379637631122023,1.16559139045421,0.0276179518550634,0.0953475026180968,0.220701458165422,0.314149712619837,0.00351082510314882,0.0586206894367933,0.00628930807579309,0.118231761036441,0.00161160354036838,0.036159100709483,0.00118389894487336,0.0174616690201219,0.000956022937316447,0.0207813805900514,0.00362506479723379,0.00390720413997769,0.141982866451144,0.0972307674819604
0.550617957953364,0.00218938151374459,0.941176460124552,0.0481809260090813,4.40861367119942,0.300355141051114,1.16227693855762,0.0306184942019172,25.3165780352429,0.0355329958256334,1.97368426015601,0.00356030254624784,10.962574060075,0.00359195400960743,0,0.0429323599091731,1.25127163133584,0.00363967241719365,0.0698412688798271,0.0188172042835504,0.671755701769143,0.0382978711277246,0.409077669144608,0.180911679985002,0.747302648145705,0.246236564242281,1.93312111857813,0.249712314689532,9.15887082699919,0.0221606644336134,1.71029340382665,0.303683744044974,0.0616844587493688,0.0282466424396262,0.0174563596956432,0.00136612018104643,1.0981817728607,0.00738396588712931,0.127234483137727,0.00491883896756917,2.42979951575398,0.0056577087379992,0.057406094216276,0,0.0145113104954362,0.000871839583851397,0.139860142371617,0.00137551582884043,0.0274223042652011,0,0.0802879300317727,0,0.0337552726268768,0,0.194653875427321,0.00851063814479858,0.469024334161077,0.00201055547222495,0.063656548387371,0,0.124077795771882,0.00365797895938158,0.259838794125244,0.00374111492419615,0.205967275891453,0.00240963860414922,0.0437333338195458,0.00834724574815482,0.0298507460975088,0.028017241274938,7.5933087116573,0.0948366662487388,3.16051849396899,0.0417287650052458,0.403927065432072,0.00419874046929181,0.481737441383302,0.038019010797143,0.355046519078314,0,1.48186890146462,0.00455710617825389,9.72534573590383,0.0119430411141366,0.638351561094169,0.00045620437595062,2.26292137149721,0.0114613180048764,0.486760586500168,0.00105736183468252,0.0121028739959002,0.0121858343482018
0.00421052612364292,0.082169272354804,0.0453686183318496,0.275030744960532,0.077853761613369,8.08028425183147,0.0170031876768917,0.627859484433429,0.0867702180985361,4.36197236878797,0.00405473913997412,0.10427807236556,0.0078869538847357,0.0805465672165155,0.0429323599091731,0,0.0132450335659087,0.198633252992295,0.0882768363226205,0.178271099284757,0.73991656024009,1.31343286670744,0.154921375680715,0.414260246383492,0.353811138076708,1.46257397485897,0.372142472770065,2.29625362716615,0.0411788445780985,6.27416819694918,0.709888043173123,1.0823212225805,0.0609659537440166,0.0786206920165569,0.0737039381638169,0.0711841229349375,0.0124869933351874,1.11357628926635,0.0189573462121189,0.789162585278973,0.00287150032818317,0.942593892687,0.0893934048945084,0.104009530623443,0.0521367525798269,0.117852463445161,0.084008845500648,0.280895011033863,0.000915331824216992,0.0359712238423526,0.00110834022052586,0.011632134206593,0,0,0.000686106330249459,0.345347324735485,0.0110441762953997,0.0900402382831089,0.00815116707235575,0.00286841159686446,0.00671366229653358,0.0201465202262625,0.00474833796033636,0.0644194763153791,0.00867469876538962,0.0434258136665449,0.0886042182100937,0.235032036784105,0.0416666674427688,0.153264974011108,0.740314143709838,2.37678099516779,0.0119820269756019,2.91840809711721,0.0224877018481493,0.469845718471333,0.15818091109395,1.36272546835244,0.00286944047547877,0.0519298264989629,0.00418848171830177,0.391676158178598,0.00553760945331305,4.50413970462978,0.00210393438464962,0.0940424559521489,0.00225098477676511,2.63414635648951,0.00112771359272301,0.10476190620102,1.06292647775263,0.0931297712959349
2.61571124382317,0.0139771277317777,0.506249988684431,0.012352611287497,0.0529327624244615,0.0204778154147789,0.41028082970297,0.0145686315372586,0.224340175744146,0.00409836054313928,7.97959194635041,0.0149339461931959,1.64960629306734,0.00614574202336371,1.25127163133584,0.0132450335659087,0,0.163120567565784,0.18033491272945,0.0720647760317661,0.0363636370748281,0.00442477874457836,0.0450358232483268,0.0217202439671382,0.0111553786555305,0.00147710484452546,0.0232220608741045,0.00649350648745894,2.93515718949493,0.163285493035801,0.127970745088533,0.018604651093483,0.562530865077861,0.322069258894771,0.770491798524745,0.832985404646024,0.458069043816067,0.122302157105878,0.103151866234839,0.0419122464954853,0.0988764055073261,0.0154185015708208,0.24352331541013,0.101190482033417,0.401741950423457,0.194630873389542,0.171867932076566,0.062447959498968,0.569560039672069,0.0418361406773329,0.941403775475919,0.0213523129932582,0.0978417256847024,0,0.0978441127808765,0.0690466831438243,7.68112639128231,0.0829254286363721,1.12841529358411,0.0166229224414565,1.50080779148266,0.0832837575580925,5.92014957626816,0.0950622956152074,2.21119593596086,0.123991931788623,1.07644880341832,0.86528495233506,0.156011736253276,0.340740740066394,0.925373156089336,0.139367815572768,1.65999998222105,0.0942269416991621,0.330434767529368,0.0238353195600212,0.880263195605949,0.779638298554346,3.79573530051857,0.0759219098836184,10.8958507447969,0.0778702153475024,5.52283674420323,0.0311190891079605,1.26870591030456,0.0221763801528141,0.357927795499563,0.0201511327177286,0.14520367566729,0.00183094292879105,0.112745102029294,0.0297397775575519
0.0464720878517255,1.66331359843025,0.0227272732299753,0.152345811016858,0,0.173246911377646,0.00992331962333992,0.204108104808256,0.00375939847435802,0.0448113214224577,0.010575792985037,6.71363433101214,0.00360750360414386,1.09243029548088,0.00363967241719365,0.198633252992295,0.163120567565784,0,0.177274502580985,0.475943728059065,0.111396743450314,0.11619718093425,0.0562756879953668,0.0844514580676332,0.0215198379009962,0.0504413619637489,0.0124223600141704,0.0573770476039499,0.16228467784822,16.1961832750239,0.105712762917392,0.199795070802793,0.621729509148281,0.422974524786696,0.512781959841959,0.248739498201758,0.0460327055770904,0.256473483517766,0.0270270265173167,0.0466173979220912,0.0213903738185763,0.0982456160709262,0.0211930931545794,0.0435943056945689,0.0347994198091328,0.0970297059975564,0.0122799832024612,0.0280941523960792,0.0104493205435574,0.0727086532860994,0.025763931509573,0.0467741928296164,0,0,0.00529500737320632,0.0611290911911055,0.187988148420118,3.10931190848351,0.14579900825629,0.0468625904177316,0.106351548805833,0.717198096681386,0.0762942817527801,9.07544786750805,0.0809312631608918,0.765342955477536,0.481012661475688,1.31746990681859,0.21889519598335,2.19342612137552,0.273337390273809,2.4359605491627,0.0612009234027937,6.31282364181243,0.0451388892251998,0.360173169523478,0.228310492821038,1.66608688049018,0.0231522712856531,9.23223570513073,0.0562837302568369,2.06240347283892,0.0200421931222081,0.45612191176042,0.0339134312234819,0.191727490106132,0.00265604257583618,0.118681324180216,0.0048840050585568,0.016528925683815,0.694656490813941,0.0731472568586469
2.77292372379452,0.634802100830711,17.2238880990772,1.43714733608067,0.029995588469319,0.130248500034213,1.51252223513438,1.82934249931714,0.0143304970115423,0.0402914698934183,0.610517330816947,1.35862071899464,0.432384847954381,1.32443599682301,0.0698412688798271,0.0882768363226205,0.18033491272945,0.177274502580985,0,12.2941002890002,0.0764966733986512,0.0721940249204636,8.01999963400885,1.06023336388171,0.0338983044493943,0.0143949622288346,0.0089007563656196,0.0276059026946314,0.564896245428827,0.425605542550329,4.18565743410727,3.28621080424637,16.5885204627994,7.43539477861486,1.32587691582739,0.215654079103842,0.389860135503113,0.0752545363502577,0.217218537116423,0.0367278787307441,0.0966458249604329,0.0348902640398592,0.0113029828062281,0.00762564991600811,0.0088691795244813,0.0150545733049512,0.0344155837665312,0.0366860290523618,0.00235201878240332,0.00540540530346334,0.00654088024748489,0.00256657041609287,0.00088534748647362,0,0.0310880822944455,0.0362785260658711,0.800000007147901,0.33072316047037,0.137683522480074,0.00316957215545699,0.067563530174084,0.0282352936919779,0.143203888263088,0.161396576149855,0.0270380989531986,0.024535575939808,0.460004867985845,0.333080622367561,8.70707089966163,1.67552956641885,2.19068543391768,2.3007519019302,1.16167161613703,1.30387202260317,0.282839571707882,0.280133941094391,0.930933422874659,2.0093140983372,0.0136363632045686,0.0424343922641128,0.0680903776083142,0.070211666636169,0.0710619793972,0.0559055116027594,0.0449306513473857,0.0126395616098307,0.0111992536112666,0.0569800590164959,0.014311270788312,0.00289435603190213,0.963798213750124,0.323389033903368
0.481077318545431,3.44492551119765,0.838479805388488,12.691601284052,0.00747508287895471,0.229494956554845,0.181887945451308,5.28928371224902,0.00926705962046981,0.0614389651454985,0.066935482842382,2.35768820199883,0.0478873262181878,2.11009730689693,0.0188172042835504,0.178271099284757,0.0720647760317661,0.475943728059065,12.2941002890002,0,0.17480720533058,0.150470215827227,0.642476532259025,1.29408210812835,0.0256070633186027,0.0482233492657542,0.0167504185810685,0.0767172145424411,0.205764081678353,0.857142830151133,0.694832136388868,1.51135534135392,4.10682486067526,4.36278247181326,0.198292218497954,0.0467479657381773,0.289007816521917,0.107500002603047,0.304239411838353,0.0567599516361952,0.082105259411037,0.0667361840605736,0.0132291041081771,0.00991407840047032,0.00421496329363436,0.0107219445635565,0.0440856862696819,0.0310668220627122,0,0.00878798961639404,0.00437317782780156,0.00306936766719446,0.000833333353511989,0,0.0450029209605418,0.0747400971595198,0.396348251379095,1.29333035717718,0.0586400484899059,0.0169902914203703,0.0539300052914768,0.13080638833344,0.0834290068596601,0.401636758819222,0.0178156464826316,0.0855043455958366,0.411377532145707,0.494875549105927,3.87697987159481,4.3694914735388,0.981381880817935,3.39550371782389,0.338645423471462,2.63329358724877,0.201036277925596,0.566994335502386,1.0442687550094,2.98761476634536,0.0147290900349617,0.0714285727590322,0.0468564661568962,0.174844340246636,0.0344053863082081,0.113390527665615,0.0277566533477511,0.0298690676281694,0.0105078807100654,0.139337947883178,0.0320670937071554,0.00933053437620401,1.66703183017671,0.409466159529984
0.031746031716466,0.0701486866455525,0.0276635513873771,0.0810009852284566,0.190148920984939,3.57234031241387,0.0119662765646353,0.0635987583082169,0.216924909269437,0.230031944811344,0.0211640214547515,0.0608552636113018,0.0208436732646078,0.0285225338302553,0.671755701769143,0.73991656024009,0.0363636370748281,0.111396743450314,0.0764966733986512,0.17480720533058,0,4.9551453217864,0.0723192044533789,0.0911648834589869,2.08493156218901,1.39203861611895,1.85931999213062,4.57991522341035,1.91442366852425,0.545454556122422,4.26702508563176,2.29623437859118,0.0534045416861773,0.0641025672666728,0.073298430070281,0.0785219394601882,0.968680093996227,0.430057793855667,0.133180249482393,0.435129739809781,3.86849325336516,0.684073117561638,0.0357342250645161,0.0442655920051038,0.0213414626196027,0.0364212191198021,0.047449585981667,0.0884389996062964,0.00172860850580037,0.0150501671014354,0.00619914755225182,0.0104468950303271,0,0,0.113407522789203,0.15810277312994,0.0284167783102021,0.0434192679822445,0.00837821629829705,0.00113571831025183,0.0102511537261307,0.0155709347454831,0.0185528758447617,0.0316686981823295,0.0267430753447115,0.0315284446114674,0.0463405675836839,0.0881779193296097,0.061016948428005,0.225454546976835,7.591836838983,4.34140699543059,0.73230766528286,1.17922612745315,0.734177220147103,1.04522611945868,0.440201000310481,0.987603264395148,0.245901632588357,0.0201511327177286,0.281981477397494,0.0556451604352333,2.60052683902904,0.467713791877031,0.173422821855638,0.0155084991129115,0.98531379410997,0.720602063112892,0.17229059652891,0.0348837208002806,1.91752580087632,1.014184365049
0.00656694662757218,0.0671296301297843,0.018910740618594,0.0785096449544653,0.104513068683445,5.52255223272368,0.00603401014814153,0.045869171153754,0.111386136850342,0.301762102171779,0,0.0708860764279962,0.00705645140260458,0.0278745638206601,0.0382978711277246,1.31343286670744,0.00442477874457836,0.11619718093425,0.0721940249204636,0.150470215827227,4.9551453217864,0,0.0437894728966057,0.0744559027953073,0.927038650028408,1.03258144762367,0.958637461997569,7.76035513076931,0.0634696776978672,0.604778148583136,1.80829495203216,1.52405500481836,0.0518064093776047,0.0717001645825803,0.0516605172306299,0.0696517396718264,0.0556199289858341,2.03597126947716,0.0857142889872193,2.8568487430457,0.071856290102005,3.8522728420794,0.0170454540057108,0.0273972610011697,0.0156128022354096,0.0470779220340773,0.0314199407584965,0.0866738893091679,0,0.0223175968276337,0.0015686274273321,0.00354609929490834,0,0,0.00215517240576446,0.517812345642596,0.00683760677929968,0.0363387055695057,0.00487804878503084,0.00462427735328674,0.00312500016298145,0.00711111119017005,0.0019102196674794,0.0372439494822174,0.00393700785934925,0.0182072833413258,0.0364583340124227,0.0892575050820597,0.0504786756355315,0.201511327177286,2.91421851143241,6.75119592389092,0.059322034008801,1.08096734434366,0.225274730939418,1.36239780113101,0.238589224172756,1.36606186628342,0.00597014930099249,0.0382513650692999,0.0044296788983047,0.0596161716384813,0.00541516242083162,0.758744373684749,0.00162425549933687,0.0222757374867797,0.00278551527298987,1.55232557561249,0.00482315104454756,0.108783533331007,15.0384615524672,0.533864557743073
0.146392618131358,0.0385364801040851,9.32091624793247,2.6997813640628,1.58661552309059,0.87738418392837,2.03243434720207,3.43519783718511,0.374603169446345,0.203747878782451,0.115606936160475,0.135740966885351,0.580403885571286,0.877567360003013,0.409077669144608,0.154921375680715,0.0450358232483268,0.0562756879953668,8.01999963400885,0.642476532259025,0.0723192044533789,0.0437894728966057,0,13.4858199873706,3.59134267986519,0.918230069975834,0.534222524147481,0.132445431954693,0.431349772086833,0.498281811014749,9.66066835122183,5.44092740525957,6.18546062358655,0.834539804141968,0.949007382616401,0.131741454824805,0.166089967824519,0.0587207253556699,0.0334844794124365,0.0193462313036434,0.0127064806292765,0.0100882721599191,0.00739371543750167,0.00917694251984358,0.0120918988250196,0.010432647948619,0.00488864758517593,0.0273689641617239,0.00253726611845195,0.00250626564957201,0.0043696744251065,0.00161333684809506,0,0,0.00566572247771546,0.0194029859849252,0.151857838965952,0.0554207138193306,0.0403599676210433,0,0.0172282755374908,0.00571065978147089,0.0247234881389886,0.0340846620965749,0.0111731846700422,0.00984081090427935,0.231177087698597,0.103092781791929,0.221032736997586,0.207727751985658,0.615705376025289,1.75759696261957,0.292830708785914,0.666218934580684,0.073609369341284,0.0426065170322545,0.384486785333138,0.367071513086557,0.0050804401980713,0.0117007936351001,0.0386120553594083,0.0299374444584828,0.076555022969842,0.0572883489076048,0.0185282299935352,0.00710413142223842,0.01311475422699,0.032690420630388,0.00354374316520989,0.00126368994824588,0.0664626166690141,0.125548729905859
0.0488040595664643,0.0837092707515694,2.15883213974303,15.0440512954374,0.347321430512238,3.28045078739524,0.785487701767124,6.54746913176496,0.304623752832413,0.492627935949713,0.0709342582849786,0.369337970623747,0.30691896850476,1.55897440761328,0.180911679985002,0.414260246383492,0.0217202439671382,0.0844514580676332,1.06023336388171,1.29408210812835,0.0911648834589869,0.0744559027953073,13.4858199873706,0,1.9036719603464,1.98451729194494,0.263063069432974,0.131147540174425,0.235085234278813,0.905344063416123,4.50342337449547,6.04839958599769,1.04991275072098,0.362457561073825,0.28247423726134,0.0500000012107193,0.048651039833203,0.0896057346835732,0.0437890978646465,0.0227944285143167,0.0127020784420893,0.011428571306169,0.010766307648737,0.013995801564306,0.00373273622244596,0.0121673000976443,0.0117916802410036,0.0369913678150624,0.00237717916024849,0.00546234898502007,0.00101317127700895,0.00194174749776721,0,0,0.00614628137554973,0.0247714536963031,0.0291464256879408,0.0662804178718943,0.00855826179031283,0.00255754473619163,0.00602772750426084,0.0087197779212147,0.0139059307402931,0.0385510131018236,0.00828500429634005,0.00990799686405808,0.0543318641139194,0.0610687024891376,0.082449940382503,0.135948904033285,0.445531348523218,2.70367048913613,0.163962420076132,1.2430821894668,0.0726447254419327,0.0917847031960264,0.479254858684726,0.388865086366422,0.00230813608504832,0.0147392292274162,0.0205992505070753,0.0374317648820579,0.0407023145235144,0.121766814321745,0.00864100566832349,0.006779660936445,0.0103969756746665,0.0938271603081375,0.00463201256934553,0.00485554744955152,0.101326900999993,0.207398421596736
