0,0.0971128573000897,6.95656809725915,0.143054113577818,0.0163217724766582,0.00521890399977565,7.41600877227029,0.0804888937273063,0.0387096789199859,0.00339847058057785,4.34300504089333,0.0433403799543157,2.48075688854442,0.0229833264893387,0.381168176885694,0.00600450346246362,2.20166626758873,0.0233607639092952,3.56034483836265,0.410737659636652,0.0288560630287975,0.00542005430907011,0.0793935773544945,0.0254835041705519,0.00664251198759302,0.000592066324315965,0.00296735903248191,0.00243753800168633,3.40982820643694,0.042000001994893,0.366002674971242,0.0398089192458428,2.54720974451629,0.30236793984659,0.100456623244099,0.0181573632289656,0.374527461826801,0.00404975411947817,0.197174972388893,0.0116504853358492,0.817107103648596,0.00138026219792664,0.00994575070217252,0.000479501322843134,0.0176678452407941,0.00569063657894731,0.0491132325259969,0.00889679708052427,0.0196390668279491,0,0.0637769739551004,0.0013780432054773,0.00881834188476205,0,0.103539822623134,0.024184841895476,13.9589210929989,0.0551651435962413,0.703470761654899,0.00944244625861757,1.51151283574291,0.00572022859705612,1.05371676350478,0.0172620476223528,0.244024454324972,0.00198019808158278,0.614132449845783,0.120239706593566,6.42354830272961,0.186888172756881,0.965497239958495,0.14005763840396,4.07958179939305,0.0645161271677352,0.900033885613084,0.0390946501283906,0.794436694588512,0.136478523840196,0.0402777787530795,0.00344234082149342,0.460643998521846,0.00735578767489642,0.412483054678887,0.00107296137139201,0.663628072477877,0.00330251001287252,0.0471441537374631,0.00109589041676372,0.101622871588916,0.00109369307756424,0.0658318402711302,0.11718750349246
0.0971128573000897,0,0.0650081740168389,4.33741695946082,0.00179479509824887,0.0969949417049065,0.0191492707817815,2.26521678216523,0.00301023479551077,0.0458902124664746,0.00825228379108012,5.27813852322288,0.0105193953495473,0.868965525005478,0.00257466541370377,0.106932720227633,0.0294724421110004,2.64908933773404,0.56851850845851,3.06542049231939,0.0262132480274886,0.0509776521357708,0.06822334905155,0.0821917812572792,0.00248138955794275,0.0133738595759496,0.0121876900084317,0.0338134010089561,0.0687608218868263,2.1380367600359,0.11639923567418,0.187499991443474,0.521279157488607,2.3192378928361,0.0644728001207113,0.0332640325650573,0.0328260235255584,0.110418517375365,0.0372670793440193,0.0443559866398573,0.0114777619019151,0.0291814949014224,0.00553505541756749,0.0195934367366135,0.00671140931081027,0.0614081532694399,0.0153132249251939,0.0267695100628771,0.00054347823606804,0.0230642507085577,0.00621479889377952,0.0323488038266078,0.00120700057595968,0,0.0257220214989502,0.0836451674695127,0.158387837931514,12.2205565972254,0.0932223541894928,0.144036698387936,0.0333406443241984,0.35284727322869,0.0144524733768776,1.0634337788797,0.0136752133257687,0.192813770030625,0.320045134954853,0.637168154935353,0.899618128198199,5.27017947792774,0.247545372694731,1.36723825661466,0.0655737722991034,1.6905378185329,0.0356269654585049,0.719943436910398,0.283433129137848,1.12755548104178,0.00429799442645162,0.256301024928689,0.0155109487823211,0.504135489463806,0.00333611341193318,0.0346153862192295,0.0104712040047161,0.178954429342411,0.000620925158727914,0.0224592932499945,0.01768867863575,0.0303816227242351,0.591799018497113,0.180351905990392
6.95656809725915,0.0650081740168389,0,1.04468622384593,3.24250843242044,0.266151288407855,14.4433053467073,0.929380965360906,0.626848992425948,0.117710580001585,1.43897099990863,0.12686378788203,3.58416252114694,0.346562563849147,0.876718958752463,0.0633093531941995,0.370552821201272,0.023350254399702,15.2211305140518,0.946372267208062,0.0583657587412745,0.0281599992886186,7.85846530692652,1.63747807731852,0.282926819403656,0.0923683480359614,0.154671179363504,0.0879884269088507,2.35362450956018,0.200814766460098,5.91112253168831,0.867800055420958,7.04841632282478,0.46308873090311,0.39333128859289,0.0203368291258812,0.512181622616481,0.0170798904146068,0.146073587820865,0.00688194821123034,0.220400135032833,0.00260501471348107,0.00609092891681939,0.0027624309877865,0.0241837973590009,0.00198068819008768,0.0253773792064749,0.00599700148450211,0.0101497082505375,0.00153727893484756,0.028835489298217,0.000441793672507629,0.00447552464902401,0,0.0468783295946196,0.0237302246096078,1.16390675806906,0.0460358062991872,0.4814151339815,0.00519368110690266,0.1506224082259,0.00447872589575127,0.0958797583007254,0.0244014737254474,0.0684168648440391,0.00332304774201475,0.70980463293381,0.0531238319235854,2.82505727402167,0.0773137715877965,1.71286576066632,0.744990379025694,2.20575220417231,0.17388977430528,0.553777216700837,0.0615085777826607,0.779193246038631,0.160685589071363,0.0111365868942812,0.0129954516887665,0.0977395052905194,0.0116126613575034,0.181959560781252,0.00410151248797774,0.0861584048252553,0.00417402456514537,0.0178058589226566,0.00156944815535098,0.032903345534578,0.000706838676705956,0.0734501331462525,0.166610907996073
0.143054113577818,4.33741695946082,1.04468622384593,0,0.03726056299638,3.15800469159149,0.387775984592736,16.5287062219577,0.0643799470271915,1.61288673640229,0.0300440295832232,1.23727181740105,0.136354598915204,1.46118720062077,0.0464154413493816,0.436371950781904,0.0191660188720562,0.23004581607529,2.44778617459815,9.55663047468988,0.0954117283690721,0.146458578761667,2.16094939879258,11.4018844582024,0.0693391114473343,0.382650361163542,0.07360000081826,0.140360451943707,0.140988696541172,1.08401824755128,2.01399280893384,4.90067499387078,1.09790362243075,1.9455155172036,0.0713871160405688,0.0268336309818551,0.0450379672693089,0.0771436060313135,0.0763834757963195,0.0391468000598252,0.0313267807359807,0.0256253803381696,0.00333055783994496,0.023291584191611,0.00598802379681729,0.039095619082218,0.029300962050911,0.0291222314117476,0,0.0165450118365698,0.0035606196615845,0.0181664557021577,0,0,0.0575510203780141,0.0730393127014395,0.0751020380994305,0.882411076541757,0.030815321020782,0.0430820223409683,0.0222796897869557,0.130619970615953,0.00836202624486759,0.279938474152004,0.012569130922202,0.0882352945336606,0.0960940207587555,0.201692772097886,0.313497828086838,0.775793105713092,0.404283101437613,3.78441542823566,0.1323567944346,1.47376428073039,0.074452115688473,0.714805831899866,0.619874189607799,1.17736615706235,0.000613496929872781,0.0931506893830374,0.0111294313101098,0.254237287736032,0.00688806874677539,0.0535540422424674,0.00488365429919213,0.094779365172144,0,0.0337468995712698,0.0331173497252166,0.0190930780954659,0.604094497102778,0.570713401772082
0.0163217724766582,0.00179479509824887,3.24250843242044,0.03726056299638,0,0.407407406601124,0.290957916877232,0.0144128868705593,9.40380510874093,0.102597400662489,0.130201347405091,0.0033463470172137,0.53458647133084,0.00653861882165074,5.23372055590153,0.0478564314544201,0.0993288629688323,0.00112612615339458,0.0330988829955459,0.00385951367206872,0.139130428433418,0.0707596288993955,1.10059562261449,0.190515801310539,2.99167297780514,0.379235752974637,4.86439438909292,0.597986047156155,1.98691594868433,0.0338476852048188,7.83427245856728,0.373663472943008,0.150709215085953,0.00416493130614981,0.0241860470268875,0,0.0524861898738891,0.00954979541711509,0.0148849791148677,0.00247831479646266,0.210169496247545,0.00882028695195913,0.00657624332234263,0.00275229359976947,0.00405885325744748,0,0.0124636472901329,0.00319361267611384,0.00562746194191277,0,0.0166358592105098,0,0.0212615163763985,0,0.0158165278844535,0.00530303013511002,0.0309003733564168,0.00108078902121633,0.0130321463802829,0.000814000843092799,0.0158132524229586,0,0.0200589969754219,0,0.0186683266656473,0,0.0169838949223049,0.00314267759677023,0.0113442994188517,0.00724637706298381,4.21536350331735,0.10141987586394,0.763085410464555,0.0419313831953332,0.147916674381122,0.0151351355016232,0.073566087288782,0.0165605098009109,0.00449943775311112,0,0.0862555428757332,0,0.867768570897169,0.00575705256778747,0.0426922225160524,0.000492004910483956,0.154779968317598,0.0036166365025565,0.0339089484186843,0.000572246091905981,0.00497512426227331,0.0096969697624445
0.00521890399977565,0.0969949417049065,0.266151288407855,3.15800469159149,0.407407406601124,0,0.122157825448085,1.27576016602688,0.445372313261032,13.54043685738,0.0079575595445931,0.162341242306866,0.0627333840820938,0.344016228802502,0.16108054574579,8.22826119908132,0.0106100793927908,0.144927540095523,0.116632447578013,0.144116524374112,2.67164185387082,6.24719126941636,0.739473715890199,3.21552445006091,1.69977597822435,11.6156584583223,2.2877594253514,15.648587183794,0.177015756431501,4.38381837971974,3.72991088102572,6.23175502917729,0.116094983881339,0.105002063559368,0.045745653915219,0.0399600388482213,0.0245566167868674,0.863881382509135,0.0267379684373736,2.50490204943344,0.0177187155932188,1.4875676035881,0.0350877190358005,0.13193812512327,0.025138261844404,0.11833068728447,0.0775257716886699,0.154577881330624,0.00222841231152415,0.0182128623127937,0.00428921583807096,0.00755984854185954,0,0,0.0102080878568813,0.466516164597124,0.00848356354981661,0.0774401687085629,0.0129310344345868,0.0234343441552483,0.0074794318061322,0.0331019762670621,0.00233508460223675,0.0545950862579048,0.00246153841726482,0.021286889561452,0.0442761455196887,0.139999996870756,0.0336889398749918,0.138769674464129,1.21544717880897,5.29191738914233,0.0843537426553667,3.03140700270887,0.124744373373687,1.28525987779722,0.408138091559522,1.25440801167861,0.00220507173798978,0.0643776822835207,0.0112044817069545,0.0438459136057645,0.0338785036001354,0.932193708373234,0.00954653922235593,0.0475140840862878,0.00898203626275063,0.915921270847321,0.0068685605074279,0.0421292358078063,1.94160582404584,0.574139990378171
7.41600877227029,0.0191492707817815,14.4433053467073,0.387775984592736,0.290957916877232,0.122157825448085,0,0.333849723218009,1.98740726753022,0.051663746824488,2.91057986178203,0.0302841743687168,10.7559772723471,0.100091327389237,2.05510085061542,0.0190703216940165,0.323151832562871,0.00541215648991056,1.97575759384199,0.212493325729156,0.0638297904515639,0.0170468788128346,1.57950410497142,0.662371136102593,0.0965739230741747,0.0366930908057839,0.064896753319772,0.0518638561479747,3.52670268784277,0.0663093129987828,1.60891296356567,0.347554628388025,0.89099167380482,0.09651869838126,0.0428954425733536,0.00398903014138341,0.155495980172418,0.0022251890914049,0.143808259279467,0.00560103400493972,0.130845904350281,0.00101651845034212,0.00292986631393433,0.00153609830886126,0.00440088027971797,0.000815827050246298,0.023551058024168,0.00506054592551664,0.0049947970546782,0.00041955107008107,0.0280522804241627,0.000370988680515438,0.00810993451159447,0,0.0421090530871879,0.0218772058142349,1.04482452911907,0.018724921537796,0.132833020761609,0.00437556963879615,0.422941578144673,0.00245750555768609,0.257463471032679,0.00768049154430628,0.0604099262272939,0.0011818002385553,0.115784575871658,0.0276972617721185,0.304738058475778,0.0303992741391994,1.62327241772437,0.251164857239928,2.38035715615842,0.0656236406648532,0.63340020517353,0.024285351857543,0.776338512601797,0.0482818625459913,0.0168496305705048,0.00202942662872374,0.258849150675815,0.00644849264062941,0.286742912867339,0.00209863588679582,0.407665061764419,0.00169180874945596,0.0299125637684483,0.000426712183980271,0.0540801545139402,0.000613214797340333,0.0328810028149746,0.10692967067007
0.0804888937273063,2.26521678216523,0.929380965360906,16.5287062219577,0.0144128868705593,1.27576016602688,0.333849723218009,0,0.0221417928114533,2.27770857096766,0.025167785352096,2.77381196341594,0.103065004572272,4.40174670657143,0.021677125710994,0.816048448905349,0.0113255034084432,0.318163825082593,1.54626861619181,2.65769291174365,0.062410670943791,0.10096720821457,1.98253960072179,3.77155934445909,0.0343552946287673,0.0660235790419392,0.028773889731383,0.0647844178602099,0.0908084198017605,1.75184408493806,1.69437845470384,3.41364974726457,0.710155378037598,1.05229795561172,0.0758097840298433,0.0258155366464052,0.025391451199539,0.0855817886767909,0.0357443232496735,0.0335241200518794,0.0139322605973575,0.0138590206915978,0.00525302035384811,0.0172224262205418,0.00419127458008006,0.0221230346651282,0.0147757259546779,0.0200587927247398,0.00118694358388893,0.0103647594805807,0.00337216435582377,0.00921822339296341,0,0.000417885486967862,0.0189426548604388,0.0571138914383482,0.0381114891497418,0.967187283094972,0.0211469526984729,0.047428073361516,0.0155038758530281,0.204169095959514,0.00522823233040981,0.503847575600957,0.00696008207160048,0.0927351236750837,0.0902435343596153,0.188854490988888,0.168617337476462,0.338772014627466,0.26900338489213,2.59112877966254,0.0723044417391066,0.781121197505854,0.0495516741648316,0.240780401858501,0.39205243482138,0.538778894697316,0.000479961599921808,0.153625954699237,0.0048619550652802,0.47884703395539,0.00884955778019503,0.0478564307559282,0.00762485666200519,0.14816833101213,0.000870321993716061,0.0239011541125365,0.0170199596323073,0.022442048531957,0.200881912605837,0.3261028531997
0.0387096789199859,0.00301023479551077,0.626848992425948,0.0643799470271915,9.40380510874093,0.445372313261032,1.98740726753022,0.0221417928114533,0,0.123765632044524,0.236895855981857,0.00338600459508598,3.85676385927945,0.00412201159633696,19.3999991598539,0.0493702774401754,0.119809398427606,0.0045584044419229,0.014190316782333,0.00389105058275163,0.135706334374845,0.102127656340599,0.309230266138911,0.225765840732493,1.27076923195273,0.407027818495408,1.53166421689093,0.617322832345963,2.78527600876987,0.0422535196412355,3.24244164582342,0.394077465170994,0.0689038043492474,0.00168067228514701,0.00759013276547194,0.00207900209352374,0.0490539573365822,0.00830449839122593,0.0219629369676113,0.00627746398095042,0.0300925928167999,0,0.00580431177513674,0.00277906435076147,0.00615384592674673,0.00323624582961202,0.0100586756598204,0.00241545896278694,0.00113895221147686,0,0.0142635653028265,0,0.0158273379784077,0,0.0183413075865246,0.00152730045374483,0.0246450571576133,0.00163043470820412,0.00701446738094091,0.000821018067654222,0.00759013288188726,0,0.017921146354638,0.000926354783587158,0.0126103404909372,0.000986193306744099,0.00412492646137252,0.00189813348697498,0.00574052799493074,0.00441501103341579,2.53166324319318,0.0850480108056217,0.779874208616093,0.0424983920529485,0.383386574685574,0.0132743362337351,0.313329108059406,0.0154938669875264,0.0161290322430432,0,0.0902439003693871,0,0.555887643713504,0.00699300714768469,0.0315098476130515,0,0.0601387802744284,0.00610500632319599,0.0158027818542905,0,0.00766283506527543,0.0621890532784164
0.00339847058057785,0.0458902124664746,0.117710580001585,1.61288673640229,0.102597400662489,13.54043685738,0.051663746824488,2.27770857096766,0.123765632044524,0,0.00125786161515862,0.0781827755272388,0.0268115951330401,0.296819785377011,0.0345987507607788,7.66001879761461,0.00377358484547585,0.0543710034107789,0.0588001585565507,0.0602006673580036,0.329411784186959,0.842601311858743,0.350416408269666,0.813897749176249,0.246305411565118,2.26630792894866,0.407031768467277,1.61754137661774,0.038392857357394,1.6301565222675,0.900747043080628,2.85988283064216,0.0585738552035764,0.0415833666920662,0.0153191486606374,0,0.00129198969807476,0.169859510613605,0.0152091253548861,0.19253209058661,0.00203045690432191,0.154915590304881,0.00710619793972,0.0394736850284971,0.00579430244397372,0.0334177217446268,0.0223374553024769,0.0483685229555704,0.00213106023147702,0.00543773814570159,0.00119545729830861,0.00081201788270846,0.00132362672593445,0,0.00152149109635502,0.0620437931502238,0.00570835516555235,0.0320968182059005,0.00249791837995872,0.00547516625374556,0.00145137880463153,0.0112531970953569,0,0.0210526320151985,0.00117164617404342,0.00651465787086636,0.0136557617224753,0.0524070670362562,0.0139559846138582,0.0256756762973964,0.299101420911029,2.13299553887919,0.0244845353299752,0.956989215337671,0.0433962270617485,0.259512195363641,0.184272303129546,0.329341323231347,0.00202224473468959,0.0355029590427876,0.00619914755225182,0.0170992363709956,0.00557413615752012,0.264561772230081,0.0012790449836757,0.0187274908530526,0,0.253553164307959,0.00365296821109951,0.0105702361324802,0.18805309664458,0.22486487030983
4.34300504089333,0.00825228379108012,1.43897099990863,0.0300440295832232,0.130201347405091,0.0079575595445931,2.91057986178203,0.025167785352096,0.236895855981857,0.00125786161515862,0,0.0151926206890494,9.57490756292827,0.0208249902352691,2.9926145329373,0.00680933851981536,5.74935054092202,0.00766703207045794,0.361572772497311,0.0908746663480997,0.0577319609001279,0.0079129571095109,0.0748697938979603,0.0505297459894791,0.0218818383291364,0.00278357695788145,0.0251924428157508,0.00745712139178067,2.86210041097365,0.0126274887588806,0.258771931752563,0.029556650435552,0.250650481495541,0.0579355360823683,0.0355555559508502,0.00968054227996618,0.165554079227149,0.00659630633890629,0.133507854770869,0.006009615608491,0.308021396398544,0,0.0273862269241363,0.000896860961802304,0.0217713990714401,0.00311688298825175,0.0431420446839184,0.00234833668218926,0.0448823210317641,0.0022358859423548,0.0958737873006612,0,0.0602327194064856,0,0.0884063593111932,0.0126394052640535,3.56887467578053,0.0138629695866257,0.159863942302763,0.00558436382561922,0.627494451357052,0.0031496062874794,1.2275071333861,0.0107623315416276,0.140012066811323,0.00190566934179515,0.0790764758130535,0.0321782173123211,0.146718139527366,0.0349650363205001,0.74933685711585,0.0850228872150183,1.91078554198612,0.0135467977961525,0.568316849414259,0.0287179476581514,0.412333749933168,0.0333333348389715,0.195953138172626,0.00829875562340021,1.88937173096929,0.00248062005266547,3.29243105161004,0,0.490842494735261,0.000972053443547338,0.203216375783086,0.00117027503438294,0.0655332282185555,0,0.0304449636023492,0.100571427494287
0.0433403799543157,5.27813852322288,0.12686378788203,1.23727181740105,0.0033463470172137,0.162341242306866,0.0302841743687168,2.77381196341594,0.00338600459508598,0.0781827755272388,0.0151926206890494,0,0.0172585470136255,7.8328570589656,0.0034275921061635,0.36201780551346,0.00759631034452468,3.82996723463293,0.773285218630917,1.29076089360751,0.0392772984923795,0.0669710813090205,0.115555553056765,0.206021037185565,0.00358422927092761,0.0218390803784132,0.00461893761530519,0.0401459850836545,0.0377055747667328,11.0541911309701,0.271744244091678,0.459154941898305,0.307397480180953,0.664488019247074,0.0294117653975263,0.0269461087882519,0.0155469179153442,0.0934579444583505,0.0229382839752361,0.0233858658466488,0.0193861071020365,0.0142857144819573,0.00789662590250373,0.0394788774428889,0.00946643709903583,0.0709156211232767,0.0188405803637579,0.0412876146147028,0.000938967161346227,0.0162523899343796,0.00333425961434841,0.0081001473008655,0,0,0.0173490625456907,0.0374206486158073,0.0301923551014625,1.11149480188033,0.021845574316103,0.0327402137918398,0.0112994348746724,0.120471016736701,0.00390625,0.472956951765809,0.003061224357225,0.0516236465191469,0.059447986073792,0.162942001596093,0.148393198265694,0.437391788116656,0.167863053269684,2.48034938424826,0.0277008308330551,2.42138047295157,0.0182787515223026,0.566510166274384,0.170669389422983,0.506500241230242,0,0.415153896668926,0.00494001421611756,0.274943314434495,0.00293111870996654,0.039234449272044,0.00404530757805333,0.0583974644250702,0.00119688804261386,0.0198807148262858,0.00678349379450083,0.0088357588974759,0.382022479781881,0.190152805298567
2.48075688854442,0.0105193953495473,3.58416252114694,0.136354598915204,0.53458647133084,0.0627333840820938,10.7559772723471,0.103065004572272,3.85676385927945,0.0268115951330401,9.57490756292827,0.0172585470136255,0,0.0425415874924511,15.1433929083869,0.0142591446638107,1.49815495242365,0.00534045416861773,0.421776199073065,0.0944633991457522,0.0831775726401247,0.0275103159947321,0.431871749227867,0.2516556289047,0.110192834399641,0.0253164558671415,0.132358602015302,0.0454002385376953,5.35654782358324,0.0346856601536274,0.807615264260676,0.166166168579366,0.275028770556673,0.0590996952378191,0.0217864930164069,0.00817067659227178,0.16491754562594,0.0037230082671158,0.130467017181218,0.00564573053270578,0.185273158131167,0.00376116600818932,0.0125923897139728,0.00117647054139525,0.0100282039493322,0.00193861074512824,0.048524952493608,0.0048322148504667,0.0206873543211259,0.000675904040690511,0.07702642143704,0,0.0319270247127861,0,0.0554814622737467,0.0160621768445708,1.62766383076087,0.0150375939847436,0.125496873282827,0.00326352997217327,0.50722396618221,0.000650406524073333,0.811663788685109,0.00470588216558099,0.101874782703817,0.00183542375452816,0.0707659135805443,0.0222626079048496,0.107945024385117,0.0300000000279397,2.23599704692606,0.163764356635511,2.45733542088419,0.032927701366134,0.765137620735914,0.0195804195245728,0.732294607674703,0.0451612888136879,0.0369843539083377,0.00374882854521275,0.627938421326689,0.00182025029789656,1.56554560072254,0.00743997324025258,0.527964184235316,0.00227057706797495,0.189125295728445,0.00347342836903408,0.0671963667264208,0.000424178142566234,0.0217391313053668,0.099755500908941
0.0229833264893387,0.868965525005478,0.346562563849147,1.46118720062077,0.00653861882165074,0.344016228802502,0.100091327389237,4.40174670657143,0.00412201159633696,0.296819785377011,0.0208249902352691,7.8328570589656,0.0425415874924511,0,0.00669344037305564,0.309326265705749,0.00480576697736979,0.629536482738331,0.756425209692679,1.10617007769179,0.0342501309933141,0.0701219486072659,0.537602393771522,0.943418391048908,0.0197594504570588,0.0342522980063222,0.022632020234596,0.0409051337046549,0.0362249768804759,7.95557015470695,0.725638270727359,1.43390804063529,0.272142206551507,0.349178408796433,0.0230547543615103,0.0110552762635052,0.0122199591714889,0.0250707642408088,0.0160965789109468,0.0076306750997901,0.0116279068170115,0.0052246602717787,0.00174418604001403,0.0062754942337051,0.00134318333584815,0.0131852875347249,0.0070298770442605,0.0130979504319839,0,0.00364166073268279,0.00188102514948696,0.000593471806496382,0,0,0.0152714938740246,0.0170002750237472,0.0147027939965483,0.533559881150723,0.0120882445480675,0.00692840642295778,0.00600600603502244,0.0419287208933383,0.00296076969243586,0.301223723217845,0.00382555474061519,0.015052356175147,0.0284938940021675,0.0582477918942459,0.0722021679393947,0.191034771502018,0.124949290649965,2.86886573128868,0.0349735654308461,1.17318867426366,0.0244026426225901,0.186335407197475,0.228265037410893,0.307334113866091,0,0.086413330049254,0.00344036682508886,0.0946915356907994,0,0.024052479013335,0.00214362266706303,0.0350946379185189,0,0.0105026257224381,0.00858778628753498,0.00755219915299676,0.119271116796881,0.23471616092138
0.381168176885694,0.00257466541370377,0.876718958752463,0.0464154413493816,5.23372055590153,0.16108054574579,2.05510085061542,0.021677125710994,19.3999991598539,0.0345987507607788,2.9926145329373,0.0034275921061635,15.1433929083869,0.00669344037305564,0,0.030624263570644,1.55982277728617,0,0.0635564555414021,0.0127713917754591,0.603696119505912,0.071904124924913,0.171765359700657,0.152801361400634,1.05585394706577,0.176348556997254,1.18541672849096,0.269650659291074,10.6318539492786,0.030588234832976,1.54125274159014,0.2251941402792,0.0650697170640342,0.0142760028247721,0.0136138611705974,0.00524934381246567,0.682755191694014,0.00697558571118861,0.11292718956247,0.00464037118945271,3.00841512274928,0.00690607761498541,0.0457296555396169,0.00367511936929077,0.028662420809269,0.00496688741259277,0.120081413013395,0.00590938946697861,0.0483175166882575,0.00087719300063327,0.173752312781289,0,0.131147533655167,0,0.245602601731662,0.00377239845693111,0.396274733881,0.00471475708764046,0.0597959911101498,0.00466977996984497,0.139505786472,0.0041736225830391,0.216457956586964,0.00147004774771631,0.153631286812015,0,0.0434782617958263,0.0193392424844205,0.0260416668606922,0.0104112445842475,4.22611320018768,0.100000003119931,2.60812846187036,0.0406619380810298,0.46635577455163,0.0122783083934337,0.39999999885913,0.0378967309370637,0.1048951089615,0.00137457042001188,1.16876239900012,0.00215285248123109,15.0308727487572,0.00790166831575334,0.686671858944464,0.00173686491325498,2.39698754111305,0.00818181823706254,0.579710130114108,0.00148662045830861,0.0133828996913508,0.0512445095228031
0.00600450346246362,0.106932720227633,0.0633093531941995,0.436371950781904,0.0478564314544201,8.22826119908132,0.0190703216940165,0.816048448905349,0.0493702774401754,7.66001879761461,0.00680933851981536,0.36201780551346,0.0142591446638107,0.309326265705749,0.030624263570644,0,0.0155642023310065,0.432963265513536,0.0972175685456023,0.146974982693791,0.573351269122213,1.66339228278957,0.181159425119404,0.307744095043745,0.253312130342238,0.884792625904083,0.326992301736027,2.38556800759397,0.0864745003636926,10.3083497341722,0.723931630083825,1.22663254011422,0.051736356515903,0.0728008083533496,0.0450944530311972,0.0464816009625793,0.00397219462320209,0.81299212295562,0.0107632093131542,0.979816521517932,0.00964851817116141,0.62457567313686,0.0606868948671035,0.196649679564871,0.0331099717877805,0.136009831097908,0.108308101829607,0.305437975155655,0.00341442599892616,0.0407809110474773,0.00367261259816587,0.0163878458552063,0.00101163377985358,0,0.00646203581709415,0.368059878819622,0.0115740738692693,0.0820248409581836,0.0174337517819367,0.0277869666460901,0.00806952238781378,0.0396530348807573,0.00530738616362214,0.0473415895248763,0.00644270604243502,0.0359464618959464,0.061793522676453,0.217182492022403,0.0309145564679056,0.0914696849649772,0.480237173382193,2.26992664323188,0.0366699713049456,3.07757018768461,0.0301441687624902,0.634473485406488,0.19907834334299,1.30617978866212,0.00274914084002376,0.164864868856966,0.00984575017355382,0.114942528307438,0.0123893804848194,1.15414673485793,0.00775644730310887,0.0988987284654286,0.007430998259224,0.801797750638798,0.00479872024152428,0.0581137666013092,0.652554718544707,0.135154568357393
2.20166626758873,0.0294724421110004,0.370552821201272,0.0191660188720562,0.0993288629688323,0.0106100793927908,0.323151832562871,0.0113255034084432,0.119809398427606,0.00377358484547585,5.74935054092202,0.00759631034452468,1.49815495242365,0.00480576697736979,1.55982277728617,0.0155642023310065,0,0.0679079983383417,0.133765711798333,0.0454373331740499,0.0577319609001279,0.0158259142190218,0.0195312505820766,0.0105949467397295,0.0116703137755394,0.0055671539157629,0.0195941221900284,0.00894854567013681,4.51872138911858,0.0913064571795985,0.0778508777730167,0.0383141764905304,0.508239384624176,0.12076703296043,0.592000006581657,0.261374641559087,0.495327124139294,0.0738786309957504,0.0955497391987592,0.0132211543386802,0.367914445698261,0.0250783693045378,0.167539270594716,0.0448430480901152,0.212765945470892,0.0779220747062936,0.191290198126808,0.0227005879278295,0.330596608575433,0.0100614867405966,0.801577677368186,0.00994612486101687,0.247775504831225,0,0.160527336644009,0.0230483272462152,8.13406896125525,0.0927752580028027,0.952380932867527,0.0646190671250224,2.46415371121839,0.078740157186985,4.95587380463257,0.0448430480901152,1.48943871073425,0.0285850401269272,0.637806611484848,0.428217815002427,0.177606168901548,0.13146853656508,0.53050396963954,0.0902550648897886,2.63248990697321,0.0923645304283127,0.532673283945769,0.0533333313651383,0.91293836128898,0.253086431184784,3.21405745111406,0.0809128673281521,7.45792153780349,0.0365891457768157,4.52178879710846,0.00335758260916919,1.23680242308183,0.0150668283749837,0.324561405926943,0.0058513751719147,0.165069546550512,0.00338504940737039,0.0562060866504908,0.0845714276656508
0.0233607639092952,2.64908933773404,0.023350254399702,0.23004581607529,0.00112612615339458,0.144927540095523,0.00541215648991056,0.318163825082593,0.0045584044419229,0.0543710034107789,0.00766703207045794,3.82996723463293,0.00534045416861773,0.629536482738331,0,0.432963265513536,0.0679079983383417,0,0.130039957875852,0.256235063716304,0.0541401281952858,0.12336160056293,0.0273972597206011,0.0562043773243204,0.00603500287979841,0.0232153222896159,0.0081632649526,0.0614628137554973,0.101777062285691,17.9471209773328,0.0729857811238617,0.12210127688013,0.256172841414809,0.4676653444767,0.219702335889451,0.1925701322034,0.0134529154747725,0.190899007488042,0.0187431097729132,0.0646153822308406,0.00163800164591521,0.0724054727470502,0.0411700963159092,0.168521465267986,0.0580840916372836,0.388964267331176,0.0444768518209457,0.102076734474394,0.00378608610481024,0.0799999997252598,0.0145170289324597,0.0592812150716782,0.00228963932022452,0,0.00628272257745266,0.109543010650668,0.0963325180346146,3.04978947015479,0.121304020285606,0.242033648537472,0.0795454561011866,0.87905063823564,0.0315115712583065,4.16216222709045,0.0463201256934553,0.51236897642957,0.298053846112452,1.04491191927809,0.175321579445153,0.874125893460587,0.170568566420116,1.26060610543936,0.0469798659905791,3.24607333168387,0.0200617285445333,0.621728781610727,0.259793824050575,1.24029374029487,0.0179591836640611,15.5903996061534,0.0425985082983971,2.7445171958534,0.00689655193127692,0.133140377467498,0.0255733707163017,0.201772322645411,0,0.0401002494618297,0.00965634762542322,0.0276690149330534,0.475438606343232,0.0930232582613826
3.56034483836265,0.56851850845851,15.2211305140518,2.44778617459815,0.0330988829955459,0.116632447578013,1.97575759384199,1.54626861619181,0.014190316782333,0.0588001585565507,0.361572772497311,0.773285218630917,0.421776199073065,0.756425209692679,0.0635564555414021,0.0972175685456023,0.133765711798333,0.130039957875852,0,14.890135277994,0.0527148135006428,0.0763673926703632,6.77219335356494,1.63620224548504,0.0304612697800621,0.0279187811538577,0.0382003403501585,0.0396825384814292,0.509464227594435,0.488948417478241,3.20174494036473,1.70007262629224,16.6879061926156,6.4677325268276,0.86452242359519,0.168367339647375,0.123711337801069,0.0245599664049223,0.102647657040507,0.0154380546882749,0.121374868787825,0.0116772829787806,0.00703812343999743,0.00886917999014258,0.00814111274667084,0.0196353434585035,0.0307328605558723,0.022975301835686,0.0029048656579107,0.00515463919145986,0.0151551030576229,0.00179640721762553,0.000837520929053426,0,0.0490587581880391,0.0287531104404479,0.703445374965668,0.201795644359663,0.304971035802737,0.0314502040855587,0.0666116129141301,0.0289548023138195,0.038922157138586,0.0893253127578646,0.0301857576705515,0.0125578326405957,1.35336975485552,0.712671320477966,15.1576636300888,1.94993633287959,1.92114996397868,2.47882727556862,0.75916013342794,0.903959218703676,0.207537426380441,0.663512056693435,0.671057722531259,1.18335295387078,0.00750267913099378,0.0444209414999932,0.0341237718239427,0.043352601933293,0.0366903784452006,0.020633751526475,0.0219109194586053,0.0119000393897295,0.00174291944131255,0.0106221546884626,0.0273906776856165,0.00402504464727826,0.669286938849837,0.528301904443651
0.410737659636652,3.06542049231939,0.946372267208062,9.55663047468988,0.00385951367206872,0.144116524374112,0.212493325729156,2.65769291174365,0.00389105058275163,0.0602006673580036,0.0908746663480997,1.29076089360751,0.0944633991457522,1.10617007769179,0.0127713917754591,0.146974982693791,0.0454373331740499,0.256235063716304,14.890135277994,0,0.0782230829936452,0.0946969725191593,0.568416021531448,3.30014078307431,0.0129449842497706,0.0197005516383797,0.0118577072862536,0.0647010650136508,0.158006683923304,0.763924055790994,0.947692299610935,1.40846990665887,3.37599058065098,3.55912170780357,0.132075474481098,0.0318650426343083,0.0761831488343887,0.0473825002554804,0.123240778804757,0.0267631092574447,0.0383104139473289,0.0320699707372114,0.00502232165308669,0.0126088260440156,0.00320307502988726,0.0270984809612855,0.0365373797831126,0.0207877464126796,0.00136612018104643,0.00968858145643026,0.00955196734867059,0.00910643115639687,0.000780640111770481,0,0.0711956489249133,0.0580321840243414,0.239755351678468,0.631492176558822,0.101940345019102,0.0576496669091284,0.0388757566688582,0.0565535578061827,0.023190442530904,0.177724405191839,0.0152284260839224,0.0499999988824129,0.554533518967219,0.579275337950094,5.36719272146001,5.05491884693038,0.742813362332527,3.49049421551172,0.228198230091948,1.61834858532529,0.114637611084618,1.12716765026562,0.742649706196971,1.85299518599641,0.00294117664452642,0.0707021771231666,0.0121145369485021,0.102635225804988,0.0105448157410137,0.0297783925198019,0.0111459419131279,0.031825152633246,0.000810044526588172,0.0149466193397529,0.0387453879229724,0.00774860114324838,1.05166241945699,0.648785441415384
0.0288560630287975,0.0262132480274886,0.0583657587412745,0.0954117283690721,0.139130428433418,2.67164185387082,0.0638297904515639,0.062410670943791,0.135706334374845,0.329411784186959,0.0577319609001279,0.0392772984923795,0.0831775726401247,0.0342501309933141,0.603696119505912,0.573351269122213,0.0577319609001279,0.0541401281952858,0.0527148135006428,0.0782230829936452,0,8.376417348627,0.103117505845148,0.138004253385589,2.80898870551027,2.92041512019932,1.6903376262635,3.36186770349741,1.37407413613982,0.539959701010957,3.35885163280182,2.21797929285094,0.0576036865822971,0.0467836251482368,0.0180180184543133,0.0302375801838934,0.469827584456652,0.241014795843512,0.265135705238208,0.171846440061927,5.1835617814213,0.387596909422427,0.00731834792532027,0.0578313264995813,0.00827015843242407,0.0369003682862967,0.0667726536048576,0.0614609576296061,0.0111376291606575,0.0114848236553371,0.0161408659769222,0.00325556157622486,0.0224466901272535,0,0.155301143880934,0.0990566052496433,0.0303030314971693,0.0226343907415867,0.0145903485827148,0.00929272058419883,0.0102996255736798,0.0104868914932013,0.0187234039185569,0.0204819281352684,0.0128794844495133,0.00392413325607777,0.0221070814877748,0.0458302028710023,0.0353982311207801,0.0604651160538197,7.53944580629468,4.12304487149231,0.802575105801225,0.948766595683992,0.8545454274863,1.00246918108314,0.892988940700889,0.807619038969278,0.0216802172362804,0.0355329941958189,0.0591534958221018,0.0135593219893053,1.86201016965788,0.248151193722151,0.0894129162188619,0.01410437253071,0.350877190940082,0.272168575320393,0.134333958849311,0.00537815131247044,0.81690139323473,3.17377049475908
0.00542005430907011,0.0509776521357708,0.0281599992886186,0.146458578761667,0.0707596288993955,6.24719126941636,0.0170468788128346,0.10096720821457,0.102127656340599,0.842601311858743,0.0079129571095109,0.0669710813090205,0.0275103159947321,0.0701219486072659,0.071904124924913,1.66339228278957,0.0158259142190218,0.12336160056293,0.0763673926703632,0.0946969725191593,8.376417348627,0,0.10460086830426,0.170389603357762,0.722090292721987,1.90088097937405,0.664444460533559,9.15517225605436,0.248043347150087,1.04444447520655,2.54826250020415,2.40369808394462,0.063027573749423,0.0572320527862757,0.0469798659905791,0.0793650839477777,0.0371517045423388,1.47720372187905,0.052052051294595,5.00792964105494,0.0541871911846101,7.55607452709228,0.0286591602489352,0.103468544781208,0.0241286871023476,0.107449860661291,0.0632780116284266,0.154985201428644,0.0015408321050927,0.0269841273548082,0.00867365347221494,0.0127388541586697,0.00643776822835207,0,0.0282926829531789,0.651550199836493,0.0164885493577458,0.0477964018355124,0.0120680202962831,0.0262891815509647,0.00734956376254559,0.0319767440669239,0.0131578948348761,0.0399764832109213,0.00709219835698605,0.0267515927553177,0.0435967296361923,0.144284129783046,0.0373831763863564,0.10654828324914,3.25434129894711,7.71800036658533,0.174717375775799,1.50319632305764,0.399168401956558,3.3228701222688,0.478222227538936,2.06049493560567,0.0146341463550925,0.0827586203813553,0.0219780213665217,0.0467359047615901,0.0411522632930428,0.5707472267095,0.00875486381119117,0.0401561642065644,0.0214541119057685,1.29830506932922,0.0236511453986168,0.0709549059392884,15.1200000140816,1.39306355267763
0.0793935773544945,0.06822334905155,7.85846530692652,2.16094939879258,1.10059562261449,0.739473715890199,1.57950410497142,1.98253960072179,0.309230266138911,0.350416408269666,0.0748697938979603,0.115555553056765,0.431871749227867,0.537602393771522,0.171765359700657,0.181159425119404,0.0195312505820766,0.0273972597206011,6.77219335356494,0.568416021531448,0.103117505845148,0.10460086830426,0,10.793778274674,2.90251474629622,0.2829235419631,0.86524819600163,0.233901844359934,0.297152080922388,0.392091359943151,7.88498207292287,4.48466805531643,5.21104724612087,0.621139870840125,1.10199476592243,0.170760240289383,0.0917491777800024,0.0255905510857701,0.0202614385052584,0.0125156447757035,0.0137819218216464,0.00723182014189661,0.00846824439940974,0.00903774576727301,0.00900647323578596,0.0121492623584345,0.0105289545608684,0.0308294607675634,0.000595415302086622,0.00240891287103295,0.00497100257780403,0,0.000668225868139416,0,0.00972999259829521,0.0146849832381122,0.0625937048171181,0.0545144816860557,0.0442842451157048,0.00396137638017535,0.0184049075469375,0.00523712520953268,0.00915471464395523,0.0297713978216052,0.010661648993846,0.00385568721685559,0.349409655056661,0.139798486459767,0.480119599378668,0.129642136394978,0.255921063595451,1.2832407290116,0.187870792869944,0.271863115718588,0.0865460274508223,0.0638213008642197,0.311989959853236,0.268401009729132,0.00242816680110991,0.0120192309259437,0.00738370668841526,0.0155560222046915,0.027472528454382,0.0156673697056249,0.00777579797431827,0.00637506652856246,0.00275862077251077,0.00802221504272893,0.0113278788921889,0.00196966706425883,0.0528080472140573,0.172829242423177
0.0254835041705519,0.0821917812572792,1.63747807731852,11.4018844582024,0.190515801310539,3.21552445006091,0.662371136102593,3.77155934445909,0.225765840732493,0.813897749176249,0.0505297459894791,0.206021037185565,0.2516556289047,0.943418391048908,0.152801361400634,0.307744095043745,0.0105949467397295,0.0562043773243204,1.63620224548504,3.30014078307431,0.138004253385589,0.170389603357762,10.793778274674,0,2.68796505610226,1.27435132791288,0.641058481298387,0.265188478224445,0.181056695466395,0.661957591306418,3.63330912741367,5.49653432727791,0.910558989038691,0.22109955875203,0.192251109983772,0.0369799677282572,0.0248756218934432,0.0304526748368517,0.0278460279805586,0.0131885183509439,0.0173066519200802,0.00641368282958865,0.00117750954814255,0.00826972012873739,0.00136286206543446,0.00493131385883316,0.0154256904497743,0.0161429801955819,0,0.000739918614272028,0.00142517813947052,0.00180342653766274,0,0,0.0120240485994145,0.01775804720819,0.0139889784331899,0.0583065373357385,0.00796080811414868,0.00467699486762285,0.00607734778895974,0.00567577173933387,0.00526513735530898,0.0362595421029255,0.00155581487342715,0.00199137080926448,0.0671386156172957,0.0438977331505157,0.107077376800589,0.0853242294397205,0.243600337125827,2.24641826050356,0.108443708508275,0.486997636500746,0.0696465701330453,0.116463738959283,0.347352013923228,0.254143640166149,0.00215866160579026,0.0202342914417386,0.00696661812253296,0.0241604255279526,0.0112866814015433,0.0281377278733999,0.00216021604137495,0.00795386731624603,0.00262927258154377,0.0190621431102045,0.0120510965643916,0,0.0938914067810401,0.346562321064994
