0,0.0222693530959077,6.39122239081189,0.036655212752521,0.0137324910610914,0.00217096344567835,8.10780021728715,0.0263456092507113,0.0449625324108638,0.0016216216608882,4.61214710597415,0.0143033292260952,3.28292773177964,0.0116681074141525,0.532649241329636,0.00234521576203406,1.87178785330616,0.00754527136450633,3.23473784944508,0.155523552617524,0.0154043650254607,0.00382531096693128,0.0689655190799385,0.0175064042268787,0.000573558907490224,0.00111513794399798,0.0300166754750535,0.000571755284909159,2.79882322135381,0.0130020896904171,0.24525042285677,0.0331991940038279,2.25987949623959,0.308082941221073,0.0885723107494414,0.0239520955365151,0.397248979774304,0.00601257150992751,0.378600822295994,0.0104248116258532,0.296849616221152,0.00129743758589029,0.00801518670050427,0.000912825169507414,0.00431344367098063,0,0.0667533590458333,0.0194215754745528,0.00251319434028119,0,0.0270416436251253,0,0.00272257020696998,0,0.0519589362666011,0.0431364629184827,13.5272668962716,0.0153743318514898,0.532837117672898,0.00423639052314684,1.26298570958897,0.00301734963431954,0.709827179089189,0.00265134772052988,0.065183655358851,0.000464684009784833,0.343205567041878,0.029480496479664,5.01680466945982,0.0647302934085019,0.67178506142227,0.06984993070364,3.41733534919331,0.0192822706885636,0.998399006319232,0.0102960104122758,0.866083258064464,0.0542841958813369,0.0365177704952657,0.000648718792945147,0.343255236104596,0.00291438982822001,0.486828798602801,0.00151019386248663,0.328245383338071,0.000922367413295433,0.0470723295584321,0.000516662374138832,0.0493647898547351,0.00103376980405301,0.0486666661454365,0.0658823535777628
0.0222693530959077,0,0.030753101920709,3.46242306061322,0.000566411763429642,0.021818182663992,0.00712589104659855,4.25553935556673,0.000572573742829263,0.0105849584797397,0.00439077941700816,7.1315590426675,0.00205634380108677,1.28906594030559,0.00191479176282883,0.0712566199945286,0.0122665173839778,2.49301615217701,0.266842809040099,2.52662594505819,0.0385894865030423,0.0449289712123573,0.0264064287766814,0.0262352434219792,0.000592241645790637,0.00345125107560307,0.00172018341254443,0.0129870126256719,0.0250638193683699,1.04503219679464,0.12883591663558,0.186239015311003,0.181734950747341,2.16117851028685,0.0243667853064835,0.00587659160373732,0.0425531936343759,0.0732600752962753,0.0475247504655272,0.0214649853296578,0.0114516671746969,0.0107635380700231,0.00388684959034435,0.0117041199700907,0.00393797690048814,0.00405371189117432,0.0190941389591899,0.00864491041284055,0.000516929430887103,0.00206825230270624,0.00147139967884868,0.00132743362337351,0,0,0.0124383440997917,0.0441146141674835,0.0401823391439393,11.7664288145024,0.0192911620542873,0.134027324442286,0.0175732222851366,0.423584161733743,0.00902574969222769,0.54664856090676,0.00212992541491985,0.0491177885560319,0.125399643380661,0.373739215981914,0.30435903754551,2.38630534429103,0.192818766983692,1.07623070542468,0.0336273440043442,1.72406180854887,0.0325257232179865,0.466977996984497,0.357279418269172,0.941885971929878,0,0.0941809581127018,0.00432245520642027,0.315613384387689,0.0041688377968967,0.0698938668938354,0.00236371695064008,0.166067233745707,0.00118553650099784,0.0186120721627958,0.0107407407194842,0.014401124586584,0.803460219351109,0.118673648685217
6.39122239081189,0.030753101920709,0,1.14540152560221,2.05666484491667,0.277333336416632,14.6664744603913,1.0916491409007,0.372410016891081,0.0754316108068451,1.17203454358969,0.0553398070042022,2.90472418157151,0.257830812770408,0.562830214767018,0.030030030029593,0.142477403860539,0.0143528828048147,10.811532906635,0.552984178124461,0.0308079207316041,0.016239850781858,7.10868367404328,1.77300488721812,0.15371621993836,0.163745899219066,0.108108108630404,0.106090369226877,1.60481708095176,0.109332112857373,5.50461375358282,0.712199943314772,7.12852099398151,0.26883741049096,0.193078316864558,0.0290302662178874,0.238918924704194,0.00590762635692954,0.167115902877413,0.00358790380414575,0.0540712469955906,0.00127064797561616,0.0037453182740137,0.00179896561894566,0.00991033483296633,0.00145560409873724,0.0192348791460972,0.00374843817553483,0.00247279909672216,0,0.0121168927289546,0,0.000535045459400862,0,0.0181893338449299,0.0155192998645362,1.1997376398067,0.0198379898210987,0.274120443355059,0.000835770973935723,0.127144300786313,0.00148441357305273,0.0725520019768737,0.000435634923633188,0.0172983976081014,0.000915541313588619,0.330404809792526,0.020611230051145,1.5039487539907,0.02771739003947,1.33674568467541,0.432707769912668,1.51669741235673,0.073177155747544,0.45796737249475,0.0132366843754426,0.699687179760076,0.0816113040782511,0.0191570876631886,0.00381194392684847,0.0487296962819528,0.0043204320827499,0.0852230277378112,0.00445765221957117,0.0532834100886248,0.00152207008795813,0.0112707808148116,0.00152439018711448,0.0139910319121554,0,0.0489396406919695,0.0664473712677136
0.036655212752521,3.46242306061322,1.14540152560221,0,0.0677710818126798,3.01439919468248,0.50243428722024,17.1136034459923,0.0491637120721862,0.573831319343299,0.024408103490714,1.47658024085104,0.170428889163304,1.57835445788805,0.0444828342006076,0.260907316056546,0.00346534664276987,0.115304465900408,1.88228228225489,12.1110682270373,0.076322635402903,0.0718390801921487,2.14157425303711,15.777998885198,0.0245430807699449,0.68549618544057,0.00761228118790314,0.0604009374510497,0.10331793007208,0.661505372147076,3.10009098134469,4.13104875621502,0.4155951749417,1.77313074917765,0.0358342677354813,0.0136518767103553,0.0462544017937034,0.0244877567747608,0.0687061188509688,0.0110047845519148,0.00642898870864883,0.00758902495726943,0.00472069240640849,0.00507936521898955,0.000885739573277533,0.00454545457614586,0.025015129824169,0.0153543306514621,0.000462748721474782,0.000925711647141725,0.00169779290445149,0,0,0,0.0136825647496153,0.026018100004876,0.0338770385133103,0.457404773187591,0.0122174707939848,0.0193522909248713,0.00840817909920588,0.0782407393562607,0.00521327008027583,0.0837954429443926,0.00142551673343405,0.00903808927978389,0.0539207611000165,0.0673890947364271,0.137182448903332,0.439110662206076,0.41553883504821,2.50149700191105,0.0789022306562401,1.07431930897292,0.0680900145089254,0.272964371193666,0.478366565192118,0.79297732404666,0.00117302057333291,0.00992410955950618,0.00511811021715403,0.0648037034261506,0.0032626427419018,0.0264133458549622,0.00304624749696814,0.0292056065518409,0.00104520516470075,0.00949216890148818,0.0116179735632613,0.00455506751313806,0.579120551701635,0.195298371138051
0.0137324910610914,0.000566411763429642,2.05666484491667,0.0677710818126798,0,0.605905024334788,0.236066956771538,0.0291911617387086,8.68428201670758,0.0839160815812647,0.0528580198297277,0.00103734445292503,0.236120869405568,0.00239904038608074,3.33919477416202,0.0542817017994821,0.0331210196018219,0,0.0150495047564618,0.00292611564509571,0.394337723264471,0.0712871309369802,1.2140853907913,0.239342981949449,1.54705885378644,0.810958925634623,2.52209383237641,1.26477025542408,1.30802793661132,0.0376146791968495,3.90342695941217,0.319091394776478,0.125850337557495,0.00307810702361166,0.0163339383434504,0.00382409174926579,0.0716180359013379,0.00522193219512701,0.0065876153530553,0.00350877188611776,0.521008430048823,0.00418410031124949,0.00382555474061519,0.00177383597474545,0.00293255131691694,0,0.00643345387652516,0.00229885062435642,0.00107991357799619,0,0.00818713440094143,0,0.00388098321855068,0,0.00604686327278614,0.00211714894976467,0.0199692780151963,0.000518537708558142,0.00573535432340577,0,0.00796236004680395,0,0.00685714278370142,0,0.0149511217605323,0,0.00885690562427044,0.00465657748281956,0.00537634419742972,0.0013440860202536,2.32236852054484,0.0819245770107955,0.42706395406276,0.0261356573319063,0.0763052180409431,0.0122324153780937,0.0656934301368892,0.0073574495036155,0.0148936165496707,0,0.0459770124871284,0,0.578802863019519,0.00433369446545839,0.0286195279331878,0.000456829613540322,0.110537954606116,0.008027522591874,0.0183269281405956,0.00108784332405776,0.00458190171048045,0.0117924530059099
0.00217096344567835,0.021818182663992,0.277333336416632,3.01439919468248,0.605905024334788,0,0.103296243818477,1.0034156809852,0.4578947564587,14.1521341383923,0.00598444021306932,0.0324543602764606,0.0941176484338939,0.0306483311578631,0.195918370038271,6.54011912248097,0.00743494438938797,0.0464870557188988,0.0163487736135721,0.0374370040372014,2.6911907538306,6.67741930042394,0.372579150251113,2.99577082553878,1.2920227854047,13.1781910720747,0.976897720247507,17.4925790634006,0.189212327357382,2.05935256497469,4.21421330492012,6.53565742447972,0.0383973277639598,0.0295119174406864,0.0191972078755498,0.0495412847958505,0.00902061827946454,0.656091357115656,0.0192061462439597,2.55188134498894,0.00200803205370903,1.04800004977733,0.0353649350581691,0.0956937816226855,0.0162679423810914,0.0476190500194207,0.028447253163904,0.0911831178818829,0,0.00633245380595326,0.00404157041339204,0,0.00125786161515862,0,0.00446096656378359,0.626129281939939,0.00253164558671415,0.0251217639888637,0.00724346050992608,0.0106141017749906,0.0121125754085369,0.0211193249560893,0.00334448169451207,0.0147359798429534,0.00448682019487023,0.00900495273526758,0.0322668855078518,0.125287355855107,0.0126050426624715,0.0313315931707621,2.00255752843805,4.87104947876651,0.0640483407769352,1.85705625393894,0.0500000000465661,0.768780488520861,0.114928914234042,0.555223863339052,0.00406504049897194,0.0120000005699694,0.00904295383952558,0.0322864687768742,0.0289544232655317,1.41269843210466,0.00208507088245824,0.0443238351144828,0.00571020692586899,2.67673379322514,0.00350160500966012,0.041386726021301,1.04907301976345,0.103139018639922
8.10780021728715,0.00712589104659855,14.6664744603913,0.50243428722024,0.236066956771538,0.103296243818477,0,0.439665769779822,0.611835077404976,0.0297195472230669,1.83526489895303,0.0128579774172977,6.83688643301139,0.0816684170567896,0.792023834947031,0.015724447905086,0.131099472317146,0.00316580920480192,1.05270507186651,0.154571470833616,0.0138292802730575,0.00996441268944182,1.69878384587355,0.614717131364159,0.030230011761887,0.0561629146395717,0.0209580842056312,0.0209790207445621,1.85010002649506,0.0304549674619921,1.53069579604198,0.275821126968367,1.35108876315644,0.0751206057611853,0.0399349897634238,0.00893907315912656,0.137916398671223,0.00168883264996111,0.128308275860036,0.00528992869658396,0.0341592486365698,0,0.00515552485012449,0.00109890112071298,0.00152351928409189,0,0.0186226280929986,0.00550300953909755,0.00118647419731133,0,0.0123773582454305,0,0.00336771202273667,0,0.0153819854313042,0.0135784072626848,0.918014304712415,0.00594732351601124,0.101310661295429,0,0.200737271865364,0.00197823930648156,0.206256310164463,0.00214132759720087,0.0214401301636826,0.00111482717329636,0.11205631744815,0.00481855124235153,0.285488655616064,0.0161943320417777,0.959576745954109,0.15686274622567,1.35423584823729,0.0224438910372555,0.411806701595197,0.00430004781810567,0.51103319140384,0.030603805265855,0.0106151992804371,0,0.1128116955515,0.00334957384620793,0.0927178684214596,0.000395961193135008,0.151313309033867,0.000791243539424613,0.0100832968601026,0.00121236615814269,0.0151791129610501,0,0.020598333212547,0.0375030827708542
0.0263456092507113,4.25553935556673,1.0916491409007,17.1136034459923,0.0291911617387086,1.0034156809852,0.439665769779822,0,0.0167517872760072,2.24038464459591,0.0178359093843028,4.75855630409205,0.167916996462736,7.39864882780239,0.0293906800216064,1.09827210882213,0.00481058342847973,0.272209557675524,1.4851951302262,3.97269637678983,0.0921052634366788,0.0948295346461236,1.64544353517704,2.7734270185756,0.0171584015479311,0.124205778061878,0.00613496944424696,0.0442588723963127,0.0777447012369521,1.96642260227236,3.41852206643671,5.6571752007294,0.371512727811933,1.59056162677007,0.0398141998448409,0.0143337063491344,0.0405926519306377,0.0387800456956029,0.0611707503558137,0.015597582096234,0.00960878512705676,0.00868571430328302,0.00265208026394248,0.00916461047017947,0.00329368718666956,0.00373901653802022,0.0193024040199816,0.00862497923662886,0,0,0.0014622020535171,0.000675447459798306,0.000402819743612781,0,0.0158285242505372,0.0332640327978879,0.0251194551819935,0.860637717938516,0.00750853231875226,0.024280724232085,0.00549983824021183,0.1112165520899,0.00309537630528212,0.189068405597936,0.00116324156988412,0.0167977131495718,0.0580204760190099,0.0889861407631543,0.119340785604436,0.24862441845471,0.454342991695739,4.32075847237138,0.0787276353221387,1.31277359623346,0.067950168158859,0.182272728503449,0.462966617313214,0.542574250430334,0.00045882083941251,0.0374857143615372,0.00331729970639572,0.170746091549518,0.00687022903002799,0.0410256399773061,0.00244768074480817,0.0995254566660151,0.000837520929053426,0.0127832658472471,0.012349309050478,0.00817361855297349,0.340167760732584,0.209046166099142
0.0449625324108638,0.000572573742829263,0.372410016891081,0.0491637120721862,8.68428201670758,0.4578947564587,0.611835077404976,0.0167517872760072,0,0.076872962876223,0.261799873784184,0,3.26709400035907,0.00081201788270846,21.0117756146938,0.0419247255194932,0.160574415000156,0.00220872438512743,0.00402090867282823,0.00370919879060239,0.214511029422283,0.0720164587255567,0.258593503385782,0.16752680123318,0.487140678334981,0.561181422905065,0.710397747694515,0.925731438677758,4.22537722566631,0.0317460318328813,2.09639830898959,0.225289887282997,0.0224719105754048,0.00859039439819753,0.00751879718154669,0.00396825419738889,0.0530612252186984,0,0.0486486498266459,0.00598086102399975,0.0196936544962227,0.00217864918522537,0.0139751555398107,0.000902119965758175,0.00199203193187714,0,0.0383830146165565,0.00233281496912241,0.00220507173798978,0,0.039030157844536,0,0.0159151190891862,0,0.0145705518079922,0.00357653800165281,0.0408479829784483,0.000523697293829173,0.0124843942467123,0,0.0337614670861512,0,0.0373831763863564,0.000847098708618432,0.0317460307851434,0,0.00895104929804802,0.00235432595945895,0.00439077941700816,0.00137931038625538,4.51147083914839,0.105333332205191,0.87221866613254,0.0229445504955947,0.321503138635308,0.00848356354981661,0.189290155656636,0.0175768991466612,0.0354767180979252,0,0.139968898147345,0.000601503765210509,0.553000589017756,0.00663716811686754,0.0627916834782809,0.000921658996958286,0.095526915974915,0.00820633035618812,0.0209267571335658,0,0.00718562887050211,0.0123456795699894
0.0016216216608882,0.0105849584797397,0.0754316108068451,0.573831319343299,0.0839160815812647,14.1521341383923,0.0297195472230669,2.24038464459591,0.076872962876223,0,0.00237247929908335,0.015098137082532,0.0199655767646618,0.0687500010244548,0.0315315322950482,7.51639339624671,0.00122774706687778,0.0262054498307407,0.0123839005827904,0.0186179729644209,0.301526718540117,0.525724973063916,0.126682988600805,0.388379217823967,0.188865390373394,2.68334423517808,0.130718958098441,2.30769239715301,0.037430880125612,0.946851284243166,0.994458445580676,3.62054494861513,0.0149315631715581,0.0127915722550824,0.00861326465383172,0.0126696833176538,0.00382897246163338,0.142049027374014,0.0126823084428906,0.120972306001931,0,0.181280793622136,0.00673400686355308,0.0440795168979093,0.00855106883682311,0.0150829571066424,0.0196386492461897,0.0412139363470487,0,0.00104712042957544,0.000574877834878862,0,0,0,0.00147874304093421,0.0615278262412176,0.00151324085891247,0.0102145050186664,0.0031999999191612,0.00150772708002478,0.0042523032752797,0.00628601387143135,0,0.00569568749051541,0,0.00536672619637102,0.0152505442965776,0.0412017186172307,0.00208441889844835,0.0155138983391225,0.359721337910742,1.89104576013051,0.0167664673645049,0.705882330425084,0.0151658765971661,0.200000000186265,0.0692894888343289,0.16568047227338,0,0.00985221704468131,0.00149868859443814,0.0122735238983296,0.00531914876773953,0.379002623260021,0.000831427983939648,0.0126211401075125,0.00282485876232386,0.295063784113154,0.000581057509407401,0.00802997848950326,0.092274677939713,0.0463065064977854
4.61214710597415,0.00439077941700816,1.17203454358969,0.024408103490714,0.0528580198297277,0.00598444021306932,1.83526489895303,0.0178359093843028,0.261799873784184,0.00237247929908335,0,0.0048995588440448,11.2896251916536,0.0114766642218456,2.81354434421519,0.000888888898771256,6.44087922759354,0.00203873589634895,0.261561793740839,0.0330172124668024,0.0199637024197727,0.00534283183515072,0.0571944611147046,0.0254681650549173,0.00678886601235718,0.0114431020338088,0.0202020201832056,0.00808625319041312,2.56964665954001,0.00959441775921732,0.197155475034378,0.0254841987043619,0.121703854529187,0.0258112093433738,0.0213991769123822,0,0.120913012651727,0.00121580541599542,0.172900063334964,0.00548546377103776,0.110798125038855,0,0.0102676936658099,0.000844594615045935,0.00463177391793579,0,0.0400000000372529,0.000734483997803181,0.0101781170815229,0,0.065100482897833,0,0.0156720915110782,0,0.0246466115349904,0.0115371566498652,2.43493397865677,0.00302267004735768,0.169929522555321,0.00073882524156943,0.436717669013888,0.00203769747167826,0.869565195171162,0.00318471342325211,0.0853131726616994,0.000873362470883876,0.0493827147874981,0.00732600752962753,0.122655858984217,0.00749531574547291,0.662584183039144,0.0448213185882196,1.49999994935934,0.0116279069334269,0.559062226675451,0.00365630723536015,0.430278872139752,0.0275229346007109,0.182336177676916,0,1.34484019997763,0.00287686998490244,2.3185108313337,0,0.289825285726693,0.000445335113909096,0.100680273491889,0.00107700587250292,0.0343249412253499,0,0.0162271801382303,0.0395421455614269
0.0143033292260952,7.1315590426675,0.0553398070042022,1.47658024085104,0.00103734445292503,0.0324543602764606,0.0128579774172977,4.75855630409205,0,0.015098137082532,0.0048995588440448,0,0.00429447850910947,7.97873051447095,0.00155339809134603,0.719717747415416,0.00604838691651821,6.3172778354492,0.530112266889773,1.39453615323873,0.0370634365826845,0.0547752814600244,0.0364338947692886,0.0309660059865564,0,0.00640341499820352,0.00530503981281072,0.0123249305179343,0.0133037692867219,7.81649941566866,0.391452994779684,0.753866535203997,0.136659437790513,1.28908070386387,0.0316622704267502,0.0136986305005848,0.0270551522262394,0.0544707112712786,0.0476190485060215,0.00753295654430985,0.0073206442175433,0.0175182474777102,0.00726552202831954,0.0314724604832008,0.00650406489148736,0.0153583612991497,0.0234401921043172,0.0185185179580003,0,0.00176600436680019,0.00156494515249506,0.00137127190828323,0,0,0.00718954269541427,0.0357142850989476,0.014351851597894,1.61554669321049,0.00840630498714745,0.0305851054145023,0.0069247717037797,0.159010601928458,0.00277264328906313,0.262353351339698,0.00185787270311266,0.0169818601571023,0.0610876562423073,0.159480512898881,0.127528580778744,0.483701340854168,0.244053771719337,2.02356546069495,0.0217283950187266,3.43295378994662,0.0354609917849302,0.444444429595023,0.322643341962248,0.659168702084571,0.00295420968905091,0.249635026557371,0.00264550256542861,0.410378616652451,0.00357941840775311,0.14513274282217,0.00193573359865695,0.093071783601772,0,0.0139017609762959,0.00684751156950369,0.00782204885035753,0.839160857722163,0.166402541217394
3.28292773177964,0.00205634380108677,2.90472418157151,0.170428889163304,0.236120869405568,0.0941176484338939,6.83688643301139,0.167916996462736,3.26709400035907,0.0199655767646618,11.2896251916536,0.00429447850910947,0,0.0281763647217304,11.5419415079523,0.00864802510477602,1.32598206866533,0.00314366538077593,0.250453713233583,0.0526315769529901,0.0206807409413159,0.0102476512547582,0.441312476468738,0.302391364937648,0.026745913317427,0.0616045867791399,0.0499464845051989,0.0332963376422413,4.85927151865326,0.0193621875951067,0.751381204929203,0.159069468267262,0.210097727598622,0.0330704660154879,0.00986031233333051,0.00168208579998463,0.141549290798139,0.000698324001859874,0.147368426551111,0.00460223556729034,0.0665499111637473,0.00174825172871351,0.0146984293824062,0,0.00710479589179158,0,0.0497512429137714,0.00152206997154281,0.00753768836148083,0,0.0488215476507321,0.000521512411069125,0.0187630306463689,0,0.0286576185026206,0.0115218437276781,1.35967922894633,0.0050105994741898,0.117148155230097,0.00101884873583913,0.340903561213054,0.000628535519354045,0.613238161895424,0.000536049308720976,0.0618690994451754,0,0.0525783631019294,0.00671140942722559,0.0877192977350205,0.00992907769978046,1.73422158474568,0.0815330991754308,1.90078159683617,0.0190540994517505,0.585051554837264,0.00345871155150235,0.655241934873629,0.020249747321941,0.0554577454458922,0,0.631151681533083,0.00127795524895191,1.201395507087,0.00377595971804112,0.364891534263734,0.00105078812339343,0.0699144658865407,0.0039011703338474,0.0428419923991896,0.000399281299905851,0.0136054423637688,0.0550458719953895
0.0116681074141525,1.28906594030559,0.257830812770408,1.57835445788805,0.00239904038608074,0.0306483311578631,0.0816684170567896,7.39864882780239,0.00081201788270846,0.0687500010244548,0.0114766642218456,7.97873051447095,0.0281763647217304,0,0.00254129595123231,0.379641490755603,0.00156433321535587,1.36812416370958,0.863325776299462,1.60172004601918,0.0809716619551182,0.0871306975604966,0.278836993093137,0.431715585873462,0,0.00899060087976977,0.0016273392830044,0.0093299406580627,0.0256175670074299,8.10798888432328,1.31273599807173,2.62482378212735,0.144354600226507,0.668711678939871,0.0201053135097027,0.00688637455459684,0.0288577149622142,0.0262008741265163,0.04151696478948,0.0118650356307626,0.00722021679393947,0.0102933612652123,0.00388780882349238,0.01048735313816,0.00329706555930898,0.0102845393121243,0.0149683366762474,0.00722824572585523,0.000704473408404738,0.000704721605870873,0.00090764689957723,0,0,0,0.0132122207432985,0.0219837741460651,0.00858369129127823,0.767960384837352,0.00758459750795737,0.0178721025586128,0.00373333337483928,0.0761367639061064,0.00146145420148969,0.187241590465419,0,0.0126422254834324,0.0291304354032036,0.0655663595534861,0.071654375991784,0.212525259063113,0.239329878240824,3.0685148119228,0.0400307916570455,1.74787967797602,0.0463943521026522,0.162601619958878,0.38996580184903,0.38655463361647,0,0.0720535288564861,0.00111203780397773,0.171034484286793,0.00213675212580711,0.0614189886837266,0.000348492758348584,0.0663560093962587,0,0.0109849870204926,0.00823798641795292,0.00471698126057163,0.275268822908401,0.238692110055126
0.532649241329636,0.00191479176282883,0.562830214767018,0.0444828342006076,3.33919477416202,0.195918370038271,0.792023834947031,0.0293906800216064,21.0117756146938,0.0315315322950482,2.81354434421519,0.00155339809134603,11.5419415079523,0.00254129595123231,0,0.0316091952845454,1.9088858475443,0.00240384618518874,0.0372005044482648,0.0088731141295284,0.436430337256752,0.0386240184307098,0.211618268396705,0.134207238152158,0.158445446868427,0.239202656317502,0.878186956979334,0.335976223577745,10.102075227187,0.0282985507510602,1.92460167221725,0.130608976061922,0.0700233402312733,0.0289587178849615,0.0240137219661847,0.0141760194674134,0.454756376566365,0.00367140886373818,0.135796767601278,0.00763682636898011,1.00813005096279,0.00249532121233642,0.0981294084340334,0.00689179869368672,0.0289639814291149,0,0.205488188774325,0.00491249607875943,0.0384153658524156,0,0.222768612380605,0,0.1067031439743,0,0.146371089795139,0.00632002321071923,0.469580492645036,0.00444049743236974,0.133419685764238,0.00246837385930121,0.26451613928657,0.00160192232578993,0.291197335114703,0.00196979648899287,0.208717519941274,0,0.0694835699396208,0.0215527804102749,0.0414838455617428,0.00843091320712119,6.06921996083111,0.128146455390379,1.98937108158134,0.0372670817887411,0.522215438308194,0.0196560192853212,0.460061098041479,0.0447761204559356,0.201638303697109,0,1.3804113981314,0.00199501239694655,10.2293353442801,0.0136381866177544,0.595665859524161,0.00119402987184003,1.42814371024724,0.0108741113799624,0.303225818206556,0,0.0144736848305911,0.0468227412784472
0.00234521576203406,0.0712566199945286,0.030030030029593,0.260907316056546,0.0542817017994821,6.54011912248097,0.015724447905086,1.09827210882213,0.0419247255194932,7.51639339624671,0.000888888898771256,0.719717747415416,0.00864802510477602,0.379641490755603,0.0316091952845454,0,0.0118559048860334,0.809870577126276,0.0222363395732827,0.0536193017615005,0.702233244897798,1.18799751857296,0.0574112747563049,0.161006286740303,0.192637418513186,1.32117141410708,0.160458452068269,2.34202609513886,0.0672384203644469,11.8151976703084,0.709297745022923,1.62055021576816,0.0463865550700575,0.0931098737055436,0.0394202880561352,0.113840627600439,0.00938526529353112,0.693271455704235,0.0130780007457361,0.486926699988544,0.00380952365230769,0.66244457650464,0.12604263285175,0.320361375110224,0.0809291840996593,0.141010580118746,0.108681668236386,0.293226109701209,0.00242424249881878,0.0137429264141247,0.0034627752029337,0.00255918106995523,0.000922083912882954,0,0.00244723167270422,0.344229100155644,0.00618238025344908,0.0941964290977921,0.0150130550609902,0.0236244945554063,0.0129946845117956,0.068742418079637,0.00168562994804233,0.0555923224892467,0.00423370016505942,0.044285713811405,0.115675163688138,0.36659276811406,0.0209424088243395,0.0956892456160858,0.855809630127624,3.67144835618092,0.0411817359272391,3.74170393263921,0.0247066095471382,0.730673341546208,0.0996912205009721,0.986690355930477,0.00511836213991046,0.07979733904358,0.00494896387681365,0.262920222012326,0.0122749592992477,3.47509101906326,0.00297674420289695,0.130373924097512,0.00101010105572641,1.48288975615287,0.0039940089918673,0.0497674429207109,0.403743323404342,0.0530251533491537
1.87178785330616,0.0122665173839778,0.142477403860539,0.00346534664276987,0.0331210196018219,0.00743494438938797,0.131099472317146,0.00481058342847973,0.160574415000156,0.00122774706687778,6.44087922759354,0.00604838691651821,1.32598206866533,0.00156433321535587,1.9088858475443,0.0118559048860334,0,0.0209973752498627,0.0743897706270218,0.017921146354638,0.0440191382076591,0.0131332082673907,0.0165390498004854,0.0045924223959446,0.00282485876232386,0.00395778380334377,0.0445317619014531,0.0140154163818806,3.70272562099854,0.0527728075976484,0.0544904130510986,0.0094488188624382,0.461794008966535,0.195103577512782,0.569948185002431,0.638838477432728,0.447570328833535,0.0818639766657725,0.10927572590299,0.0147225364344195,0.123015880119056,0.0039525693282485,0.160299627110362,0.0450021626893431,0.17507135681808,0.0372608257457614,0.150216284557246,0.018754688790068,0.199161418713629,0.00209753541275859,0.739355586119927,0.00468933186493814,0.108614229946397,0,0.0651369332335889,0.0200692044454627,4.20747114520054,0.0306670088320971,1.01241490989923,0.0113207547110505,1.84107845794642,0.0188877219334245,3.36434112326242,0.0122199591714889,1.31810588226654,0.00985221669543535,0.61978739022743,0.324169546016492,0.125260963104665,0.0932642463594675,0.393401007167995,0.0526976154651493,1.4049189700745,0.046903187292628,0.60266159218736,0.013500482076779,0.631764680729248,0.759928897139616,2.92168663814664,0.00592885399237275,8.33233313565142,0.0310032184934244,5.26691536209546,0.0231335423886776,0.779534086585045,0.0252593590412289,0.254777062218636,0.0133333336561918,0.112823490053415,0.00535762112122029,0.0559741645120084,0.0508849555626512
0.00754527136450633,2.49301615217701,0.0143528828048147,0.115304465900408,0,0.0464870557188988,0.00316580920480192,0.272209557675524,0.00220872438512743,0.0262054498307407,0.00203873589634895,6.3172778354492,0.00314366538077593,1.36812416370958,0.00240384618518874,0.809870577126276,0.0209973752498627,0,0.0755244784522802,0.230042358860373,0.0574018126353621,0.0832713758572936,0.0135440183803439,0.0145228219334967,0.00235988199710846,0.0111420615576208,0.00332225917372853,0.0293083227006719,0.034259612148162,16.4691851264797,0.0725342775695026,0.132783883309457,0.260513584362343,0.460804378148168,0.139178847894073,0.0753077482804656,0.0271296798018739,0.14890197920613,0.0226659468607977,0.0303178483154625,0.00621600635349751,0.0433772262185812,0.0223804688430391,0.054826253792271,0.0142797139124013,0.0450331113534048,0.014883061463479,0.0237691006623209,0.000914494739845395,0.0128087830962613,0.00532623147591949,0.00352360802935436,0,0,0.00201274745631963,0.0618491665227339,0.0419712328002788,3.51669848474558,0.0569164248299785,0.155001708713826,0.0510006455006078,0.75148742768215,0.012470024114009,3.44915881665656,0.0163934425218031,0.167197454720736,0.351570433122106,0.662954116705805,0.132118448091205,0.754799814894795,0.17466307268478,1.54511482769158,0.027749230270274,4.66220413113479,0.0105184072162956,0.498480249196291,0.194037392735481,0.812817913363688,0.00313725485466421,7.74128569336608,0.00882852310314775,4.10978899814654,0.00278293137671426,0.570380551624112,0.00825633999193087,0.44897092244355,0.00236406619660556,0.0808080823626369,0.00161377078620717,0.0209371887613088,0.672185429837555,0.0676246825605631
3.23473784944508,0.266842809040099,10.811532906635,1.88228228225489,0.0150495047564618,0.0163487736135721,1.05270507186651,1.4851951302262,0.00402090867282823,0.0123839005827904,0.261561793740839,0.530112266889773,0.250453713233583,0.863325776299462,0.0372005044482648,0.0222363395732827,0.0743897706270218,0.0755244784522802,0,14.282510005869,0.0400000018998981,0.0475012343376875,4.78056866361294,1.03139018639922,0.00674820737913251,0.00242816680110991,0.00644641416147351,0.00335852219723165,0.368755675444845,0.331557493074797,4.91249594697729,2.55104904994369,14.7511146473698,9.81662043061806,0.518693796359003,0.176956737530418,0.165144903585315,0.0290994896786287,0.103598257643171,0.0147004774771631,0.0723382602445781,0.00305033032782376,0.0038620691630058,0.00122473970986903,0.010467778891325,0.00408024480566382,0.0245854772510938,0.0243026784155518,0.00279427180066705,0,0.00586774980183691,0.000569151947274804,0,0,0.019688269123435,0.0239271785831079,1.12385599306435,0.125718982249964,0.235225949669257,0.00332871009595692,0.0604133532615378,0.0146801813389175,0.0333212614059448,0.0304985349066556,0.0174545450136065,0.0025094102602452,0.753460231295321,0.241061392938718,11.8815740793943,0.990796310943551,2.42749893665314,1.40290306205861,0.552250207634643,0.464476713910699,0.180368716246448,0.142570275813341,0.597363463195506,0.662376987747848,0.0123013844713569,0.00610066065564752,0.0243026784155518,0.0251486053457484,0.0268361582420766,0.00910045520868152,0.0149227830697782,0.0103915383806452,0.00337837846018374,0.0029038111679256,0.0127446515252814,0.000426621147198603,0.468152890331112,0.204410966252908
0.155523552617524,2.52662594505819,0.552984178124461,12.1110682270373,0.00292611564509571,0.0374370040372014,0.154571470833616,3.97269637678983,0.00370919879060239,0.0186179729644209,0.0330172124668024,1.39453615323873,0.0526315769529901,1.60172004601918,0.0088731141295284,0.0536193017615005,0.017921146354638,0.230042358860373,14.282510005869,0,0.0878225433989428,0.0762331817531958,0.67464440362528,1.55837970168795,0.00077519379556179,0.00447761197574437,0.00297287246212363,0.0115785410162061,0.0677676565828733,0.658823503181338,1.52066111471504,1.67220592871308,2.73796201916412,5.75281477271346,0.105081828776747,0.0273609887808561,0.129032257944345,0.0254360464168712,0.117604095197748,0.0225255969562568,0.0202578272437677,0.0174632353591733,0.00312989030499011,0.00460431631654501,0.00612369854934514,0.00317460304358974,0.042622066102922,0.0198433418991044,0.00130208337213844,0.000651253678370267,0.00258620688691735,0,0.000723065808415413,0,0.030522505287081,0.0478539706091397,0.170113154104911,0.956470326404087,0.065009557758458,0.0377556374296546,0.0251067045610398,0.0951140049146488,0.0141414135578088,0.0917380476603284,0.0060831363662146,0.0129526050295681,0.390647620428354,0.207044676528312,4.48636355175404,2.6373706999002,1.04014594398905,2.40899197384715,0.127163550350815,1.58967108844081,0.0857400716631673,0.504316219885368,0.933659190486651,1.66818662313744,0.00740740727633238,0.0340073530678637,0.0104438641574234,0.0610953528666869,0.00723446247866377,0.0404435755917802,0.00837240440887399,0.0339406922284979,0.00310438498854637,0.0134952762164176,0.0199869647622108,0.00530937322764657,1.19159102870617,0.326885889400728
0.0154043650254607,0.0385894865030423,0.0308079207316041,0.076322635402903,0.394337723264471,2.6911907538306,0.0138292802730575,0.0921052634366788,0.214511029422283,0.301526718540117,0.0199637024197727,0.0370634365826845,0.0206807409413159,0.0809716619551182,0.436430337256752,0.702233244897798,0.0440191382076591,0.0574018126353621,0.0400000018998981,0.0878225433989428,0,4.13608262734488,0.0521609542192891,0.0600393698550761,1.24311379459687,2.34652411006391,1.27272725524381,4.91725768893957,2.11318623507395,0.607855007750914,2.50107063353062,1.83081570826471,0.0415982487611473,0.0597878491971642,0.0519930676091462,0.0614203438162804,0.351983727188781,0.178748758044094,0.26787512563169,0.256540086120367,2.45433245040476,0.357308572623879,0.0363810434937477,0.113294795155525,0.0197238667169586,0.0640569400275126,0.0530071333050728,0.0738609120598994,0.00301431794650853,0.0105580695671961,0.0138169259298593,0.00303336710203439,0.0097943190485239,0,0.0396039595361799,0.103941103443503,0.0218870148528367,0.0264105633832514,0.0240083512617275,0.00773320440202951,0.0187667562277056,0.0407547169597819,0.0195918367244303,0.0192102449946105,0.0313014819985256,0.0133171918569133,0.0420984445372596,0.11954654683359,0.0224719103425741,0.0623052986338735,3.48743714857846,3.33070108038373,0.821362813701853,0.974122008890845,0.229299374856055,0.798245619982481,0.355674713267945,0.607594951987267,0.0915662669576705,0.0371229685842991,0.151558754616417,0.0310077506583184,2.69135804474354,0.272520817816257,0.0818547425151337,0.022839347133413,0.838942338945344,0.292042658664286,0.0818754391511902,0.0126903550699353,1.42528735101223,0.297213613986969
0.00382531096693128,0.0449289712123573,0.016239850781858,0.0718390801921487,0.0712871309369802,6.67741930042394,0.00996441268944182,0.0948295346461236,0.0720164587255567,0.525724973063916,0.00534283183515072,0.0547752814600244,0.0102476512547582,0.0871306975604966,0.0386240184307098,1.18799751857296,0.0131332082673907,0.0832713758572936,0.0475012343376875,0.0762331817531958,4.13608262734488,0,0.0273567462572828,0.051631759153679,0.303738308139145,0.876569015206769,0.326783863827586,11.7462510205805,0.100671141408384,0.778042989317328,1.21378337836359,1.71747212705668,0.0324675324372947,0.0515513133723289,0.0301003342028707,0.11808118224144,0.0418326705694199,1.26653696468566,0.0433925054967403,4.98009950306732,0.00446428591385484,3.18584069609642,0.0331753550563008,0.127926904708147,0.0453955901321024,0.0743338002357632,0.0463943521026522,0.111111108271871,0.00148367951624095,0.017817372456193,0.00205761316465214,0,0.00191938574425876,0,0.00653594773029909,0.499570821295492,0.00705467350780964,0.0351923633716069,0.014455343130976,0.0210526313167065,0.00354138994589448,0.0326894496101886,0.00160513643641025,0.0158311345148832,0.00809716584626585,0.0286909751594067,0.045030556502752,0.170532061019912,0.0250737462192774,0.0711382087320089,2.37007873132825,6.97678936726879,0.0686540212482214,1.52493200078607,0.138211376965046,1.73584899678826,0.205263162148185,1.12866019131616,0.0275229346007109,0.0309734512120485,0.00759734073653817,0.0356768110650592,0.0182232339866459,0.84351714537479,0.00235404892009683,0.0273618994979188,0.00703399744816124,2.2612902878318,0.0083362280856818,0.0340371883939952,9.05691075045615,0.226744185201824
0.0689655190799385,0.0264064287766814,7.10868367404328,2.14157425303711,1.2140853907913,0.372579150251113,1.69878384587355,1.64544353517704,0.258593503385782,0.126682988600805,0.0571944611147046,0.0364338947692886,0.441312476468738,0.278836993093137,0.211618268396705,0.0574112747563049,0.0165390498004854,0.0135440183803439,4.78056866361294,0.67464440362528,0.0521609542192891,0.0273567462572828,0,9.91862643920467,1.8127659248421,0.420285267813597,0.128869229927659,0.0958904130966403,0.238274394359905,0.132129028439522,6.2043633327703,2.28724610398058,3.70051888749003,1.03074055083562,0.419735427654814,0.13206859328784,0.049328752735164,0.0266501387231983,0.0236539060715586,0.00704845832660794,0.00377786171156913,0.00528102600947022,0.00417730322806165,0.00303797470405698,0.0069500133395195,0.00331034499686211,0.00478240079246461,0.0176538904197514,0.000563856796361506,0,0.00430107532883994,0,0,0,0.00414650994935073,0.00441598589532077,0.0774861618410796,0.0212536016770173,0.03191489452729,0.00139892750303261,0.0219829521083739,0.00282087450614199,0.00638606661232188,0.00586223741993308,0.00291205593384802,0.000516528903972358,0.203843251132639,0.0530111098196357,0.374683559755795,0.103675773425493,0.357076191226952,0.70337149099214,0.159709614235908,0.138703810225707,0.0520252680871636,0.0216741404728964,0.209044628543779,0.157546603470109,0.00834914617007598,0.00226329686120152,0.011149825528264,0.00790826394222677,0.0142207049066201,0.00395368551835418,0.00558399246074259,0.00296393866301514,0.00458715611603111,0.00290782190859318,0.00275699095800519,0,0.0350467278622091,0.0456154162529856
0.0175064042268787,0.0262352434219792,1.77300488721812,15.777998885198,0.239342981949449,2.99577082553878,0.614717131364159,2.7734270185756,0.16752680123318,0.388379217823967,0.0254681650549173,0.0309660059865564,0.302391364937648,0.431715585873462,0.134207238152158,0.161006286740303,0.0045924223959446,0.0145228219334967,1.03139018639922,1.55837970168795,0.0600393698550761,0.051631759153679,9.91862643920467,0,2.42446936271153,1.00359565299004,0.120922830887139,0.0613090317929164,0.148725635372102,0.281104566645809,3.57157290354371,2.63692952535348,0.634462459303904,0.145524438994471,0.0904428901849315,0.027764480561018,0.0188161502592266,0.00466019427403808,0.0226474034134299,0.00871776253916323,0.00300751870963722,0.00400200113654137,0.00164068909361959,0.00242571253329515,0.00194237614050508,0.00134544225875288,0.00623229466145858,0.0114973993040621,0.000690846296492964,0,0.00134438715758733,0,0,0,0.00379506626632065,0.00257931387750432,0.0185896144248545,0.0134693877480458,0.00574052799493074,0.00164971133926883,0.00683131895493716,0.00414794334210455,0.00501253118272871,0.00813480513170362,0.00431344367098063,0.00062111800070852,0.0309278354980052,0.0138423758908175,0.0764726173365489,0.0371394694084302,0.190401878906414,1.15536612505093,0.0768651076359674,0.21735849045217,0.0461010314757004,0.0197628466412425,0.151842203456908,0.0927449543960392,0,0.00200100056827068,0.00218998081982136,0.00726282363757491,0.00977653602603823,0.00553824845701456,0.0027610007673502,0.00221361365402117,0.000833333353511989,0.00287047005258501,0.00361500214785337,0.00127118642558344,0.0240083512617275,0.0856689586071298
