0,0.0224025969801005,5.02839304308873,0.0132782534637954,0.0253101746784523,0.00442260433919728,4.67783526060521,0.00933005043771118,0.0534623244311661,0.00147420144639909,5.425115012069,0.00814295397140086,2.27477233903483,0.00747002189746127,0.409120243013604,0.00256519886897877,2.29873043100815,0.0216639778227545,1.29009711486287,0.0776736200496089,0.0274693153914995,0.00354086759034544,0.072355894750217,0.0122191562550142,0.00370959186693653,0.000512295053340495,0.0219499751692638,0.00207361322827637,2.21384676883463,0.0195246184011921,0.173873674124479,0.0232774676987901,1.23245436686557,0.150334509788081,0.042529379716143,0.00518433179240674,0.527290945581626,0.00249875069130212,0.455864246527199,0.0144230769365095,0.213007168087643,0.00296735903248191,0.008147429471137,0.000825252733193338,0.00266666669631377,0.000897464633453637,0.0275944808672648,0.00344168252195232,0.00680580764310434,0,0.0260941378073767,0,0.00548491644440219,0.000495785847306252,0.0535336038446985,0.0396076252509374,9.88946053039399,0.0239263802650385,0.719742652436253,0.00979431933956221,1.39700375963002,0.00643974222475663,0.46705743635539,0.0166531275899615,0.172874879906885,0.00378389729303308,0.417369578033686,0.0226327176205814,6.00690618294175,0.140982765587978,0.684420105244499,0.0850642889272422,3.84668297413737,0.020447907038033,0.557280999084469,0.0211453749798238,0.613166749593802,0.0631067974609323,0.0694980729022063,0.00591191230341792,0.401079840958118,0.0107998652383685,0.477847377769649,0.00275735295144841,0.267211829166627,0.00503214995842427,0.0619469052762724,0,0.0628428905038163,0,0.0975460118497722,0.0780098265386187
0.0224025969801005,0,0.021446863305755,5.16203160840087,0.00155118922702968,0.0598771740915254,0.00652262521907687,7.21667795249959,0.00106213486287743,0.0312180138425902,0.00402921158820391,5.58628780767322,0.00383362086722627,1.25360403882223,0,0.106288748793304,0.0108949416317046,2.47163039131556,0.413392139598727,2.27008890890284,0.0319018403533846,0.0328478454030119,0.0409617087279912,0.0924267068912741,0.00553709862288088,0.0187065749196336,0.00798722030594945,0.0319264068966731,0.0249999997031409,1.19780222157715,0.0606345464475453,0.115142720809672,0.202600672084372,0.982113798614591,0.0211019923444837,0.00725075555965304,0.0401878923294134,0.0187500009778887,0.0496798994136043,0.0140070039778948,0.00313479627948254,0.0124688283540308,0.0020028039580211,0.008537886897102,0.00414937760797329,0.0149010475724936,0.0074395535630174,0.0102604575222358,0.00141309466562234,0.0243204584112391,0.00135754281654954,0.0129843782633543,0.000519615481607616,0,0.0111309876665473,0.0541881333338097,0.0440856862696819,13.2576281556394,0.0278470499906689,0.487153567722999,0.0185399763286114,0.801242243440356,0.0102364124322776,1.07559845087235,0.00894187821540982,0.14711642684415,0.191025646985509,0.362579092616215,0.394069825299084,1.54093962453771,0.139522828918416,1.19216894730926,0.037359262467362,1.1596553940326,0.0313749609631486,0.434782596712466,0.225500010710675,0.746841839747503,0.0056162245455198,0.0968643247615546,0.0119426753371954,0.287994438258465,0.00578452635090798,0.0353221961995587,0.00485175201902166,0.142162464908324,0.00054347823606804,0.0168191938428208,0.0133264990872703,0.0421735621057451,0.704970947932452,0.151906921237241
5.02839304308873,0.021446863305755,0,0.47917275907821,2.54152494904702,0.20683021080913,14.6736752552097,0.370787940191804,0.865537874400616,0.0904280921677127,1.13811890932266,0.0301618988160044,2.39582961163251,0.16772946936544,0.604179880523589,0.0327318505151197,0.346406824624864,0.00722837122157216,8.80755989163299,0.342050812410889,0.0358974349801429,0.00575208512600511,5.38346128922421,1.09996124380268,0.364577945321798,0.140781564929057,0.236145781644154,0.156107456889004,2.04788725194521,0.0920833355630748,3.86681467818562,0.539233572373632,5.31725794702652,0.22011604718864,0.0977607817039825,0.00280898879282176,0.357177839730866,0.00342298287432641,0.29265945404768,0.0112994348164648,0.0970930228941143,0.00057836901396513,0.00381460995413363,0.0008105369633995,0.00697471667081118,0.00264026405056939,0.0184712117770687,0.00300864991731942,0.00311387897818349,0.000900090031791478,0.0185577072843444,0,0.00487923884065822,0,0.0310547247063369,0.0338736105768476,1.17513452423736,0.0193704608827829,0.3587514704559,0.00192566920304671,0.177229187218472,0.00676284951623529,0.0804043163952883,0.00997605748125352,0.0397567817708477,0.00288957697921433,0.483204920776188,0.00984090525889769,1.57175089264638,0.04729559563566,1.14271799032576,0.352855766104767,2.55555560471839,0.0386081990436651,0.382747785188258,0.0137417698279023,0.612705895851832,0.0598859310848638,0.0144717807415873,0.00172860844759271,0.107698141247965,0.00631858990527689,0.155489881464746,0.00360360369086266,0.0711864441109356,0.00248550120159052,0.0269720102660358,0.00186349870637059,0.0268720294116065,0.00218238498200662,0.0830346447764896,0.0627990407519974
0.0132782534637954,5.16203160840087,0.47917275907821,0,0.0329915295005776,2.28236849608948,0.177761065948289,19.5663765603094,0.0187043794139754,1.53733978662058,0.00740902154939249,1.25240925082471,0.041131105972454,2.19051051547285,0.0121449559810571,0.514608503232012,0.00625978095922619,0.095099059632048,1.45558326272294,8.46172813826706,0.0319752458017319,0.0473342011100613,1.26616401626961,12.1732364121126,0.0184397161065135,0.511926609557122,0.0251486053457484,0.13908205437474,0.0412139363470487,0.833978304872289,0.989534140331671,2.92676760657923,0.272187158814631,1.35536290766322,0.0287841202225536,0.00560081494040787,0.0462921347061638,0.0188425303786062,0.0596948928432539,0.0138648180291057,0.0126050426624715,0.0130684784380719,0.00320798432221636,0.0143315105233341,0.00564971735002473,0.0166904132929631,0.0109950522892177,0.0154766094638035,0.00123355264076963,0.014131338801235,0.00307172478642315,0.00648999447003007,0,0,0.0102673036744818,0.0382317812182009,0.0104815864760894,0.61754584510345,0.00883977930061519,0.114727571024559,0.00724637653911486,0.273938382335473,0.0025418343138881,0.179553904192289,0.00430663232691586,0.0556301546748728,0.0656167991110124,0.121887087065261,0.333750008081552,0.317752700939309,0.235136343399063,3.18622225764557,0.045956693822518,0.753724806709215,0.0460067193489522,0.329448324395344,0.363360774121247,0.710227264789864,0.00156944815535098,0.0281323251547292,0.00319035796565004,0.136947660183068,0.0041955107008107,0.0474209636449814,0.0017417267372366,0.0670170855300967,0.000930665410123765,0.0214546234929003,0.0114356359408703,0.0238832369504962,0.501614628126845,0.215517240576446
0.0253101746784523,0.00155118922702968,2.54152494904702,0.0329915295005776,0,0.254218233050779,0.238286477280781,0.00958525371970609,11.0317853316665,0.0371203614631668,0.0434546452015638,0.0028182246023789,0.182701656944118,0.00500894436845556,4.40220613358542,0.0326906958944164,0.0510144904255867,0,0.0405878245364875,0.00613287929445505,0.116814158856869,0.0565177754033357,1.40602577594109,0.199856223422103,2.85560044739395,0.303970220847987,5.77490763680544,0.968071496579796,1.1413127197884,0.0322314049699344,2.25035299075535,0.205588822020218,0.258529193233699,0.00931899610441178,0.02340093604289,0.00508474570233375,0.0329024670645595,0.00116959062870592,0.014647888019681,0.00107066379860044,0.0132075473666191,0.00185528758447617,0.0104785192525014,0.00313111557625234,0.00543478270992637,0.00184757506940514,0.00664451852208003,0,0.00756143685430288,0,0.010629816679284,0,0.00581733591388911,0,0.00551533931866288,0.00192864029668272,0.0333951765205711,0.000473036896437407,0.0126771063660271,0,0.0170603673905134,0.00194552529137582,0.0192600109148771,0.00151975685730577,0.0158227840438485,0.000811359030194581,0.0321167876827531,0.00538068357855082,0.0253411307930946,0.00250783702358603,2.39745068899356,0.0559360707411543,0.435320602613501,0.025330395437777,0.108831397374161,0.00718778092414141,0.0556149743497372,0.00875273533165455,0.013023256091401,0.00183318054769188,0.0670352455927059,0.000550357741303742,0.288261510198936,0.00873786426382139,0.0359168233990204,0.00164541346020997,0.078709680470638,0.0115002610255033,0.0118184259627014,0,0.00826446246355772,0.0145228223409504
0.00442260433919728,0.0598771740915254,0.20683021080913,2.28236849608948,0.254218233050779,0,0.0599734308198094,0.830741101526655,0.138424826320261,11.3828382374486,0.00212652841582894,0.0783771325950511,0.0166293573565781,0.125573190511204,0.0517313317395747,6.35696628387086,0.0249291786458343,0.07858169474639,0.0648723233025521,0.0712605048902333,1.39829061017372,5.79947214934509,0.423262432683259,1.11339474091073,0.676741112838499,12.3135598524241,1.54981987853535,12.4196758050239,0.0608365004882216,2.06097556249006,1.46789839264238,4.02054791525006,0.0821508601075038,0.0628975249128416,0.0453857774846256,0.031147541012615,0.0218140063807368,0.758857134729624,0.011019284138456,2.51781961973757,0.00545454549137503,0.604651151457801,0.0351360674249008,0.0901734106591903,0.0329181491979398,0.100680273491889,0.0414696239749901,0.134989925252739,0.00185528758447617,0.0304182507097721,0.00578490691259503,0.0112715745344758,0,0.00224466901272535,0.00272016320377588,0.481117117218673,0.0105698529805522,0.0449859425425529,0.0139603231218643,0.0189274442964233,0.012953367549926,0.0353053436265327,0.00198708404786885,0.0396706601604819,0.0123966936953366,0.0335329330991954,0.0669879515771754,0.120308753685094,0.0305927339941263,0.0917431170819327,1.04643258964643,4.19531268754508,0.0385038502281532,1.87823275162373,0.0172265293076634,0.518647017073818,0.144502619281411,0.450749459210783,0.00358744384720922,0.0300618929322809,0.00886162265669554,0.0691344548831694,0.00777076231315732,1.2123809393961,0.00450281426310539,0.0962872289819643,0.00125786161515862,1.79416282474995,0.0010629816679284,0.0642944813007489,0.261904777027667,0.167330682277679
4.67783526060521,0.00652262521907687,14.6736752552097,0.177761065948289,0.238286477280781,0.0599734308198094,0,0.140421714488184,1.5549054290168,0.0284684007056057,2.49474870285485,0.00854092533700168,6.37245374775375,0.0537702826259192,0.964774321677396,0.0105496004689485,0.248466251883656,0.00433369434904307,0.839187246048823,0.0855897917062975,0.0112529757316224,0.00348735833540559,1.09088298078859,0.356767109973589,0.0482606061268598,0.0325298850075342,0.0355677161714993,0.0292663635336794,2.25851014340878,0.0318051093490794,1.09294871235033,0.143767058179947,0.829499090556055,0.0582709777518176,0.0251414207741618,0.00342539069242775,0.171769692911766,0.00115362429642119,0.158754275529645,0.0022392236860469,0.0268072950129863,0,0.00566572230309248,0.000661594443954527,0.00315844884607941,0.00035360679612495,0.0122580649913289,0.00124436151236296,0.00285357586108148,0,0.0137854978675023,0,0.00460652599576861,0,0.0140801003726665,0.0115116634406149,0.710239643871319,0.00570022035390139,0.109509154804982,0.00126903550699353,0.350512305507436,0.00216333149001002,0.116764275269816,0.00359300992568024,0.0471505468303803,0.000335795833962038,0.116300488996785,0.00665926770307124,0.163810208206996,0.0145497448393144,0.690435118187452,0.124356284504756,1.57335361232981,0.0233653669129126,0.303555946447887,0.00695047806948423,0.490953164873645,0.0236886625934858,0.013140604714863,0,0.126233357266756,0.00224561407230794,0.182940103579313,0.00252206806908362,0.140986223166692,0.000718304785550572,0.0297560007311404,0.000740192423108965,0.0268921533424873,0.000265745416982099,0.0309486433980055,0.0291806952736806
0.00933005043771118,7.21667795249959,0.370787940191804,19.5663765603094,0.00958525371970609,0.830741101526655,0.140421714488184,0,0.00713883157004602,1.6874657353037,0.00651230080984533,5.19738655927358,0.0374963110662065,6.72107347214478,0.00463269354077056,0.790383643470705,0.0059127863496542,0.216253929538652,1.07257447612938,1.9383871142054,0.0211750050075352,0.0259197322302498,1.43279424787033,3.38970468030311,0.0135422713356093,0.209850917337462,0.0116694903117605,0.0750047606707085,0.0337740968680009,1.44489927042741,0.825877510942519,2.40309269778663,0.234308291663183,1.08198235323653,0.0257597099989653,0.00410930748330429,0.0267210986930877,0.0292755237605888,0.0303917974233627,0.0111611162137706,0.00547714336425997,0.00797481636982411,0.00396946558612399,0.00768984295427799,0.00441051740199327,0.0167464108671993,0.00625390850473195,0.0159999996831175,0.000344649306498468,0.021213701547822,0.00134228190290742,0.00832562419236638,0,0,0.00637522744364105,0.0361871153872926,0.0110013745725155,1.28540748616797,0.0069084630231373,0.137230766762514,0.0083147733239457,0.469789293711074,0.00247349817072973,0.398797290399671,0.0050152248586528,0.0900520152063109,0.0679748608672526,0.125877906510141,0.0993204361293465,0.211283599259332,0.142989096406382,2.83434448449407,0.0289112541940995,0.7221515608544,0.0307820290327072,0.152500003692694,0.254813757142983,0.376427917100955,0.000419991585658863,0.0510673910030164,0.00395076753920875,0.28903154283762,0.00280406582169235,0.050461110076867,0.00267349899513647,0.142238860949874,0.000763796095270663,0.0185714283725247,0.00458839430939406,0.0287490283080842,0.231578940642066,0.152655346755637
0.0534623244311661,0.00106213486287743,0.865537874400616,0.0187043794139754,11.0317853316665,0.138424826320261,1.5549054290168,0.00713883157004602,0,0.0226730318972841,0.242668207036331,0.000986679806374013,4.02613061014563,0.000742666190490127,19.4625283149071,0.0227670748718083,0.172520021442324,0,0.0137880986439995,0.00352982693584636,0.0972762645687908,0.0522613059729338,0.373041666345671,0.100746269454248,0.728985532536171,0.166887419996783,1.8622047174722,0.591530038393103,3.3046623240225,0.0232959455461241,0.952051358646713,0.130389057099819,0.0812302855192684,0.00892857159487903,0.0254237285116687,0.00185528758447617,0.0374999991618097,0.00124378106556833,0.0251046032644808,0.00113250280264765,0.00835073087364435,0.00204918021336198,0.0166606307029724,0,0.0066476731444709,0.00290838576620445,0.0253164558671415,0,0.0139026811812073,0,0.0191204581642523,0.000741564726922661,0.00865800899919122,0,0.0192926040035672,0.00199401791905984,0.0465558192227036,0.000969461922068149,0.0224806200712919,0.00147547025699168,0.0502376084914431,0.00102354143746197,0.0374131498392671,0.000790513819083571,0.0434782620286569,0.0008463817066513,0.0219560877885669,0.00276625185506418,0.0133333328412846,0.00535833882167935,2.16502459323965,0.0363636366091669,0.750596687546931,0.00700116693042219,0.18842002004385,0.00989119638688862,0.141402721055783,0.016222479287535,0.032887976616621,0,0.195558746403549,0.00113250280264765,0.656233667279594,0.00612870301119983,0.101773320464417,0.00126050421386026,0.219613268156536,0.00441744877025485,0.038111018424388,0.000508517667185515,0.00461893761530519,0.00928074214607477
0.00147420144639909,0.0312180138425902,0.0904280921677127,1.53733978662058,0.0371203614631668,11.3828382374486,0.0284684007056057,1.6874657353037,0.0226730318972841,0,0.00106326420791447,0.0414937760797329,0.00575631600804627,0.133333331497852,0.0100125158205628,6.03709818399511,0.00793201138731092,0.039290847373195,0.0338164238492027,0.0410084037575871,0.174358975840732,0.416886533028446,0.21957447915338,0.444365692266729,0.0893561081029475,3.0653754347004,0.182472983375192,1.27895388065372,0.019771862658672,0.882926809019409,0.37043880141573,1.78473579883575,0.0448095600586385,0.0346289743902162,0.0272314664907753,0.0229508196935058,0.0126291615888476,0.164571426808834,0.00881542731076479,0.204402508679777,0.00363636366091669,0.08765652787406,0.0158456774661317,0.0416184972273186,0.0231316724093631,0.0498866220004857,0.0203710433561355,0.0745466751395725,0.00371057516895235,0.00760456267744303,0.00315540377050638,0.00352236704202369,0,0.00112233450636268,0.000680040800943971,0.0660107918083668,0.00137867647572421,0.025304592680186,0.00955180003074929,0.00701016455423087,0.00647668377496302,0.0162213740986772,0.00298062607180327,0.0172155695036054,0.00413223123177886,0.0151696602115408,0.0443373492453247,0.0692041503498331,0.0114722752477974,0.039143729954958,0.204983007279225,1.71428579092026,0.0088008800521493,0.808189652161673,0.00861326465383172,0.15264527592808,0.0837696343660355,0.183083509560674,0,0.0212201597169042,0.00477164296898991,0.0397387024131604,0.002914035867434,0.599047612631693,0.0022514071315527,0.0407996732974425,0,0.238607270643115,0.0010629816679284,0.0211042953887954,0.0972222278360277,0.0657370537519455
5.425115012069,0.00402921158820391,1.13811890932266,0.00740902154939249,0.0434546452015638,0.00212652841582894,2.49474870285485,0.00651230080984533,0.242668207036331,0.00106326420791447,0,0.00179211469367146,11.0952979516005,0.00483091769274324,2.53658530768007,0.00160707114264369,8.23522985517047,0.00279069773387164,0.239783848228399,0.0138248844305053,0.0162205996457487,0.00166666670702398,0.0312151624821126,0.0166377816349268,0.00757097778841853,0.00116618070751429,0.0242914985865355,0.00119832239579409,2.23765323194675,0.0110978991724551,0.112208261271007,0.0189843378029764,0.0977745386771858,0.0241963361622766,0.0115523468703032,0.0031176928896457,0.202770081697963,0.00220628781244159,0.153354629874229,0.00304413994308561,0.0911435970338061,0,0.0175320303533226,0,0.00605798343895003,0.000881834188476205,0.0305832144804299,0.000657678407151252,0.0144209107384086,0.000922934908885509,0.0408691172488034,0,0.0175631176680326,0,0.0173102522967383,0.0124455511104316,2.76647784630768,0.00461787101812661,0.178815073566511,0.00205761316465214,0.702634101267904,0.00463177391793579,0.506743747042492,0.00438756868243217,0.163081546314061,0.00389408087357879,0.0873486835043877,0.0109947645105422,0.11972157668788,0.0270906960358843,0.3838162739994,0.036657681921497,1.4992025331594,0.00521104724612087,0.341503271949477,0.0164473685435951,0.338570718187839,0.026929052779451,0.212224113056436,0.00167504185810685,1.5895896126749,0.00321113190148026,2.7021677417215,0.00184928334783763,0.274429818964563,0.00120845923083834,0.0992135482374579,0.00198412709869444,0.0371144787641242,0.000483325275126845,0.0448179272934794,0.0562324281781912
0.00814295397140086,5.58628780767322,0.0301618988160044,1.25240925082471,0.0028182246023789,0.0783771325950511,0.00854092533700168,5.19738655927358,0.000986679806374013,0.0414937760797329,0.00179211469367146,0,0.00172512943390757,5.19271820504218,0.00145560409873724,0.622254218906164,0.0170132329221815,5.378178848885,0.594028921623249,0.900180402270053,0.0223537156125531,0.0282258064253256,0.0376677004387602,0.126063660718501,0.0106780568603426,0.016974538215436,0.00892414525151253,0.0265712821856141,0.0147601480130106,9.33475634083152,0.118441973230802,0.156158662983216,0.134697915287688,0.641307737678289,0.0406455481424928,0.014003818621859,0.0210224559996277,0.0209424089407548,0.0258541093207896,0.00708277989178896,0.00827015843242407,0.0204220565501601,0.00737553765065968,0.0128988454234786,0.00307810702361166,0.0250391233712435,0.00645161315333098,0.011414839013014,0,0.0179226067848504,0.0048146364861168,0.0075235110707581,0,0,0.00303766719298437,0.0228440901264548,0.0131830750324298,1.2877246272983,0.0208265539258718,0.118601745343767,0.019191624596715,0.442174097814132,0.00676818937063217,0.493549455190077,0.00787057302659377,0.0847338955500163,0.118195956223644,0.150438173208386,0.105607855541166,0.283987915143371,0.0850259786238894,1.56042933650315,0.0156754265190102,2.50113281188533,0.0119047615444288,0.327127649215981,0.099955772748217,0.342496630037203,0.0040927694644779,0.387314427411184,0.00547945231664926,0.381118014163803,0.00248962658224627,0.0905752747203223,0.00316845631459728,0.098610319866566,0,0.0147569445543922,0.00291686929995194,0.0257568903034553,0.406181015074253,0.0826568249613047
2.27477233903483,0.00383362086722627,2.39582961163251,0.041131105972454,0.182701656944118,0.0166293573565781,6.37245374775375,0.0374963110662065,4.02613061014563,0.00575631600804627,11.0952979516005,0.00172512943390757,0,0.0193050189409405,10.034538474516,0.00214190082624555,2.44502285332419,0.00765606627101079,0.21250297233928,0.0270774977398105,0.0145219846162945,0.00163532292935997,0.24782788642915,0.10699588721036,0.0197809967212379,0.00270178983919322,0.0517647063825279,0.0185248709167354,4.53160714823753,0.0153886970947497,0.359815785486717,0.0518938239547424,0.165036369988229,0.027542885101866,0.0197643486317247,0.00553578475955874,0.198623409261927,0,0.176696545444429,0.00310848612571135,0.0415110000176355,0.000824062619358301,0.0422602078469936,0.00102459010668099,0.0106831598095596,0.00113830389454961,0.0591424363665283,0.000933053437620401,0.0202020193682984,0.00117198948282748,0.0676838803628925,0,0.0254237283370458,0,0.033411765441997,0.0130044839461334,1.27433319989359,0.00537923609954305,0.15480030560866,0.00336376743507572,0.64725950176944,0.00234948610886931,0.3913305234164,0.00502386363223195,0.155932200199459,0.00262191926594824,0.0882945573539473,0.0126332407817245,0.0852690386818722,0.0230978265171871,1.03284556022845,0.0380522401537746,2.14007037365809,0.00884676107671112,0.442914971790742,0.00568643381120637,0.570984771416988,0.0214038398116827,0.0792079232633114,0.00327868852764368,0.783407949144021,0.00401364639401436,1.84798107808456,0.0011733645806089,0.427775281714275,0.00128803739789873,0.17937220283784,0.000613120791967958,0.0670347016421147,0,0.0302114803344011,0.0328577597392723
0.00747002189746127,1.25360403882223,0.16772946936544,2.19051051547285,0.00500894436845556,0.125573190511204,0.0537702826259192,6.72107347214478,0.000742666190490127,0.133333331497852,0.00483091769274324,5.19271820504218,0.0193050189409405,0,0.00117164617404342,0.382805696397554,0.0050323509494774,0.452319573727436,1.13409964134917,1.28456915472634,0.0146319158375263,0.0167130916379392,0.603258495684713,1.35399839031743,0.00157542340457439,0.0412139363470487,0.00745434197597206,0.0205871145590208,0.0186454629292712,5.54328443593113,0.446888754260726,1.53544588247314,0.160757781355642,0.680530280980747,0.0222317235311493,0.00625838176347315,0.0217470101779327,0.0137332846643403,0.0296610170044005,0.00547008542343974,0.00472366547910497,0.00655737693887204,0.003061224357225,0.0088593577966094,0.00428790180012584,0.0117939173360355,0.00212426972575486,0.0100125151220709,0.00126063660718501,0.00768984295427799,0.000829875527415425,0.00207468890585005,0,0,0.00404244568198919,0.0220729360589758,0.0104302481049672,0.826111623231554,0.00695373100461438,0.0656330722267739,0.00730816085706465,0.355284282704815,0,0.573597158538178,0.00135455466806889,0.0567859155125916,0.0592219863901846,0.0787599496543407,0.0810550017049536,0.14555053046206,0.0970176086411811,2.15379139699508,0.0310405639465898,0.921684648608789,0.0275482091819867,0.114285715622827,0.194055354921147,0.268284228863195,0.00187617260962725,0.119180634617805,0.00455580849666148,0.280110851424979,0.000650195055641234,0.0365736284293234,0.00157554750330746,0.111505323147867,0.000767165329307318,0.0101010096841492,0.00418410054408014,0.0302435198391322,0.187654320616275,0.133597221574746
0.409120243013604,0,0.604179880523589,0.0121449559810571,4.40220613358542,0.0517313317395747,0.964774321677396,0.00463269354077056,19.4625283149071,0.0100125158205628,2.53658530768007,0.00145560409873724,10.034538474516,0.00117164617404342,0,0.0193011644878425,1.60921496723313,0.00300075020641088,0.0333620937308297,0.00337647716514766,0.287021153024398,0.0221445226343349,0.192982457578182,0.0329314908012748,0.446454081509728,0.0286866873502731,2.03385301271919,0.171167051128577,7.38859461387619,0.0171108922222629,0.774052506429143,0.0724361438187771,0.0595640149549581,0.0146670572576113,0.0252498686313629,0.00778210104908794,0.450667813012842,0.00171747535932809,0.113617378752679,0.00402090867282823,1.31864202220459,0.00353565125260502,0.0585870196809992,0.00315059849526733,0.0134418116067536,0.00287356320768595,0.0829326953971758,0.000562271568924189,0.0402193795889616,0.00223630259279162,0.100410768645816,0.00058513751719147,0.0453378964448348,0,0.0738636340247467,0.00321715814061463,0.276617316703778,0.00247575819958001,0.0720993657596409,0.00174825178692117,0.189800928812474,0.00448598130606115,0.131944445427507,0.00553675781702623,0.159045727923512,0.00259403372183442,0.062169592740247,0.0138376385439187,0.0262074131751433,0.0108401086181402,4.62857128470205,0.0531421331106685,2.50396333145909,0.0205338816158473,0.452873561531305,0.0103926096344367,0.307754123816267,0.0228851658757776,0.113341201096773,0,1.05721609317698,0.00564307544846088,7.62623212533072,0.0104516614228487,0.549331536371028,0.00291917542926967,1.69386814796599,0.00236966827651486,0.180561948334798,0.0025784270837903,0.0214240697678179,0.0328490193933249
0.00256519886897877,0.106288748793304,0.0327318505151197,0.514608503232012,0.0326906958944164,6.35696628387086,0.0105496004689485,0.790383643470705,0.0227670748718083,6.03709818399511,0.00160707114264369,0.622254218906164,0.00214190082624555,0.382805696397554,0.0193011644878425,0,0.0362410438829102,0.353246750542894,0.048488307511434,0.0909852054901421,0.381327349576168,1.5025787599152,0.122913140046876,0.272886285558343,0.17183099052636,1.33893804810941,0.349164459097665,2.1210479196161,0.0407659057527781,10.2594522197032,0.341146771912463,0.909502278431319,0.099817403126508,0.11227458313806,0.0580310905352235,0.0645514230709523,0.0153191486606374,0.423240035306662,0.00990507658571005,0.631955494754948,0.00234192027710378,0.199304745532572,0.0717744223074988,0.226662496745121,0.0756302538793534,0.21898328512907,0.112600533699151,0.288343567983247,0.00578871183097363,0.0589970499277115,0.0126955338055268,0.0174064398743212,0,0.0108786614146084,0.00394477328518406,0.203777593385894,0.0213709674135316,0.0787530764937401,0.0366366375237703,0.0664547822088934,0.0395021644653752,0.0576923084445298,0.0114460126496851,0.075609756167978,0.0235849048476666,0.0629617716185749,0.197982341138413,0.316151209990494,0.0325925925280899,0.112349532893859,0.442291481886059,2.31250005599577,0.0305028858128935,3.42613636044553,0.0203504813835025,0.407722873380408,0.122319303802215,0.60420033801347,0.00812536280136555,0.115008628927171,0.0259740254841745,0.285847730585374,0.00899887480773032,2.08197927835863,0.0117884809151292,0.234845728205983,0.00363967241719365,0.4443576738704,0.00411805076873861,0.0696134941536002,0.256188114755787,0.0769230762962252
2.29873043100815,0.0108949416317046,0.346406824624864,0.00625978095922619,0.0510144904255867,0.0249291786458343,0.248466251883656,0.0059127863496542,0.172520021442324,0.00793201138731092,8.23522985517047,0.0170132329221815,2.44502285332419,0.0050323509494774,1.60921496723313,0.0362410438829102,0,0.0904621467925608,0.085764501360245,0.028062971541658,0.0304386743810028,0.025830258615315,0.0172811059746891,0.00216684717452154,0.00816882262006402,0.00125078170094639,0.0371977686882019,0.0154539607465267,2.57431125175208,0.145409218384884,0.0473484862595797,0.00703164236620069,0.501333327963948,0.157724159653299,0.29472025251016,0.442159381695092,0.645352293504402,0.155568655114621,0.182746887439862,0.02911051211413,0.112702960381284,0.0450704237446189,0.543859669414815,0.0495672702672891,0.375398624921218,0.114312266407069,0.298961422522552,0.0307692305068485,0.471707098186016,0.0282788884360343,0.714133341272827,0.00646087573841214,0.155920276767574,0.00115673802793026,0.141966755036265,0.0374435118865222,3.90695508156205,0.0550415177131072,0.725365279708058,0.0485714280512184,1.17298189317808,0.102790013188496,2.50714274856728,0.0725467715528794,0.660647884709761,0.0464926594868302,0.729314132302534,0.352591783215757,0.168710157740861,0.126422254834324,0.53123174700886,0.104657852323726,1.51954675291199,0.0931780370883644,0.499999996856786,0.0872727278620005,0.738826028537005,0.866115733282641,3.87005642463919,0.042671614442952,7.82436678442173,0.0745650360477157,4.25623137247749,0.0517830972094089,0.684479842660949,0.0317591248895042,0.262849716003984,0.011578946840018,0.138544474320952,0.0144206855911762,0.175916232168674,0.031545739620924
0.0216639778227545,2.47163039131556,0.00722837122157216,0.095099059632048,0,0.07858169474639,0.00433369434904307,0.216253929538652,0,0.039290847373195,0.00279069773387164,5.378178848885,0.00765606627101079,0.452319573727436,0.00300075020641088,0.353246750542894,0.0904621467925608,0,0.0757814990356565,0.184340316278394,0.0472550401464105,0.0412517776712775,0.0210859254002571,0.02652863151161,0.00446677813306451,0.0218636136269197,0.0103359168861061,0.0416000004624948,0.0834770636283793,13.1022355732275,0.0254724735277705,0.0769563320209272,0.37054632534273,0.342691186408047,0.261470776051283,0.044325050082989,0.0218796608969569,0.0356612177565694,0.0268714004196227,0.0202113003470004,0.0102264430606738,0.0173035324551165,0.00882723834365606,0.0286312840762548,0.0182757249567658,0.0727566692512482,0.010603048838675,0.0129350167117082,0.00659793801605701,0.0463548235711642,0.0147347745951265,0.00965250976150855,0.000986193306744099,0,0.00124610587954521,0.0350877188611776,0.0675178543897346,2.3482476954523,0.0896021377993748,0.281870602630079,0.107238603523001,0.474418617726769,0.0324276951723732,6.15776945254765,0.0390022681094706,0.129055512894411,0.553971478482708,0.563835098582786,0.176196531392634,0.672268941998482,0.181818178389221,0.946142664179206,0.0603737410856411,4.01223538251361,0.02237762324512,0.355836842092685,0.225791645119898,0.679457163903862,0.0361271668225527,11.1714284517802,0.0455822651856579,3.87471483141417,0.0120274915825576,0.323343189666048,0.0214323989348486,0.216592536307871,0.00430338876321912,0.0270027009537444,0.00545634952140972,0.0437384906399529,0.64996084664017,0.105263159959577
1.29009711486287,0.413392139598727,8.80755989163299,1.45558326272294,0.0405878245364875,0.0648723233025521,0.839187246048823,1.07257447612938,0.0137880986439995,0.0338164238492027,0.239783848228399,0.594028921623249,0.21250297233928,1.13409964134917,0.0333620937308297,0.048488307511434,0.085764501360245,0.0757814990356565,0,11.2123304585111,0.031111111456994,0.0162381593836471,7.5005427619908,1.07534602587111,0.0146041504340246,0.0139092240133323,0.0123816464911215,0.0208488462958485,0.291644204698969,0.455367241869681,2.50231119687669,1.36811781744473,9.71899985475466,7.85268553672358,0.202331388776656,0.0260869570774958,0.141034725296777,0.0106007064459845,0.141623490781058,0.00803212844766676,0.0376146791968495,0.00363967241719365,0.00351493863854557,0.00272108853096142,0.0024038462433964,0.00365296821109951,0.0094019325915724,0.00788565818220377,0.00185414089355618,0.00565326627111062,0.00450542685575783,0.00204133708029985,0.000704473408404738,0,0.0184033823315986,0.0236350737395696,0.321796760952566,0.21839940873906,0.128353498876095,0.0432240017107688,0.0451055649900809,0.0516372775891796,0.0187520204926841,0.0724946712143719,0.00928381946869195,0.0211994412820786,0.467304004647303,0.115774240111932,9.81021438492462,1.98526710126316,0.72452564392006,2.28203338739695,0.572808812139556,0.43188010295853,0.161535027669743,0.292879532673396,0.605351155099925,1.31139757827623,0.00455580855486915,0.0135685209534131,0.0184354765224271,0.0403870437294245,0.0197515134932473,0.0194968550349586,0.0102964116667863,0.0180541620939039,0.00449438206851482,0.00659413111861795,0.0177575884154066,0.00581959247938357,0.87164748867508,0.288867554510944
0.0776736200496089,2.27008890890284,0.342050812410889,8.46172813826706,0.00613287929445505,0.0712605048902333,0.0855897917062975,1.9383871142054,0.00352982693584636,0.0410084037575871,0.0138248844305053,0.900180402270053,0.0270774977398105,1.28456915472634,0.00337647716514766,0.0909852054901421,0.028062971541658,0.184340316278394,11.2123304585111,0,0.0455522118136287,0.0418483000248671,0.666381865739822,1.35310383280739,0.00522583071142435,0.0185119260568172,0.00637619546614587,0.0369163965806365,0.0517560080625117,0.560132709157187,0.892233593389392,0.664167457260191,2.26127781439573,4.74241289321799,0.0637353769270703,0.0100967609323561,0.129699900513515,0.0137598894070834,0.140646027284674,0.00848287105327472,0.0239255642518401,0.0123076925519854,0.00246305426117033,0.00639658863656223,0.0041116006905213,0.00832837575580925,0.015873015858233,0.00967351894360036,0.0006036824779585,0.00490647042170167,0.00241935480153188,0.00200200197286904,0,0.000680503551848233,0.0273304050788283,0.0352831934578717,0.0860410220338963,0.500276511447737,0.0500128919957206,0.0698254338931292,0.0282685516867787,0.118659696367104,0.00820189260412008,0.14364063681569,0.00775945675559342,0.0360458748182282,0.501224806357641,0.165242171147838,4.46968290145742,4.479226524767,0.442695872567128,3.21329276903998,0.104201681679115,0.934616699814796,0.125970668508671,0.703030321281403,0.674274548073299,2.0826445921557,0.00880281673744321,0.0437062932178378,0.012710829381831,0.0865245299064554,0.00746268639340997,0.0251765424036421,0.00678279635030776,0.0382901461562142,0.000728067010641098,0.0154340830631554,0.0235772352316417,0.0126146793190856,1.62309469847241,0.452568249602336
0.0274693153914995,0.0319018403533846,0.0358974349801429,0.0319752458017319,0.116814158856869,1.39829061017372,0.0112529757316224,0.0211750050075352,0.0972762645687908,0.174358975840732,0.0162205996457487,0.0223537156125531,0.0145219846162945,0.0146319158375263,0.287021153024398,0.381327349576168,0.0304386743810028,0.0472550401464105,0.031111111456994,0.0455522118136287,0,5.73006121627986,0.13069169013761,0.0496780114481226,3.35011426359415,2.33067736029625,1.64833011804149,2.20876831607893,0.60242178873159,0.240618101321161,2.58536578819621,1.4154728311114,0.0472906418144703,0.045829513692297,0.032640949357301,0.00699300691485405,0.310786115005612,0.117967332480475,0.236503855325282,0.103174604591914,0.858407076448202,0.140425527468324,0.0177383597474545,0.0338983037509024,0.00874999980442226,0.053949904628098,0.0218943366198801,0.0394849790027365,0.00397877977229655,0.0082417584490031,0.00570522987982258,0.00273847550852224,0.00180018006358296,0.00176366837695241,0.0156999563332647,0.0575309609994292,0.0161987036699429,0.0198895018547773,0.0163934425218031,0.0108843538910151,0.0163934426382184,0.0248618794139475,0.0161172164371237,0.0227272736374289,0.0139751555398107,0.0129240704700351,0.0274129081517458,0.0431006755097769,0.0373961208388209,0.0749746744986624,5.72093012533151,2.94580416288227,0.35555555857718,0.511589403497055,0.370370373129845,1.08910894487053,0.318542007473297,0.363934426568449,0.0299785863608122,0.0248447209596634,0.0551181112532504,0.0277594195213169,0.870304737007245,0.219008267624304,0.0363092683255672,0.0324400568206329,0.231422517215833,0.154789275373332,0.0237560201203451,0.0110884158639237,0.888888910412788,0.735955063719302
0.00354086759034544,0.0328478454030119,0.00575208512600511,0.0473342011100613,0.0565177754033357,5.79947214934509,0.00348735833540559,0.0259197322302498,0.0522613059729338,0.416886533028446,0.00166666670702398,0.0282258064253256,0.00163532292935997,0.0167130916379392,0.0221445226343349,1.5025787599152,0.025830258615315,0.0412517776712775,0.0162381593836471,0.0418483000248671,5.73006121627986,0,0.0457102662767284,0.0336291447747499,0.50891794776544,2.2945418166928,0.477157372515649,10.3502705208957,0.0697793764993548,0.305789763107896,1.32614552322775,1.16654440469574,0.0560841271653771,0.0493252667365596,0.0405616224743426,0.0630797778721899,0.052780395373702,1.27034610928968,0.0723104034550488,4.21352881880011,0.0381861589848995,1.22196790762246,0.020702070731204,0.05642633093521,0.0255264830775559,0.0774278212338686,0.0406189566710964,0.093164999037981,0.00406779663171619,0.00983836955856532,0.00512492004781961,0.00556070439051837,0,0,0.00796460174024105,0.276923071942292,0.00653772801160812,0.0278784485999495,0.0137187647633255,0.027624309877865,0.0174491062061861,0.031095405574888,0.00900900922715664,0.0100452033802867,0.0143426296999678,0.0307017546147108,0.059383105719462,0.0845253572333604,0.024096385226585,0.0943396193906665,2.83133643865585,3.71917201136239,0.0545294621260837,0.750638284371234,0.187500009778887,1.36864407034591,0.297803088789806,0.648694173432887,0.00460829492658377,0.0400000009685755,0.00976475834613666,0.0420982296927832,0.00725689402315766,0.737138799740933,0.00344160036183894,0.0426439224975184,0.00440044002607465,1.11477983579971,0.00454250490292907,0.0271066596033052,1.24770646356046,0.643962830305099
0.072355894750217,0.0409617087279912,5.38346128922421,1.26616401626961,1.40602577594109,0.423262432683259,1.09088298078859,1.43279424787033,0.373041666345671,0.21957447915338,0.0312151624821126,0.0376677004387602,0.24782788642915,0.603258495684713,0.192982457578182,0.122913140046876,0.0172811059746891,0.0210859254002571,7.5005427619908,0.666381865739822,0.13069169013761,0.0457102662767284,0,9.47273134405259,2.51904606865719,0.348317951720674,0.589386315550655,0.256565053132363,0.208439019275829,0.335013196745422,7.00774764019297,3.98453737387899,5.27115151099861,1.19418115392909,0.370419267041143,0.0307482076459564,0.0388518408872187,0.0144634075695649,0.0255536619806662,0.00829875556519255,0.00213751330738887,0.00353982293745503,0.00303687635459937,0.00464900047518313,0.00151706702308729,0.00460122688673437,0.00628366263117641,0.004268943448551,0,0.00157438998576254,0.00399274035589769,0.000879894418176264,0.00115406804252416,0,0.00301204816787504,0.0049403045559302,0.073939592577517,0.0354811726137996,0.0279972911812365,0.00657894750474952,0.0154327421332709,0.0205101245082915,0.00645161303691566,0.0283169671311043,0.00548998068552464,0.00474833796033636,0.202151276171207,0.0387994143529795,0.317978432169184,0.260323149268515,0.339763908996247,1.27350674429908,0.108368799788877,0.15436429384863,0.0348675035638735,0.0300699312356301,0.22117777261883,0.215944064315408,0.00566973770037293,0.00634249445283785,0.0137901315465569,0.0152388029673602,0.0244291018461809,0.0204885744606145,0.00710530075593852,0.00938114689779468,0.00303306034766138,0.0109289621468633,0.00585009157657623,0.00138360424898565,0.047145489603281,0.10106971260393
0.0122191562550142,0.0924267068912741,1.09996124380268,12.1732364121126,0.199856223422103,1.11339474091073,0.356767109973589,3.38970468030311,0.100746269454248,0.444365692266729,0.0166377816349268,0.126063660718501,0.10699588721036,1.35399839031743,0.0329314908012748,0.272886285558343,0.00216684717452154,0.02652863151161,1.07534602587111,1.35310383280739,0.0496780114481226,0.0336291447747499,9.47273134405259,0,0.414885191712528,0.539156606420875,0.0981273418292403,0.139463604544289,0.0720968641107902,0.755773667304311,1.91353747854009,4.22769027296454,0.705051618395373,0.389671342971269,0.0894239065237343,0.0134892089408822,0.0240349608357064,0.00871459697373211,0.0290883301640861,0.00961538485717028,0.00760456267744303,0.0047125353012234,0.00102380337193608,0.0122256185859442,0.00307503069052473,0.00747896544635296,0.00852651242166758,0.0110497237183154,0.000632911396678537,0.00321750325383618,0.00166423968039453,0.000520426721777767,0,0,0.00659062113845721,0.0149217813741416,0.00746826000977308,0.0584218507865444,0.00644122366793454,0.0134819804225117,0.00391006842255592,0.0425806468119845,0.00198873050976545,0.0402611523168162,0.000680272118188441,0.00854944431921467,0.0566550260409713,0.0315059871354606,0.0691214488469996,0.100795754231513,0.19205776671879,2.40057230670936,0.0496102048782632,0.392307707516011,0.0545034645474516,0.066759386099875,0.302676725084893,0.240947071113624,0,0.0149882901459932,0.00660233636153862,0.0226592566759791,0.0065295462263748,0.0457474212744273,0.00157878122990951,0.015238740015775,0,0.0162326688878238,0.00335640856064856,0.00236266973661259,0.0775347878225148,0.192231081426144
