0,0.0478431365336291,6.77112530963495,0.0386032636743039,0.0101160368649289,0.00594707089476287,5.68861144318362,0.0134312035806943,0.0687975679757074,0.00237318314611912,5.29208790883422,0.0136388436658308,3.46418972109677,0.00801319803576916,0.368123408872634,0.00566280598286539,3.22353621834191,0.0153888438362628,2.58205486391671,0.0951714506372809,0.0802556842099875,0.00765750085702166,0.0658112582168542,0.0138590206915978,0.00127469724975526,0.000602591142524034,0.0111975112231448,0.00125707103870809,4.64157534658443,0.028963019605726,0.241115351615008,0.0168255757307634,2.04840319027426,0.282439244212583,0.0656736612436362,0.011099549010396,0.769323315704241,0.0077611937886104,0.497488901834004,0.0122591941617429,0.592433968558908,0.00214056362165138,0.00417439706507139,0.00345935259247199,0.00861836783587933,0.00216099410317838,0.0634689920116216,0.0152636448328849,0.00596691091777757,0,0.03320158040151,0,0.00663449947023764,0,0.100277265621116,0.0582056907296646,12.0396872514102,0.0478626250987872,0.491091042233165,0.00326416417374276,1.39021670259535,0.00827357929665595,0.647323974408209,0.00872938911197707,0.110601716500241,0.0036054597585462,0.452376484754495,0.0492689773673192,4.92909933021292,0.178094946197234,1.28541846689768,0.0967741903150454,5.25163579802029,0.0408759107813239,0.452897248789668,0.0140845065470785,0.690092165255919,0.107710412645247,0.0751072980347089,0.00141793687362224,0.418561481288634,0.00771573590463959,0.611500683589838,0.00386100367177278,0.150646074558608,0.0040376849938184,0.0659754921798594,0.00288766954327002,0.103489293367602,0.00038131553446874,0.0635624532587826,0.033149172377307
0.0478431365336291,0,0.0307992214220576,5.63213829370216,0.000622471212409437,0.101399684965145,0.00721903226803988,5.18305345525732,0.00255020731128752,0.0508842703420669,0.00373366533312947,5.64184215827845,0.00277777772862464,2.12063504697289,0.00106894713826478,0.160556595074013,0.0216450224979781,2.10025778983254,0.729417427646695,2.98284613568103,0.0397301359917037,0.120366969611496,0.0892399630101863,0.10205598291941,0.00735785934375599,0.0132450331002474,0.00260841217823327,0.034937375516165,0.0351966880261898,1.34767404710874,0.0911680888384581,0.259215920115821,0.491709865338635,1.9881347764167,0.0684248059988022,0.0343692880123854,0.0528800748288631,0.0649594031274319,0.0630213164258748,0.0353874299908057,0.00527505640638992,0.0241054613143206,0.00576368859037757,0.0215439858147874,0.0112201960291713,0.020258862990886,0.0261306529864669,0.0225095780042466,0.000565131369512528,0.00343053170945495,0.00285016276757233,0.00541738502215594,0.000631313130725175,0,0.0124401912325993,0.064224332512822,0.105144997884054,10.7018400116649,0.0506457348819822,0.156966916256351,0.0438900438894052,0.83956299116835,0.00881834188476205,0.836519085278269,0.00897666031960398,0.186880847089924,0.394589373783674,0.795046465995256,0.990584906190634,4.99187007226283,0.240024748025462,1.54687496542465,0.0354698206647299,1.75404332578182,0.0292682927101851,0.465081714908592,0.371841164887883,0.926769214100204,0,0.0725776295294054,0.00961076410021633,0.250366336666048,0.00234123505651951,0.0983323777327314,0.00193610839778557,0.0938578294590116,0.00131795718334615,0.054901962808799,0.0159313727344852,0.00627820286899805,0.74120407900773,0.186988706700504
6.77112530963495,0.0307992214220576,0,0.751265475759283,2.26245943759568,0.470380176091567,19.091025717702,0.45639668579679,0.66787332779495,0.179947074735537,1.11438680905849,0.024350649327971,3.27790129871573,0.218581789085874,0.552040792419575,0.0684546630363911,0.370457198936492,0.0130825834348798,14.8167130434304,0.164929352351464,0.0611384393996559,0.0434033774072304,9.48868807166582,1.76085407097708,0.312499999708962,0.187518663820811,0.0764252680819482,0.142590281728189,2.56704587233253,0.120092384051532,8.69902397459373,0.808676271233708,10.8964832033962,0.461748631030787,0.107238609343767,0.00961208366788924,0.433383022376802,0.0065088756964542,0.250658862991259,0.00578703708015382,0.189971751766279,0.00352982693584636,0.00644864101195708,0.00343389733461663,0.0154955910984427,0.00160771695664153,0.0283790289249737,0.00780891149770468,0.00322841014713049,0,0.0196463661268353,0.000471809384180233,0.00537955784238875,0,0.04038549750112,0.026521739695454,1.57197170594009,0.0134447673917748,0.285921980976127,0.000463070144178346,0.179720436717616,0.0060175055405125,0.0960893826559186,0.00770341837778687,0.0329545444110408,0.00204446725547314,0.354193899664097,0.033844316349132,2.11892478168011,0.0590224396437407,2.13427156209946,0.448786273831502,2.76886796578765,0.0943560104351491,0.372142109379638,0.0167247382923961,0.528840686427429,0.073512252769433,0.0219391359132715,0,0.0940092176897451,0.00524722511181608,0.194714876124635,0.0103938732063398,0.0492471763573121,0.00368262475240044,0.0280112045584247,0.0125966223422438,0.0366574687650427,0.00151658768299967,0.0350877195596695,0.0466302372515202
0.0386032636743039,5.63213829370216,0.751265475759283,0,0.067681003594771,3.92973259580322,0.332536612870172,18.2261458756984,0.0647751598153263,2.03610672609648,0.0125885135494173,1.9339325040055,0.0642407002742402,4.04601606959477,0.0322506329393946,0.965405915747397,0.0109574751695618,0.198044009157456,4.18977493359125,11.4170538523467,0.166513619944453,0.519253924430814,2.83361732930643,9.77221775020007,0.100306497188285,0.674270560208242,0.0349154397845268,0.501513879047707,0.0694600031420123,1.63594254781492,2.08858597255312,4.60692065802868,0.796142638137098,3.2449614778161,0.0499265798134729,0.0281943602021784,0.0985169493360445,0.0773480701027438,0.130865485931281,0.0546814542030916,0.00983707327395678,0.046711738454178,0.0197354612173513,0.0404624278598931,0.0129682993283495,0.0279316150117666,0.0550338490284048,0.05528795637656,0.000483325275126845,0.00439345862832852,0.00217746320413426,0.00128755366313271,0.00159277935745195,0,0.0292948319111019,0.137821146985516,0.0279273212072439,0.644388190004975,0.0162708878924605,0.0383966247318313,0.0146103895967826,0.140789790719282,0.00649837567470968,0.148633883218281,0.00558233953779563,0.054453159624245,0.152060958294896,0.250918439269299,0.544346982613206,0.879695110954344,0.516179552127142,6.16372762224637,0.0818253380712122,2.09597533126362,0.0686274534091353,0.596779090818018,0.710680567659438,1.28552870149724,0.00123190635349602,0.0171149151865393,0.00756143691251054,0.113839287834708,0.00697211176156998,0.162864845013246,0.00353096961043775,0.0456606706720777,0.000550357741303742,0.123147673206404,0.0247497720411047,0.0133426967659034,0.832435893360525,0.555274770129472
0.0101160368649289,0.000622471212409437,2.26245943759568,0.067681003594771,0,0.337398380739614,0.485307618422667,0.0124003540258855,7.90844082925469,0.0444743925472721,0.0461016951594502,0.00112422707024962,0.312282057944685,0.00169779290445149,3.80229656025767,0.0130130128236488,0.0936454825568944,0,0.00662525882944465,0.000833333353511989,0.107642624061555,0.0628803230356425,0.998981344979256,0.163620534818619,2.06075139588211,0.287709488766268,2.27710834890604,0.384555977303535,2.7454118251917,0.0141414147801697,4.15019755018875,0.18582489201799,0.0443187166238204,0.00727272749645635,0.00187441427260637,0.00401606410741806,0.0542420034762472,0.0054682157933712,0.0280373843852431,0.00129954516887665,0.222950827796012,0.00218340614810586,0.00989690702408552,0,0.00109529029577971,0.0011019284138456,0.0124944220297039,0.00246204348513857,0.0100000002421439,0,0.0170185941969976,0,0.013995801564306,0,0.0237607536255382,0.00149086839519441,0.0354963950812817,0.00055756897199899,0.0171945702168159,0,0.0478764469735324,0.00230017257854342,0.0432952498085797,0,0.0424204606097192,0,0.00756693840958178,0.00708306534215808,0.0022650056052953,0.00149700604379177,4.10174026060849,0.0383299123495817,1.38440678699408,0.0104031208902597,0.0539956788998097,0.00419727154076099,0.042902207467705,0.00926538708154112,0.0220022001303732,0,0.0841931509785354,0.000658327830024064,0.82836709858384,0.00460034515708685,0.0731105633894913,0.000985950231552124,0.300925928167999,0.00126903550699353,0.0399113099556416,0,0.0048840050585568,0.00966183561831713
0.00594707089476287,0.101399684965145,0.470380176091567,3.92973259580322,0.337398380739614,0,0.292335930775153,1.57680387340952,0.391428567236289,15.1103631418664,0.00812457664869726,0.147108370787464,0.0727835833095014,0.38167939055711,0.103740644641221,8.42100039997604,0.0133600539993495,0.163055867888033,0.112536202184856,0.122398000617977,1.79162195697427,10.018218875397,1.03766544221435,2.7469565802603,1.53551476751454,13.5662482866319,0.951879708445631,22.5196601827629,0.152327223331667,3.13925324077718,4.82007919508033,5.8167755814502,0.12906264612684,0.131610816984903,0.0898035541176796,0.0861723457928747,0.0180555559927598,0.821842991979793,0.0186666664667428,3.6015574587509,0.00436204997822642,1.22657949128188,0.0560362581163645,0.150786309561227,0.0547045958228409,0.068244359921664,0.0989745885017328,0.212382129742764,0.00221975590102375,0.00908574648201466,0.00251968507654965,0.0043029259541072,0,0,0.00245599664049223,0.87150837702211,0.0127494455664419,0.0980774639174342,0.0280289337970316,0.0191347748041153,0.0146604939363897,0.065479610231705,0.00480480492115021,0.0643144268542528,0.0149532705545425,0.0590590581996366,0.11227458313806,0.225225227768533,0.0576923101907596,0.158445440698415,0.617647070903331,5.59125064872205,0.0677048054058105,2.58441553567536,0.0323275860864669,0.864921474829316,0.274732188787311,0.842035725479946,0.00219538970850408,0.0641025672666728,0.00824742252007127,0.16381579649169,0.0190476197749376,2.16427343292162,0.00358663988299668,0.106922890699934,0.00462249631527811,4.10266156448051,0.0012662234948948,0.0767857172177173,0.925700408406556,0.250602414831519
5.68861144318362,0.00721903226803988,19.091025717702,0.332536612870172,0.485307618422667,0.292335930775153,0,0.181941059359815,2.27803745292476,0.08841044572182,2.32591227977537,0.00686547951772809,11.2117882417806,0.0775104980275501,2.11136136724963,0.0364754098700359,0.445510630379431,0.00517911091446877,1.26033600291703,0.0427868220722303,0.0635003960924223,0.0274043430108577,2.31062298850156,0.743629329605028,0.134526980051305,0.13351877219975,0.0679334913147613,0.105817573901732,4.81565815093927,0.0452488701557741,2.87040622823406,0.363955283246469,1.73335998971015,0.0970692571718246,0.0222841233480722,0.00361010839696974,0.320833327656146,0.00276179518550634,0.226484014652669,0.00859534030314535,0.0905978453811258,0.000526592950336635,0.00791407588985749,0.0015866719186306,0.00297366175800562,0.000851607415825129,0.026937341230223,0.00300808413885534,0.00811618939042091,0,0.0280759710585698,0,0.00974251935258508,0,0.0304339661670383,0.020485174638452,1.05610355112003,0.00401916826376691,0.130793403979624,0.00151400454342365,0.309941522777081,0.00302964731235988,0.134653466579039,0.00195350658032112,0.0521739117102697,0.00123001233441755,0.0981323208543472,0.0140280566993169,0.290017209306825,0.0151730682700872,1.96297994698398,0.194335709849838,3.26600865810178,0.0407239820924588,0.543067254708149,0.00573663652176037,0.548914244689513,0.0309583420166746,0.024268004228361,0,0.179830355424201,0.00236486492212862,0.381578955275472,0.00519368110690266,0.107069879391929,0.00172935583395883,0.08568693138659,0.00448631675681099,0.0450405704323202,0.000320512830512598,0.0140502572758123,0.0215633423067629
0.0134312035806943,5.18305345525732,0.45639668579679,18.2261458756984,0.0124003540258855,1.57680387340952,0.181941059359815,0,0.0126126129180193,4.10693761910079,0.00221385882468894,4.68657969648484,0.0334341094712727,11.7406446449459,0.0083250745665282,1.75714288128074,0.0061714788316749,0.221109724370763,1.42972329934128,2.05733182292897,0.0715185056906193,0.188679244602099,2.11925832438283,3.35880153253675,0.040996971540153,0.174787662108429,0.0123569796269294,0.218123133003246,0.0305786727112718,2.08880922044045,1.49553289264441,3.42342718175496,0.412938224035315,1.60884537326638,0.0399123863317072,0.0212976717157289,0.0437500002444722,0.0546059937332757,0.0537444947403856,0.0305610123905353,0.00353803392499685,0.0217281455406919,0.0113407723256387,0.0288350631308276,0.0135579294583295,0.0127650815993547,0.0261215224745683,0.0467238537967205,0,0.00166631955653429,0.00193081260658801,0.00260999248712324,0,0,0.0076600399625022,0.0604366809711792,0.0195547538169194,0.789862709818408,0.0118050270248204,0.0466568693809677,0.0142045458778739,0.234260621946305,0.00340063753537834,0.197385870793369,0.00215285253943875,0.0658991682576016,0.120407537324354,0.255042298696935,0.175956733524799,0.542256751272362,0.262786588165909,4.30290918587707,0.0367500564898364,1.46986903849756,0.027217741124332,0.280851049174089,0.34104171578656,0.559631008072756,0.001012401888147,0.0206237417296506,0.00329368718666956,0.123355268442538,0.00381355927675031,0.110855472885305,0.00213304883800447,0.0552190452581272,0,0.0796881793066859,0.00774318468756974,0.00906249979743734,0.316498311643954,0.255297147086821
0.0687975679757074,0.00255020731128752,0.66787332779495,0.0647751598153263,7.90844082925469,0.391428567236289,2.27803745292476,0.0126126129180193,0,0.0340909101068974,0.16011437214911,0.00117439811583608,5.2934130106587,0.00263157900189981,22.6652836555149,0.00936524500139058,0.281888642348349,0,0.0102607954759151,0.00258175557246432,0.126611954066902,0.0593406620901078,0.250958518590778,0.153015305404551,0.365957440226339,0.272861355915666,0.444089449010789,0.226415094919503,3.99219131330028,0.00735294155310839,2.4412979260087,0.242046157596633,0.0254278727807105,0.00500208407174796,0.0121089806780219,0,0.073421437991783,0.00720980518963188,0.0436005616793409,0.0041011618450284,0.0309892727527767,0.00476190494373441,0.0212856539292261,0.00287907861638814,0.0171428569592535,0,0.0212471132981591,0,0.0150812059873715,0,0.0568291884846985,0,0.0399113078601658,0,0.0304439754690975,0.00383582664653659,0.0821529750828631,0.00227855308912694,0.0412371139973402,0,0.108194111846387,0,0.105860109440982,0.00277649232884869,0.106090373941697,0.00104166672099382,0.0166666673030704,0.00330033013597131,0.016568047227338,0,2.82087456434965,0.0476534308400005,1.22659045807086,0.00683994556311518,0.183529404457659,0.00228050164878368,0.145791921531782,0.0125435537192971,0.0720288092270494,0,0.235193857457489,0.00202565838117152,1.26966289489064,0.0012026458280161,0.119096505775815,0.000502386363223195,0.40983606595546,0.00533333327621222,0.0564751684432849,0,0.00269178999587893,0.0079787231516093
0.00237318314611912,0.0508842703420669,0.179947074735537,2.03610672609648,0.0444743925472721,15.1103631418664,0.08841044572182,4.10693761910079,0.0340909101068974,0,0.00134680129121989,0.0950251525500789,0.0216132765635848,1.05325443088077,0.00894187821540982,8.40737076848745,0.00664451799821109,0.0624290609266609,0.0701030914206058,0.0639004156109877,0.319488812237978,1.19076300784945,0.671404397115111,1.1793760836008,0.203013479709625,1.78918175166473,0.0747384154237807,2.07356326316949,0.0337236528284848,1.62110551027581,0.967995539074764,3.28478396730497,0.0628812774666585,0.0651911445893347,0.0371402036398649,0.0318091437220573,0.00414364656899124,0.21724371239543,0.00928381946869195,0.207876048749313,0.00216216221451759,0.172786172479391,0.031211500056088,0.0737327197566628,0.0185185180744156,0.0252054795855656,0.0293203025939874,0.0784634258598089,0,0.00452232919633389,0.000628338020760566,0,0,0,0.0032639738637954,0.103230600478128,0.00774336280301213,0.0350291908252984,0.0117117119953036,0.00414593698224053,0.00769230769947171,0.0263007431058213,0.00119545729830861,0.0240320421871729,0,0.0269192426931113,0.0499129429226741,0.0930680386954919,0.0292792799882591,0.0742942036595196,0.246010630507953,3.02515297953505,0.0188552180770785,1.25452199683059,0.0106837612111121,0.303219120018184,0.139184954809025,0.293228151858784,0.00435255700722337,0.0233050847891718,0.00164406083058566,0.075459317304194,0.00355450250208378,0.624356771120802,0.00089505483629182,0.0550774494186044,0,0.501891551539302,0.000631512491963804,0.0356294552329928,0.0940892652142793,0.131264921510592
5.29208790883422,0.00373366533312947,1.11438680905849,0.0125885135494173,0.0461016951594502,0.00812457664869726,2.32591227977537,0.00221385882468894,0.16011437214911,0.00134680129121989,0,0,11.5701005004812,0.0067882901057601,2.32834330957849,0.00300150085240602,8.51871674414724,0.00228180270642042,0.24254966864828,0.00249895878368989,0.0580645173322409,0.0101317127700895,0.035980989865493,0.0156589824473485,0,0.00139567337464541,0.00451467256061733,0.00308641977608204,3.33960486168507,0.00807672925293446,0.169300229754299,0.017857143539004,0.129123467253521,0.021809370489791,0.0187265919521451,0.0100300903432071,0.272411407902837,0.00683060090523213,0.168112078914419,0.00129870127420872,0.194323147181422,0,0.0148392417468131,0,0.0164203613530844,0,0.0401427285396494,0.00164068909361959,0.0144364237785339,0.00113636360038072,0.0548204138176516,0,0.0251748261507601,0,0.0524160526692867,0.0186289122211747,3.91904618195258,0.00724637700477615,0.151967434678227,0,0.707834807457402,0.00229885056614876,1.003605806618,0.000893655058462173,0.16957606561482,0,0.0651731137186289,0.010943031811621,0.149405775591731,0.0314136135857552,0.507023398415186,0.0177838584640995,1.99729001289234,0.00909681618213654,0.263214660808444,0.00628930795937777,0.337957125157118,0.0277777769370005,0.237362648360431,0.00213903747498989,1.8061056669103,0.00197433371795341,3.43418694671709,0.00114942528307438,0.264125553250778,0.000492853636387736,0.325366221484728,0,0.0766307779704221,0,0.0146341463550925,0.0168878168333322
0.0136388436658308,5.64184215827845,0.024350649327971,1.9339325040055,0.00112422707024962,0.147108370787464,0.00686547951772809,4.68657969648484,0.00117439811583608,0.0950251525500789,0,0,0.00485100474907085,12.3419770715409,0,0.587060340680182,0.00333333341404796,8.27515820396366,0.765441191440914,1.13419591239654,0.025931928306818,0.127033305354416,0.11507692100713,0.202074526983779,0.00257069407962263,0.0218767997575924,0.00122473970986903,0.03874999913387,0.0181069958489388,14.5855583506636,0.157032758113928,0.501008049584925,0.223413028521463,1.14316545671318,0.056851314031519,0.0568793227430433,0.0263912791851908,0.0837104108650237,0.043261231505312,0.0260303691029549,0.00163934426382184,0.0229320230428129,0.0293040298856795,0.0576064911438152,0.0178320040577091,0.0367924533784389,0.0329929307335988,0.0525164119899273,0.000950118759647012,0.00290697673335671,0.00230017257854342,0.0045679482864216,0,0,0.00946831790497527,0.0589022752828896,0.0281257991446182,1.65056532644667,0.0302186883054674,0.0605836698086932,0.019343696301803,0.311154596507549,0.00203252024948597,0.494885920605157,0.00733752595260739,0.109517598990351,0.168404169380665,0.292582832276821,0.270400780718774,0.70810478948988,0.127848802949302,2.53907128353603,0.0325842699967325,4.08030384220183,0.0406173843657598,0.496025444939733,0.223280426347628,0.584801738150418,0.00494233926292509,0.343825655872934,0.00659824046306312,0.383487885992508,0.00201714574359357,0.314090017229319,0.00251889164792374,0.0953690954484046,0.00124921929091215,0.0733652303460985,0.00519930658629164,0.0120120120700449,0.620996436220594,0.199470434337854
3.46418972109677,0.00277777772862464,3.27790129871573,0.0642407002742402,0.312282057944685,0.0727835833095014,11.2117882417806,0.0334341094712727,5.2934130106587,0.0216132765635848,11.5701005004812,0.00485100474907085,0,0.0219462885288522,14.6745975590893,0.00901771313510835,3.10837812395766,0.00209863594500348,0.247586591634899,0.0102651837514713,0.0559921434614807,0.00668896327260882,0.38598225323949,0.155653454712592,0.0296861748211086,0.0378101617097855,0.0673511316999793,0.024146544339601,7.12376226345077,0.012309686106164,0.863794336793944,0.103374011814594,0.224907067778986,0.0290340578649193,0.023919042549096,0.00665715662762523,0.293909637257457,0.00622568093240261,0.243378123443108,0.00604686327278614,0.117705237003975,0.000988630694337189,0.0362400896847248,0.00183654727879912,0.0204568693879992,0.000684462720528245,0.0722819569637068,0.00507900689262897,0.0392156848101877,0,0.124766358960187,0,0.0638801274471916,0,0.0772266028798185,0.0147757255472243,2.00084867610713,0.00383468245854601,0.176665661099833,0.000569962954614311,0.787124660855625,0.002108222048264,0.757400741684251,0.0023923444095999,0.231734312837943,0.0012890751240775,0.0871670692577027,0.0151910753920674,0.0946745560504496,0.0122799832024612,1.70780467236182,0.0654205586761236,3.30828809249215,0.0143667293596081,0.602065889630467,0.00388349522836506,0.55052004911704,0.0366692142561078,0.154761913698167,0.000979911768808961,1.07252125401283,0.00289505434921011,2.62118481332436,0.00140548136550933,0.409989227628103,0.00154918665066361,0.443612142233178,0.000745434197597206,0.143527204636484,0,0.0155763246584684,0.0165374670177698
0.00801319803576916,2.12063504697289,0.218581789085874,4.04601606959477,0.00169779290445149,0.38167939055711,0.0775104980275501,11.7406446449459,0.00263157900189981,1.05325443088077,0.0067882901057601,12.3419770715409,0.0219462885288522,0,0.00207972270436585,1.71805559715722,0.0100967609323561,1.38952159148175,1.43160448409617,1.49664833303541,0.0331308657769114,0.101713060867041,1.01228120201267,1.39308173878817,0.0150023438036442,0.0250648233341053,0.00361990951932967,0.0569591191597283,0.0186232123523951,10.8735149516724,0.85488125437405,2.11948458151892,0.383616372942924,1.18677387898788,0.0430990266613662,0.0298189558088779,0.0284482757560909,0.067377396626398,0.0285714288474992,0.0272614614805207,0.00111296609975398,0.0189098990522325,0.0114907776587643,0.0249835645081475,0.00886262906715274,0.0163144239922985,0.0204931162297726,0.0277191925561056,0,0.00151457777246833,0.00197287299670279,0.00187265913700685,0,0,0.0060186575865373,0.0476858331239782,0.0182709443033673,0.887894397601485,0.0135834412649274,0.0353227787418291,0.00748847925569862,0.18466233741492,0.00157170929014683,0.360371930059046,0.00402414472773671,0.0701876331586391,0.117183880123775,0.202607824932784,0.161631419789046,0.476104605942965,0.145622892130632,3.33077256195247,0.0212134065805003,2.6479338852223,0.0132743362337351,0.28337876079604,0.227807060698979,0.422900112811476,0,0.0969162955880165,0.00363086233846843,0.229081622732338,0.00390625005820766,0.148798164445907,0.00149784679524601,0.0736991305602714,0,0.0667209106031805,0.00990344095043838,0.0132075473666191,0.295120508410037,0.176608184934594
0.368123408872634,0.00106894713826478,0.552040792419575,0.0322506329393946,3.80229656025767,0.103740644641221,2.11136136724963,0.0083250745665282,22.6652836555149,0.00894187821540982,2.32834330957849,0,14.6745975590893,0.00207972270436585,0,0.00791452301200479,1.7687747743912,0.00350723369047046,0.0312500005820766,0.00273130764253438,0.248285321868025,0.0171617167070508,0.139896377397235,0.0686239855713211,0.0966292144730687,0.0673125986941159,0.369413014268503,0.0712719303555787,7.67068559437757,0.0071741730789654,0.986086977529339,0.0842391320038587,0.0467924528056756,0.0093209050828591,0.0125313282478601,0.00524590164422989,0.343670550268143,0.00903614424169064,0.0937345816055313,0.000967118015978485,1.13157891575247,0.00138408306520432,0.0649966131895781,0.00297508365474641,0.0331210180884227,0.000853242294397205,0.095306861680001,0.0060687797376886,0.0541004738188349,0,0.200432203069795,0,0.123595510725863,0,0.191245783353224,0.00435865489998832,0.380652970430674,0.00194363459013402,0.125593283912167,0.000682360958307981,0.412952887825668,0.000881834188476205,0.306569340638816,0.00361532904207706,0.272045028395951,0.00158415839541703,0.0635561160743237,0.0143053649226204,0.0209150332957506,0.00857908837497234,2.35491831391118,0.0261306529864669,2.03193612443283,0.00774068711325526,0.185567006701604,0.00269905524328351,0.295175023376942,0.020588236511685,0.175243395846337,0.0013670539483428,1.3584011112107,0.00112139049451798,10.805618713377,0.00352733675390482,0.694466717541218,0,2.6553424798185,0.00285035627894104,0.347259901463985,0,0.00296735903248191,0.00884303636848927
0.00566280598286539,0.160556595074013,0.0684546630363911,0.965405915747397,0.0130130128236488,8.42100039997604,0.0364754098700359,1.75714288128074,0.00936524500139058,8.40737076848745,0.00300150085240602,0.587060340680182,0.00901771313510835,1.71805559715722,0.00791452301200479,0,0.0237741451710463,0.525483309058473,0.132698192610405,0.146374835050665,0.243633865728043,2.91125832661055,0.338426049100235,0.545712253660895,0.135211274027824,0.89877298520878,0.0518358517438173,2.98185818083584,0.0498301258776337,15.3170923807193,0.604793046135455,1.34634593181545,0.133837426139507,0.200066686375067,0.163419235032052,0.151315795956179,0.0132517833262682,1.33668840304017,0.0118694356642663,1.36791077203816,0,0.995833357446827,0.139708381262608,0.362146053579636,0.109787232067902,0.158187263587024,0.189511746633798,0.529550808481872,0.000860585190821439,0.0201489272294566,0.00757370807696134,0.00421644409652799,0.00204813107848167,0.00102197239175439,0.00337268138537183,0.899906420556363,0.0261501203058288,0.151787884533405,0.0431602057651617,0.03417634870857,0.0346820815466344,0.091913387645036,0.00365797895938158,0.144875049591064,0.0150446640327573,0.124603176314849,0.236868697567843,0.494214893609751,0.100436684151646,0.18817204691004,0.190287418663502,2.96826198650524,0.0120060034096241,4.80698360432871,0.0110344830900431,0.85037235589698,0.223802756983787,1.27371004968882,0.00558269349858165,0.113854595110752,0.0135731254704297,0.627175764006097,0.00363306095823646,6.9023418991128,0.00521774031221867,0.476315207401058,0.00219780229963362,3.12571425223723,0.00162999186431989,0.293663050979376,0.515264344168827,0.0724852080456913
3.22353621834191,0.0216450224979781,0.370457198936492,0.0109574751695618,0.0936454825568944,0.0133600539993495,0.445510630379431,0.0061714788316749,0.281888642348349,0.00664451799821109,8.51871674414724,0.00333333341404796,3.10837812395766,0.0100967609323561,1.7687747743912,0.0237741451710463,0,0.0383530757389963,0.105911330727395,0.0206526223337278,0.0589473657310009,0.0178748758044094,0.0155091037740931,0.00862440734636039,0.00314465397968888,0.00275292503647506,0.0266864353325218,0.00911854114383459,4.28145395289175,0.0839580232277513,0.0870535753201693,0.0117647054139525,0.483660132042132,0.121794873382896,0.558823531493545,0.409046228975058,0.704592196969315,0.190026949974708,0.165898613166064,0.0205128211528063,0.217948728706688,0.0320170749910176,0.977923111757264,0.0751948637189344,0.743909018696286,0.0708060985198244,0.503978793276474,0.0650935713201761,0.585392648936249,0.0134831462055445,1.22792739589931,0.000853606499731541,0.453793117078021,0,0.307879773492459,0.0606508883647621,7.18003870930988,0.0593126380699687,1.18422231217846,0.0181593070738018,2.90233633137541,0.0522727256175131,4.67695982358418,0.0336581037845463,1.49137928464916,0.0297471508383751,1.07723459578119,0.322353696450591,0.212646898580715,0.110537954606116,0.781518176198006,0.0674763810820878,2.33155084773898,0.0525978208752349,0.282998954411596,0.030800822423771,1.02739722642582,0.554830295732245,2.83225812320597,0.0125654451549053,12.56464833871,0.0300751869799569,5.69276016997173,0.0249999992083758,1.25982143561123,0.0220696427277289,0.536066799773835,0.0137758300406858,0.272498426318634,0.00414323783479631,0.0666666692122817,0.0212014142889529
0.0153888438362628,2.10025778983254,0.0130825834348798,0.198044009157456,0,0.163055867888033,0.00517911091446877,0.221109724370763,0,0.0624290609266609,0.00228180270642042,8.27515820396366,0.00209863594500348,1.38952159148175,0.00350723369047046,0.525483309058473,0.0383530757389963,0,0.11734125809744,0.193427934253123,0.0331400171853602,0.139240509830415,0.0372323929332197,0.0605590073391795,0.00261608883738518,0.0152046781731769,0.00498131988570094,0.0508582312613726,0.0640865571331233,20.5899021204095,0.0536847242619842,0.136944300495088,0.412671935919207,0.509989108541049,0.292936804355122,0.174254321493208,0.0256410262081772,0.178058589226566,0.0168918923009187,0.0451293347869068,0.00167644594330341,0.0469011720269918,0.0510543843847699,0.142739951144904,0.0522813684074208,0.103201147634536,0.040492260013707,0.0788213654304855,0.000962463906034827,0.0176730479579419,0.00637496408307925,0.0053846153896302,0.00351493852213025,0,0.00588451651856303,0.108071593567729,0.0751802300801501,3.36300124932313,0.0972668793983757,0.106716418755241,0.0599721061298624,0.290530506521463,0.0103039667010307,4.22107361909002,0.0223285483662039,0.221635878318921,0.541195450932719,0.787234043469653,0.272015653550625,0.712515503983013,0.182844248134643,1.52616450586356,0.0365088433027267,7.22246666438878,0.0116279067005962,0.492282698513009,0.284487378667109,0.838457228383049,0.0185341192409396,11.7772280902136,0.0207330626435578,3.57478894182714,0.0102249486371875,0.92315324768424,0.00717753876233473,0.232525954954326,0.00508259190246463,0.166127285920084,0.00524017465068027,0.0286028601694852,0.587055602576584,0.0904159154742956
2.58205486391671,0.729417427646695,14.8167130434304,4.18977493359125,0.00662525882944465,0.112536202184856,1.26033600291703,1.42972329934128,0.0102607954759151,0.0701030914206058,0.24254966864828,0.765441191440914,0.247586591634899,1.43160448409617,0.0312500005820766,0.132698192610405,0.105911330727395,0.11734125809744,0,19.7815031313803,0.0502673806622624,0.122470165370032,6.87802399741486,2.89348574308679,0.0364963500760496,0.0294985240907408,0.00705156475305557,0.0295169940800406,0.532941955782007,0.531324876938015,4.03908553067595,2.97328245243989,14.7531019410817,13.2382898463984,0.318725109100342,0.0733092401642352,0.213535094051622,0.0316139757633209,0.190241907723248,0.0145161288091913,0.093749999650754,0.0236941291950643,0.0065359475556761,0.00838439189828932,0.00722804456017911,0.00580551521852612,0.0333123825257644,0.0153937244322151,0.000729660736396909,0.00222222221782431,0.00486144883325323,0.00122586579527706,0.00084388186223805,0,0.0342992296209559,0.0584988961927593,1.09610729361884,0.217314489302225,0.156140911392868,0.0119653006549925,0.0674029998481274,0.0388059704564512,0.0245775729417801,0.0704845814034343,0.0102201254339889,0.0170241750311106,0.548777709831484,0.159130219253711,10.6036198670045,2.58322356711142,1.34373721294105,3.31890088750515,0.921357615035959,1.0367083462188,0.140332081122324,0.587117233779281,0.760095007717609,1.55301795899868,0.00756756775081158,0.00960000010672957,0.019024970009923,0.0472480535972863,0.0450553633854724,0.0500000003958121,0.00666666665347293,0.0168067225604318,0.00178810907527804,0.0301946760155261,0.0248901903396472,0.00372179574333131,1.167045417591,0.427360109053552
0.0951714506372809,2.98284613568103,0.164929352351464,11.4170538523467,0.000833333353511989,0.122398000617977,0.0427868220722303,2.05733182292897,0.00258175557246432,0.0639004156109877,0.00249895878368989,1.13419591239654,0.0102651837514713,1.49664833303541,0.00273130764253438,0.146374835050665,0.0206526223337278,0.193427934253123,19.7815031313803,0,0.0463611859595403,0.198744764784351,0.923275662586093,2.90012404584559,0.0119430411141366,0.0144189991988242,0.003549245884642,0.0351193156675436,0.0458865961991251,0.634549220907502,0.832777188334148,1.18387718091253,3.24319010716863,6.44810351135675,0.101354742073454,0.0260145694483072,0.0854483908042312,0.0318124730838463,0.136963700642809,0.0259634889662266,0.0130363935604692,0.0184581982903183,0.00298418395686895,0.00842514546820894,0.00581395346671343,0.00583728589117527,0.0277865496464074,0.0202200410421938,0,0.000744878954719752,0.000975847768131644,0,0,0,0.0308880324009806,0.0642837327904999,0.111650486476719,0.641701763030142,0.0363520400715061,0.0162259621429257,0.0221842996543273,0.0825515948235989,0.00849748915061355,0.113815998192877,0.00316330557689071,0.0198494188953191,0.316368633939419,0.183035724854562,6.86181264999323,5.81874462903943,0.585950413427781,3.79388353228569,0.0674718871596269,1.6225649335538,0.0593952467897907,0.752527970355004,0.743926715687849,1.81206400506198,0.003269754932262,0.0204301079502329,0.00597193196881562,0.0514631678815931,0.00307219661772251,0.0615384615957737,0.00222841225331649,0.0224764198064804,0,0.0503597121569328,0.0205731085734442,0.0042016806837637,1.45787962060422,0.540478890761733
0.0802556842099875,0.0397301359917037,0.0611384393996559,0.166513619944453,0.107642624061555,1.79162195697427,0.0635003960924223,0.0715185056906193,0.126611954066902,0.319488812237978,0.0580645173322409,0.025931928306818,0.0559921434614807,0.0331308657769114,0.248285321868025,0.243633865728043,0.0589473657310009,0.0331400171853602,0.0502673806622624,0.0463611859595403,0,4.1451247734949,0.109166669310071,0.181403315160424,2.40509911766276,2.71476875524968,0.441890155430883,2.26666664239019,1.04556962731294,0.15749128558673,4.02120721526444,1.94708988815546,0.0317258876748383,0.0746114021167159,0.0229885051958263,0.0399113078601658,0.385218378156424,0.065359475556761,0.291710372082889,0.0583500985521823,1.45405408926308,0.237196760252118,0.00957446778193116,0.0185758515726775,0.00624512089416385,0.0188976377248764,0.0377358496189117,0.0221987311961129,0.00159362552221864,0,0.0068493151338771,0.00112549238838255,0.00452488707378507,0,0.0675105452537537,0.082319924607873,0.0457366858609021,0.027613413403742,0.0132132135331631,0.00215401174500585,0.0215158923529088,0.0217755441553891,0.0268336309818551,0.0177304964745417,0.0189035921357572,0.0124052376486361,0.0255966786062345,0.044513861881569,0.0475020477315411,0.101137803867459,7.50263404101133,2.80567690031603,0.815053780330345,0.27794561907649,0.325459316372871,0.240196086931974,0.846153846941888,0.654244318604469,0.0164835168980062,0,0.0340788066387177,0.0136381866177544,2.007060918957,0.100502511486411,0.0602963711135089,0.00683371326886117,0.535286263329908,0.122211447567679,0.0819295584806241,0.00426590815186501,0.364963500760496,2.69964666385204
0.00765750085702166,0.120366969611496,0.0434033774072304,0.519253924430814,0.0628803230356425,10.018218875397,0.0274043430108577,0.188679244602099,0.0593406620901078,1.19076300784945,0.0101317127700895,0.127033305354416,0.00668896327260882,0.101713060867041,0.0171617167070508,2.91125832661055,0.0178748758044094,0.139240509830415,0.122470165370032,0.198744764784351,4.1451247734949,0,0.228734236909077,0.320441974326968,1.46264749299735,3.10381356510334,0.34047620347701,11.0037176962942,0.0452046440914273,0.81501343101263,3.21745906211436,2.57766578637529,0.110226573888212,0.179164560046047,0.196891191182658,0.169291337952018,0.10105262696743,1.32102559227496,0.152475252281874,7.09609879972413,0.0234192027710378,6.09345775097609,0.0423335048835725,0.131578942527995,0.0433482809457928,0.0527505640638992,0.0707358838990331,0.151872760616243,0,0.00944138481281698,0.00372439477359876,0,0,0,0.0143369175493717,0.43553529784549,0.0237331630778499,0.0980961588211358,0.0220673630246893,0.0198537090327591,0.0304471924901009,0.0447641885839403,0.00680851051583886,0.0743281870381907,0.00896860961802304,0.0782493355218321,0.122116691200063,0.201680678408593,0.122065726434812,0.23820755071938,2.22465198906139,9.67317612236366,0.0668693042825907,1.30095236701891,0.146118715405464,2.42150542652234,0.692798537202179,1.95698924548924,0.0047505940310657,0.0672645773738623,0.00516795844305307,0.090980390785262,0.00504201685544103,0.792965626344085,0.00201460579410195,0.0577192473574542,0.00247524748556316,2.16176471393555,0.00899213156662881,0.0327526124892756,11.0271903220564,1.87058827187866
0.0658112582168542,0.0892399630101863,9.48868807166582,2.83361732930643,0.998981344979256,1.03766544221435,2.31062298850156,2.11925832438283,0.250958518590778,0.671404397115111,0.035980989865493,0.11507692100713,0.38598225323949,1.01228120201267,0.139896377397235,0.338426049100235,0.0155091037740931,0.0372323929332197,6.87802399741486,0.923275662586093,0.109166669310071,0.228734236909077,0,13.3733084200649,2.75973545503803,0.811574263265356,0.699535530351568,0.610267542302608,0.256395984208211,0.679802988131996,14.8840217155521,9.33650755119743,6.57349685055669,1.85808421089314,0.274231678806245,0.0559383885702118,0.0426263314438984,0.0347648273454979,0.0255978442728519,0.0205980057944544,0.00419111485825852,0.0175953079015017,0.00770020560594276,0.0148719364078715,0.00363967241719365,0.00486914161592722,0.0129310344345868,0.0189355165930465,0.000611433817539364,0.00123839010484517,0.0030146426288411,0.000527287134900689,0,0,0.00613496918231249,0.0226287914847489,0.0535749441478401,0.0442862780764699,0.0260798698291183,0.00671314215287566,0.0187146028038114,0.0149532705545425,0.00765794492326677,0.0226537208072841,0.00585556298028678,0.00865301408339292,0.121459142130334,0.0559318326413631,0.247142417356372,0.151050940388814,0.480944365554024,2.42291952297091,0.154786145081744,0.5064805514412,0.0367125580087304,0.0915841612732038,0.259816756588407,0.246814209967852,0.00252100842772052,0.00748440774623305,0.0112994345836341,0.0221778667764738,0.0203239116817713,0.0504672881215811,0.00505902207805775,0.00832127325702459,0.00433682673610747,0.0472596008330584,0.0051858255174011,0.00372747975052334,0.063755460374523,0.181818185083102
0.0138590206915978,0.10205598291941,1.76085407097708,9.77221775020007,0.163620534818619,2.7469565802603,0.743629329605028,3.35880153253675,0.153015305404551,1.1793760836008,0.0156589824473485,0.202074526983779,0.155653454712592,1.39308173878817,0.0686239855713211,0.545712253660895,0.00862440734636039,0.0605590073391795,2.89348574308679,2.90012404584559,0.181403315160424,0.320441974326968,13.3733084200649,0,1.19036144169513,1.654255266767,0.291821558144875,0.69844264537096,0.129535440879408,0.968616289319471,4.90789982117712,5.37914485344663,1.24278440605849,0.691724761738442,0.080380751285702,0.0318681333446875,0.0194518130738288,0.0454744219314307,0.0335917321499437,0.025391451199539,0.00115008628927171,0.0172413792461157,0.00861803616862744,0.0227882044855505,0.00679245282663032,0.00606290251016617,0.0143556279363111,0.0275988961220719,0,0.00154858687892556,0.0015011258656159,0.00127145578153431,0,0,0.00367534440010786,0.0370687191025354,0.0103837470232975,0.0539560186734889,0.00395517458673567,0.00371977686882019,0.00761570013128221,0.0218493959400803,0.000804181734565645,0.0267886302899569,0.000824062619358301,0.00709219835698605,0.0568075132614467,0.0544529263861477,0.122007719706744,0.10185185004957,0.361518562363926,3.34704603534192,0.0722053079516627,0.833192192483693,0.0331428567878902,0.151941472431645,0.318804480135441,0.305781576724257,0,0.0113765639252961,0.00307976588374004,0.0352149151731282,0.0127897681668401,0.0881779193296097,0.000757145578972995,0.013112067244947,0.00377358496189117,0.078333335230127,0.00301431817933917,0.00478240079246461,0.0973828323185444,0.245762722450309
