0,0.0833333353511989,5.48421610801597,0.0223258920595981,0.00631639407947659,0.00287769769784063,5.06414771534037,0.0185934922774322,0.0147232043673284,0.00227079191245139,3.94729300925974,0.0157687260070816,2.2939283438609,0.0114259601105005,0.150766180886421,0.00492610852234066,2.98457139660604,0.016599731403403,1.60243500990327,0.169989051646553,0.0350756536354311,0.00609756109770387,0.0522298121359199,0.0143253236601595,0.00124843942467123,0,0.00178677780786529,0.00180017994716763,3.27369695249945,0.0310227815061808,0.329399141017348,0.0211026123724878,1.63526565869688,0.319463092891965,0.0572180214221589,0.0261131573352031,0.280427864927333,0.00577533908654004,0.258158513868693,0.0099972226889804,0.419265410455409,0.00137835973873734,0.006251395563595,0.000474608445074409,0.00206504901871085,0.00104438641574234,0.0432283274712972,0.011035091301892,0.00420499360188842,0,0.0216359845362604,0,0.00174013915238902,0,0.0697571724886075,0.0235394813353196,11.7585787257703,0.0339933414070401,0.455073139164597,0.0066755672742147,1.0049451982195,0.00264620262896642,0.851282097166404,0.00568181835114956,0.15863398835063,0.00098546443041414,0.499534713919275,0.0741301032248884,4.83324391325004,0.246008267626166,0.993699933460448,0.0912460777908564,3.03387429215945,0.0624462899868377,0.544027296185959,0.0217909440398216,0.667602491856087,0.11691961530596,0.0353675462538376,0.00137693632859737,0.48739865119569,0.00497226999141276,0.208039113902487,0.00268024654360488,0.423921272158623,0.00161420495714992,0.0302755070151761,0.00110132154077291,0.0600497222039849,0.000364497915143147,0.0696588840801269,0.017901897081174
0.0833333353511989,0,0.0439121746167075,6.4006094452925,0.00177147926297039,0.061556676402688,0.0148445949889719,5.177240416524,0.000606060610152781,0.0414356592809781,0.00706921960227191,8.63736855541356,0.0100766705872957,1.48504677443998,0.00101265823468566,0.0948536819778383,0.0282021146267653,3.14701856451575,0.902514975168742,3.64779598530731,0.040540540125221,0.0693277327227406,0.0704629245446995,0.121928169275634,0.00386100390460342,0.00907166657270864,0.00183936237590387,0.0197713933885098,0.0536113190464675,1.28287846164312,0.127753298729658,0.262516915681772,0.43867455975851,1.52537722606212,0.0366723267361522,0.035281908349134,0.0291406473843381,0.17879418755183,0.0611510805319995,0.0410841666162014,0.0107526878127828,0.0242337854579091,0.004106776061235,0.0437105380115099,0.00476442568469793,0.0273165501421317,0.0178697389201261,0.0171364151756279,0.000539228902198374,0.0118184259627014,0.00309298280626535,0.00330656583537348,0.000596658734139055,0,0.0126296795206144,0.0729735628992785,0.1608503065072,12.8465514396667,0.0484445504844189,0.26784901812789,0.0219538967940025,0.545750744640827,0.0254918250720948,2.02325580641627,0.00622347922762856,0.112036331905983,0.114837980247103,0.585516199935228,0.735277942381799,3.14972598280292,0.184334518678952,1.47639994323254,0.0538484062999487,2.08424157940317,0.0649259011261165,0.742696240486111,0.267166751844343,1.72616978664882,0.000717360118869692,0.13955144258216,0.0107454664539546,0.401714385370724,0.00278862251434475,0.0451169201405719,0.00675987097201869,0.182652892399346,0.000623635773081332,0.0277149333269335,0.00857198494486511,0.0267111849971116,0.853849008912221,0.196514652634505
5.48421610801597,0.0439121746167075,0,0.624090529454406,2.01963997003622,0.28266811062349,14.3195971031673,0.790426137857139,0.328583404887468,0.253642738680355,1.37887853715802,0.0932798401918262,3.28695302348933,0.215836802730337,0.433199346181937,0.0391232609981671,0.343198478221893,0.0137825425481424,8.28917851496954,0.445240091765299,0.0485279844724573,0.0133971290197223,5.76051170413848,1.38284196387394,0.555063502397388,0.178471840918064,0.0892403302714229,0.0893060268135741,2.14066848729271,0.127175676054321,6.6780874732649,0.564670326886699,9.36525547938072,0.555340647930279,0.212158807204105,0.0460567815462127,0.323448658746202,0.0115194739191793,0.199723383935634,0.0100422831601463,0.22091886587441,0.000648298242595047,0.00729300754028372,0.00363884470425546,0.00640867650508881,0.000996760558336973,0.0308914389461279,0.0110309714218602,0.00300902710296214,0,0.0113719737564679,0,0.00275406229775399,0,0.0407383823767304,0.0214168034726754,1.62390280223917,0.0166383704636246,0.338975502119865,0.00299337191972882,0.139015308581293,0.00201918231323361,0.135802465025336,0.00408441104809754,0.0325117988977581,0.000471475708764046,0.383369320188649,0.0380186426918954,2.27293647127226,0.103786813269835,2.18340143724345,0.441192401805893,2.35930735711008,0.131192154542077,0.588499824516475,0.0346153856953606,0.633377836784348,0.124565623700619,0.0117378548020497,0,0.10872313164873,0.00813008123077452,0.124708924617153,0.00613183435052633,0.0916322949633468,0.00156788955791853,0.0103270222898573,0.00209698569960892,0.036215816391632,0.00141093472484499,0.055256063467823,0.0557795698405243
0.0223258920595981,6.4006094452925,0.624090529454406,0,0.026594435563311,2.9064889147412,0.256546707940288,16.7862558562774,0.0377453427063301,1.35966837604064,0.0127795528387651,2.32671679291525,0.122542468219763,2.28744444489712,0.0233564021182247,0.282018120225985,0.00392349204048514,0.190122886560857,2.0829036453506,9.26463131839409,0.0349971310934052,0.074787535937503,2.26709857140668,12.6909903559426,0.0243257536785677,0.215021363459527,0.0066056908108294,0.050115060294047,0.0688921985565685,0.816751683945768,1.84161631696043,3.10734721831977,0.337431116146035,1.40412049065344,0.0248687478597276,0.0162692842422985,0.0292296261759475,0.0475129913538694,0.0763092241832055,0.0220148358494043,0.00577367201913148,0.00862068962305784,0.00355942259193398,0.0171118525904603,0.000449236307758838,0.00499092560494319,0.0113659425405785,0.0187903703190386,0,0.0027291335281916,0.000342055747751147,0.000407497951528057,0.000496771011967212,0,0.0164447925053537,0.0361835829971824,0.0164583008736372,0.314717595552793,0.00368474933202378,0.0295741330774035,0.00267737614922225,0.0486573320813477,0.00466962403152138,0.110787172743585,0.00142551673343405,0.0172525341622531,0.0238615356211085,0.100579607824329,0.128597955103032,0.314646478858776,0.26584766083397,2.43965738051338,0.0444879028364085,1.15654953190824,0.0781071814708412,0.368705566506833,0.34734298629337,1.14700196695048,0.00115540146362036,0.0155038763768971,0.0042793229513336,0.0530394336092286,0.00516431938740425,0.0450220459024422,0.00278435181826353,0.0277572705526836,0.00103066221345216,0.0237529689911753,0.0117100048228167,0.00494641382829286,0.446625024196692,0.274695949163288
0.00631639407947659,0.00177147926297039,2.01963997003622,0.026594435563311,0,0.379400253645144,0.127650365320733,0.0131133669055998,6.28316138987429,0.13274336757604,0.0296774205053225,0.00107296137139201,0.315441182639915,0,3.74821850680746,0.0519112776964903,0.0141116104787216,0.00222965446300805,0.0257510732626542,0.00304878037422895,0.221302996389568,0.0870425282046199,1.47645698278211,0.175953079015017,4.98337289434858,0.564979503513314,5.3930840913672,1.20977011043578,1.08608059037942,0.0393592684413306,2.8259653627174,0.295135142281651,0.180081852595322,0.0142348750960082,0.0345454547787085,0.00764818349853158,0.0197628460591659,0.0105124833062291,0.00134138157591224,0.00240963860414922,0.0211640214547515,0.00416233111172915,0.000788022065535188,0.00175978883635253,0,0,0.0016611295286566,0.00154440151527524,0.00107296137139201,0,0.0018028846825473,0,0.00132714002393186,0.00131061603315175,0.00154499802738428,0.00219619326526299,0.00947368377819657,0.00159320229431614,0.00253592559602112,0,0.000738007365725935,0,0.0022675737272948,0.0008760403143242,0.00236686388961971,0,0.00815850833896548,0.00537795061245561,0.00782560079824179,0.00277585000731051,2.75435194373131,0.053639845456928,0.147582697682083,0.0309677431359887,0.0303336710203439,0.0100401602685452,0.0271437375340611,0.011131725856103,0.00212089088745415,0.00207468890585005,0.0305110611952841,0.00182481750380248,0.259620910743251,0.00782122882083058,0.0184391085640527,0.00282087450614199,0.0499265778344125,0.00354819616768509,0.00425790750887245,0,0,0.00469483574852347
0.00287769769784063,0.061556676402688,0.28266811062349,2.9064889147412,0.379400253645144,0,0.10359774553217,0.81737287165015,0.266758812358603,16.402794717229,0.00129701686091721,0.0474137929268181,0.0870206486433744,0.136794394813478,0.13638531579636,6.65750820736866,0.0064474530518055,0.0649496102705598,0.0663221378345042,0.0611620815470815,2.07507822313346,7.97008985513821,0.724991720519029,2.31862121808808,1.28924304747488,11.7180193458917,1.30731016304344,18.984103621915,0.165441177086905,3.04731287504546,2.60933103004936,5.66992420423776,0.0611592863569967,0.0579135250300169,0.0164835165487602,0.0250481700059026,0.0158940399996936,1.17965657659806,0.018880648072809,2.20096861780621,0.00213447166606784,1.334732349962,0.0134387349244207,0.0609271506546065,0.00415584398433566,0.038277511484921,0.0250000006053597,0.127807898679748,0.00107758620288223,0.00106951873749495,0.00120481930207461,0,0,0,0.00309957377612591,0.719530092319474,0.00474683521315455,0.0255455039441586,0.00763358781114221,0.00628683716058731,0.00148038484621793,0.00874316971749067,0.00455580884590745,0.0149450552416965,0.00118906062562019,0.00473933643661439,0.0163551396690309,0.10422282340005,0.0269511518999934,0.0921144427265972,1.49189883598592,6.42747130687349,0.0549872118281201,3.41763942851685,0.122324153780937,0.95951419416815,0.312461256980896,1.03542572050355,0.00427807494997978,0.0460251034237444,0.00765110948123038,0.103048780583777,0.021927292807959,1.05723910499364,0.00429553270805627,0.0843146483821329,0.00295420968905091,1.8704693550244,0.00365853658877313,0.125494635198265,1.00478465203196,0.324644561856985
5.06414771534037,0.0148445949889719,14.3195971031673,0.256546707940288,0.127650365320733,0.10359774553217,0,0.360655717551708,0.717971329460852,0.100815104233334,1.97494605788961,0.0161812303122133,8.35862094070762,0.0551223924849182,0.957377028826158,0.0176957108778879,0.190127187670441,0.00205170290428214,0.660258767777123,0.076086955901701,0.0301457868772559,0.00342214637203142,1.22347560129128,0.498628150962759,0.0478931607212871,0.0484368135221303,0.0142317097634077,0.0152057242230512,2.33434653282166,0.0444444433087483,2.0135606668191,0.200405680458061,1.07634022826096,0.0723836691759061,0.0272727269330062,0.00678623345447704,0.135711181210354,0.00347674917429686,0.135200175427599,0.00632911396678537,0.0760248450678773,0.000494926993269473,0.00177999289007857,0.000373622257029638,0.00159585080109537,0.000402495468733832,0.0145772600080818,0.00388007049332373,0.00202265378902666,0,0.00842696611653082,0,0.0043601481593214,0,0.0215205502172466,0.016173434589291,1.03866278682835,0.00496640376513824,0.104296727688052,0.00106515182415023,0.302936101012165,0.000406669365474954,0.250206447963137,0.00186462799319997,0.0549266251327936,0.000384763377951458,0.0697174434026238,0.0121362999198027,0.150749644904863,0.0203494799206965,1.26970419951249,0.138183387054596,1.54901122694719,0.0419006490847096,0.478250188927632,0.010304219846148,0.477345244435128,0.043006174499169,0.0109371118014678,0.00247279909672216,0.157137848436832,0.00188442209037021,0.156813943991438,0.000821355264633894,0.201962801453192,0.000818107451777905,0.0135074291029014,0.00083839864237234,0.0226130650844425,0.00030184123897925,0.0178389390930533,0.01576805714285
0.0185934922774322,5.177240416524,0.790426137857139,16.7862558562774,0.0131133669055998,0.81737287165015,0.360655717551708,0,0.00991165704908781,1.62038591358578,0.0164695949933957,3.51049500424415,0.156789702828974,8.83935275691329,0.0128520127618685,0.504052799165947,0.00505795574281365,0.212851410033181,1.56635239720345,3.36316698259907,0.0226342397509143,0.0438408399932086,2.46794144794694,4.23183199902996,0.00944032362895086,0.0529259892355185,0.00695198774337769,0.0436872011050582,0.0573556795134209,1.35579961759504,2.28875924556633,3.59213669769815,0.407799442356918,1.31968499787035,0.0377974809380248,0.020321361545939,0.0199829927878454,0.0598980439826846,0.0380585858365521,0.016921172500588,0.00726216429029591,0.00530503978370689,0.00314465406700037,0.0172192705213092,0.00156280526425689,0.00630541890859604,0.00965319978422485,0.0190443207975477,0,0.00157977885100991,0.00122812401968986,0.000358744408003986,0,0,0.00900432863272727,0.0283879697090015,0.0220440890989266,0.421461452788208,0.00612391912727617,0.0327583192847669,0.00474898243555799,0.0720541412010789,0.00282828291528858,0.199305178393843,0.000410172273404896,0.0192307695688214,0.0359625275305007,0.0970457682851702,0.104924621991813,0.214826023759088,0.202237709832843,2.1178450670559,0.0491803267796058,0.748733126238221,0.057485030265525,0.133428982109763,0.261285629821941,0.512596279877471,0.000484378775581717,0.0260240962961689,0.00172176311025396,0.100092679029331,0.00446519171237014,0.043408359400928,0.00203821645118296,0.038709678221494,0.000439753726823255,0.0180438791867346,0.00494284834712744,0.0065359475556761,0.166749386116862,0.183259035693482
0.0147232043673284,0.000606060610152781,0.328583404887468,0.0377453427063301,6.28316138987429,0.266758812358603,0.717971329460852,0.00991165704908781,0,0.135117053403519,0.173615851439536,0,2.98518805182539,0.00170357746537775,21.2259669037303,0.0334645668044686,0.0638586968416348,0,0.0142666073516011,0.00157666532322764,0.122727268841118,0.0303030302748084,0.434576273488346,0.112173915433232,1.86224485980347,0.447999988682568,1.36390978761483,0.827586224768311,3.10824995930307,0.0228789327666163,2.10823521018028,0.208735109306872,0.0464015165343881,0.00900900905253366,0.0138203364331275,0.0166840460151434,0.0321453526848927,0.00975609733723104,0.0185185184236616,0.00254291156306863,0.0279720285907388,0.00228832941502333,0.00244798039784655,0,0.0021668472327292,0,0.0137871606275439,0.00239712337497622,0,0,0.00740512157790363,0,0.00704225327353925,0,0.0127897681668401,0.00151228730101138,0.0150821437127888,0,0.00702062295749784,0,0.0076248572440818,0,0.00954084657132626,0.000910746806766838,0.00998128484934568,0,0.0059790734667331,0.00306748464936391,0.00822561676613986,0.00738552422262728,3.30054635740817,0.0311020952649415,0.472727253218181,0.0164046473801136,0.179600885370746,0.0154015400912613,0.06910038983915,0.00653594790492207,0.0327102793380618,0,0.0915187348145992,0,0.819830740336329,0.00117439811583608,0.058553637296427,0,0.175686271861196,0.00498753134161234,0.0256169950589538,0,0.00264200801029801,0.00261437916196883
0.00227079191245139,0.0414356592809781,0.253642738680355,1.35966837604064,0.13274336757604,16.402794717229,0.100815104233334,1.62038591358578,0.135117053403519,0,0.00251572323031723,0.0378151279874146,0.0478260886156932,0.284444453194737,0.0494172492763028,8.58545613428578,0.00625390850473195,0.0676117746625096,0.0624472578056157,0.0585585599765182,0.309831180609763,0.825880096293986,0.503087431658059,1.22373298974708,0.21795855066739,3.7243673595367,0.177076179301366,2.10335189360194,0.0701438864925876,2.37573033064837,1.13738369639032,4.99788366653956,0.0455560523550957,0.0607240162789822,0.0175438600126654,0.022099447902292,0.0192554562818259,0.45710628060624,0.0143696924205869,0.172941169585101,0.00812182761728764,0.219780213665217,0.0131885183509439,0.0527453511604108,0.00608210870996118,0.0217729388969019,0.023692810733337,0.092775663244538,0,0,0,0,0,0.00383141753263772,0.00228223664453253,0.108225108124316,0.00416666688397527,0.0215449290117249,0.00249376567080617,0.00617045909166336,0.00363636354450136,0.00745473895221949,0,0.0103314681909978,0,0.00278035219525918,0.019585253437981,0.0643637465545908,0.0120284302392974,0.0432140454649925,0.592080459231511,3.96388529904652,0.0235732008004561,1.81383644905873,0.0738581144250929,0.357142850407399,0.29620710387826,0.582981278188527,0.00203458801843226,0.0278884470462799,0.00225394440349191,0.1003605806618,0.0101066819624975,0.875409867963754,0.00127551017794758,0.0572892398340628,0.00570613425225019,0.549971096683294,0.0048076924867928,0.0356943681836128,0.131221725139767,0.329596429131925
3.94729300925974,0.00706921960227191,1.37887853715802,0.0127795528387651,0.0296774205053225,0.00129701686091721,1.97494605788961,0.0164695949933957,0.173615851439536,0.00251572323031723,0,0.0074786328477785,12.1217008684762,0.00245599664049223,2.08613344375044,0.00376116600818932,8.33184407651424,0.00554938975255936,0.209580842056312,0.0243161097168922,0.0225641017314047,0.00588812562637031,0.0656814430840313,0.0342379956273362,0.00472069240640849,0.00816326541826129,0.00982456177007407,0.00428571423981339,4.86496346513741,0.0100319195189513,0.294150425121188,0.0204520985716954,0.124150433053728,0.0551832863129675,0.0162454872624949,0.00189753319136798,0.188728708773851,0.00130718958098441,0.170780524611473,0.00599520397372544,0.193074490875006,0.00206398358568549,0.00628436775878072,0,0.00824317336082458,0,0.021523178787902,0.00230946874944493,0.0202991463011131,0,0.0563549173530191,0,0.0250825090333819,0,0.0377358490368351,0.00875912373885512,3.49317244783742,0.00476947525748983,0.181971352547407,0.00234283483587205,0.319352464750409,0,0.948081286624074,0.00261894363211468,0.151943469070829,0,0.0395348835736513,0.0149031300679781,0.18475237255916,0.0372670793440193,0.763309839530848,0.0432020311709493,1.79367089818697,0.020539153367281,0.539618860464543,0.00597609579563141,0.395334555534646,0.0295384610071778,0.252365916967392,0,1.41977183014387,0.00121359224431217,2.01829615572933,0.002224694006145,0.336900682421401,0.000469263264676556,0.0759124057367444,0.00235432595945895,0.0461165052838624,0,0.0187793429940939,0.00697674416005611
0.0157687260070816,8.63736855541356,0.0932798401918262,2.32671679291525,0.00107296137139201,0.0474137929268181,0.0161812303122133,3.51049500424415,0,0.0378151279874146,0.0074786328477785,0,0.00723208446288481,5.91149800008861,0.0016481252387166,0.155673903063871,0.00318979262374341,7.35633287962992,1.43212672200752,2.33197547524469,0.0186190847307444,0.0345086273737252,0.130991366459057,0.286452576285228,0.00126182963140309,0.00448430515825748,0,0.00116686115507036,0.0231444533565082,9.79816521517932,0.284495030064136,0.656537764763925,0.259420858696103,1.43739040824585,0.0168776367790997,0.019005848094821,0.013043477665633,0.117136660963297,0.031991173280403,0.0221997979097068,0.00473559577949345,0.0109119251137599,0.00489510508487001,0.0300578035530634,0.00266075396211818,0.0171867932076566,0.00879120896570385,0.0192307697143406,0,0.00272727274568751,0.000547945208381861,0.00295094051398337,0,0.00216450216248631,0.00824458943679929,0.0458415196044371,0.0320232901722193,1.53375732712448,0.0171130955568515,0.0779130412265658,0.00791556760668755,0.229629625566304,0.00575263670179993,0.841458748560399,0.000994035741314292,0.0401639344636351,0.0484816202661023,0.217497949604876,0.240644241450354,0.733976172399707,0.100373734487221,0.966101696714759,0.0221752912038937,1.8290599193424,0.0289855081355199,0.388467371463776,0.149253738345578,0.738525032065809,0.00158102763816714,0.290824266150594,0.00339673919370398,0.349030468496494,0.0019389238441363,0.0454545468091965,0.00280786195071414,0.0944055933505297,0.00118764850776643,0.00894187821540982,0.0016620498499833,0.0144777661189437,0.401372223626822,0.129471887368709
2.2939283438609,0.0100766705872957,3.28695302348933,0.122542468219763,0.315441182639915,0.0870206486433744,8.35862094070762,0.156789702828974,2.98518805182539,0.0478260886156932,12.1217008684762,0.00723208446288481,0,0.0315527262864634,13.9275047074771,0.0163785258773714,1.60321525903419,0.00269178999587893,0.249714930541813,0.0289321411401033,0.0624708622926846,0.00548195536248386,0.545195722865174,0.264235616486985,0.0680049155489542,0.0462121197488159,0.0608863200177439,0.0326848248951137,6.35157628176967,0.0225988694000989,1.31062398635549,0.12021136446856,0.274207882001065,0.0442406255751848,0.0280948206782341,0.00539568357635289,0.245548959937878,0.00444444443564862,0.207568370329682,0.00845665927045047,0.157324539439287,0.000935016374569386,0.0139935411280021,0.000579542189370841,0.00385728059336543,0,0.0440602357266471,0.003715499129612,0.00262984889559448,0.000654450268484652,0.0408344439929351,0,0.0260707634151913,0,0.0610565420356579,0.0199488493963145,1.07432705885731,0.00202265378902666,0.102708806050941,0.000536049308720976,0.227880651538726,0.000663129962049425,0.585995925473981,0.00346720602829009,0.0941422596224584,0.000606796122156084,0.0390455531305633,0.0141436466947198,0.0842601948534139,0.0213822063524276,2.2315867166617,0.105685135058593,2.79709083843045,0.027859237510711,1.0447623168584,0.00735970539972186,0.823865645041224,0.0243291583610699,0.0480905222939327,0.00186741363722831,0.643684181151912,0.00179131212644279,2.00205551984254,0.00606468989280984,0.463197524804855,0.000368188513675705,0.183464566245675,0.00348553498042747,0.0738916252157651,0,0.0336300677154213,0.0216748774982989
0.0114259601105005,1.48504677443998,0.215836802730337,2.28744444489712,0,0.136794394813478,0.0551223924849182,8.83935275691329,0.00170357746537775,0.284444453194737,0.00245599664049223,5.91149800008861,0.0315527262864634,0,0.00333555712131783,0.230411693453789,0.00489396415650845,0.543356904527172,1.45950980298221,2.35029862541705,0.0129032260738313,0.0241596651030704,0.644274811260402,1.37012195249554,0.00556586275342852,0.0229299355996773,0.00432900444138795,0.0157549238065258,0.0175495615694672,5.32683564722538,1.24029851728119,2.06926730275154,0.269081503152847,0.919345385336783,0.0301053689327091,0.0113460549619049,0.0132725005969405,0.0364389235619456,0.0276845638873056,0.00548374478239566,0.00652883551083505,0.00539374304935336,0.00291460222797468,0.0094756786711514,0.00283085624687374,0.00575125822797418,0.0060587702319026,0.0091874822974205,0,0.000721761083696038,0.000947642722167075,0.000609384500421584,0,0,0.00516944291302934,0.0226206908118911,0.0157681654090993,0.425413177988958,0.0073642220813781,0.0214741731178947,0.00333055795636028,0.062980592250824,0.00301091466099024,0.312972280022223,0,0.0139488538261503,0.0254335254430771,0.0702830199152231,0.087994032423012,0.239074549404904,0.10801964183338,1.51769007195253,0.0178498986642808,0.81457221909659,0.0488841652404517,0.116463738959283,0.170246617170051,0.360159368021414,0,0.0473882583901286,0,0.117196842038538,0.000759301416110247,0.0156541181495413,0.0010797193099279,0.0423547691025306,0,0.00773993786424398,0.00382683565840125,0.00901103834621608,0.149683366762474,0.108882518834434
0.150766180886421,0.00101265823468566,0.433199346181937,0.0233564021182247,3.74821850680746,0.13638531579636,0.957377028826158,0.0128520127618685,21.2259669037303,0.0494172492763028,2.08613344375044,0.0016481252387166,13.9275047074771,0.00333555712131783,0,0.0126771063660271,0.699340238701552,0.00169707252644002,0.0145178016973659,0.00313774711685255,0.658823548816144,0.024142311536707,0.339444452663884,0.0867796614766121,1.23986861482263,0.176790123106912,0.789899025578052,0.25268542568665,11.2231529690325,0.0116448327898979,1.42127657018136,0.131786154408474,0.0354815352475271,0.00905562750995159,0.0024052916560322,0,0.694858244445641,0.00575539574492723,0.124634861946106,0.00269905541790649,2.44827581988648,0.00393700785934925,0.0264430821407586,0.00211565592326224,0.00560897443210706,0.000815660692751408,0.0444294868502766,0.00126863305922598,0.0123609392903745,0,0.0472886171191931,0,0.0386473420076072,0,0.175126899965107,0.00606980291195214,0.123768046614714,0.000462000461993739,0.0450665761018172,0,0.0562175367958844,0,0.0790717639029026,0.000702740682754666,0.0932090569403954,0,0.0215269075124525,0.00562659854767844,0.0161564622540027,0.000998003990389407,5.87038788478822,0.0732738396618515,1.74988287454471,0.0302886888384819,0.304123701993376,0.00769724207930267,0.276556777651422,0.0137614679988474,0.127490043640137,0.00261951540596783,0.759811621974222,0.00103869126178324,11.6015625864384,0.00509987259283662,0.779031972517259,0.000415196176618338,1.60519473894965,0.0026619344134815,0.521942359046079,0,0.00568585656583309,0.00848056515678763
0.00492610852234066,0.0948536819778383,0.0391232609981671,0.282018120225985,0.0519112776964903,6.65750820736866,0.0176957108778879,0.504052799165947,0.0334645668044686,8.58545613428578,0.00376116600818932,0.155673903063871,0.0163785258773714,0.230411693453789,0.0126771063660271,0,0.00561797758564353,0.146773510496132,0.0763673862093128,0.0999687612056732,0.352331597357988,1.38790926593356,0.174322089005727,0.363022930221632,0.231521728564985,1.32123594463337,0.209628888173029,2.18791269580834,0.0702643990516663,8.31716150720604,0.472081208601594,1.32509269192815,0.0612391912727617,0.0746941436082125,0.0333929629996419,0.0480591488303617,0.00859188556205481,1.38828011549776,0.0106382981757633,0.368350469507277,0,0.669700907310471,0.0558587500127032,0.157894742733333,0.0262948211166076,0.0632603386184201,0.0623115571215749,0.323334395885468,0,0.000814663944765925,0.00153649173444137,0.000674308859743178,0,0.00951022375375032,0.00315855955705047,0.331217900617048,0.0109664155170321,0.0460511160781607,0.00747536559356377,0.0172523958608508,0.00486766034737229,0.015734989719931,0.00256300717592239,0.02167832251871,0.00529333914164454,0.00816326524363831,0.04839112207992,0.191641174256802,0.0278951815562323,0.0931615487206727,0.532894750242122,2.52076533366926,0.0297812931239605,3.90879177401075,0.0319284794386476,0.701843591406941,0.142857142374851,1.19325432262849,0.00131578953005373,0.0597014930099249,0.00250078155659139,0.472962477593683,0.00949094077805057,5.98648086743196,0.00381606572773308,0.229766096163075,0.00206291908398271,1.90388001292013,0.00155239325249568,0.10186757077463,0.309641088824719,0.100769771263003
2.98457139660604,0.0282021146267653,0.343198478221893,0.00392349204048514,0.0141116104787216,0.0064474530518055,0.190127187670441,0.00505795574281365,0.0638586968416348,0.00625390850473195,8.33184407651424,0.00318979262374341,1.60321525903419,0.00489396415650845,0.699340238701552,0.00561797758564353,0,0.0342352279694751,0.0681721325963736,0.0189322221558541,0.0365853644907475,0.00972762645687908,0.0104780616238713,0.00332778692245483,0.00625000009313226,0.00540906004607677,0.00418410042766482,0.00141944643110037,6.81054066313663,0.0544959143735468,0.0521064297063276,0.0128548471257091,0.417870033474173,0.158680285909213,0.404655318241566,0.447789271594957,0.687947871163487,0.194931775331497,0.165782490512356,0.0262373280711472,0.230769232381135,0.00817995890974998,0.222309205913916,0.184279481356498,0.22871794027742,0.123819510452449,0.147628863109276,0.115074799396098,0.176501858513802,0.00527704483829439,0.712705557234585,0.00166251044720411,0.122047243639827,0.00777705735526979,0.0752110491739586,0.0538377574412152,8.74770727677969,0.0243193221976981,1.43264791870024,0.0210116731468588,2.08140818739776,0.0118598382687196,4.44469413417391,0.0226086961338297,2.1616871911101,0.0112412176094949,0.647723974194378,0.414387628028635,0.242524919682182,0.112482853000984,0.47959182690829,0.0720151579007506,1.96349905338138,0.0587109110783786,0.457256441004574,0.0394866755232215,0.83760686754249,0.42717258958146,2.53333346545696,0.0265035666525364,8.60174293629825,0.0284417549846694,3.12286679749377,0.0132816829718649,1.38090151548386,0.00749239046126604,0.240754164755344,0.00585480069275945,0.160968230338767,0.00280662352452055,0.0441347260493785,0.0138089759275317
0.016599731403403,3.14701856451575,0.0137825425481424,0.190122886560857,0.00222965446300805,0.0649496102705598,0.00205170290428214,0.212851410033181,0,0.0676117746625096,0.00554938975255936,7.35633287962992,0.00269178999587893,0.543356904527172,0.00169707252644002,0.146773510496132,0.0342352279694751,0,0.132455458631739,0.224617527215742,0.0377358491532505,0.0601741881109774,0.0206749775679782,0.0295566497370601,0.00264026410877705,0.0163360561709851,0.00239664479158819,0.0194647200405598,0.109195402998012,21.5371357268305,0.0608141266275197,0.0789724055211991,0.512443896615878,0.443006119690835,0.202662724535912,0.18798151682131,0.0192090399796143,0.280721519957297,0.0126219161320478,0.0355648526456207,0.0033416876103729,0.0313272881321609,0.0143369170837104,0.120396038051695,0.0137299773632549,0.0728631470119581,0.0105263158911839,0.0499648120603524,0.00094517960678786,0.0103286387748085,0.00558659201487899,0,0,0.00224971887655556,0.00140795495826751,0.0777479917742312,0.0839091854868457,2.56893975503044,0.0825057320762426,0.212477716733702,0.041188387083821,0.247846886864863,0.0406746055232361,4.30216949089663,0.0164778586477041,0.0590717303566635,0.253528782399371,0.959155349060893,0.196962265530601,0.99232136271894,0.0865224630106241,1.86798679106869,0.0219298247247934,4.98557175369933,0.0225624495651573,0.738782060914673,0.14522157330066,1.35580519412179,0.00502092065289617,25.1973686087877,0.0139178847894073,3.39491533051478,0.00501756148878485,0.128305579535663,0.016273392830044,0.264536180649884,0.00123915739823133,0.0349974283017218,0.00282485882053152,0.0421274360269308,0.540145981125534,0.0778985521756113
1.60243500990327,0.902514975168742,8.28917851496954,2.0829036453506,0.0257510732626542,0.0663221378345042,0.660258767777123,1.56635239720345,0.0142666073516011,0.0624472578056157,0.209580842056312,1.43212672200752,0.249714930541813,1.45950980298221,0.0145178016973659,0.0763673862093128,0.0681721325963736,0.132455458631739,0,12.9824146234896,0.0626780610764399,0.0478043350158259,8.96784300205763,1.53070868400391,0.0146270112600178,0.0266666669631377,0.00362811796367168,0.0220183487981558,0.306191112031229,0.525395202043001,3.97203891957179,3.77179688075557,18.2584535224014,14.9822127884254,0.613347458769567,0.311886573443189,0.0745880325557664,0.0424242435256019,0.130759102583397,0.0204248368390836,0.0669359464664012,0.0160091479774565,0.00420926039805636,0.0111074808519334,0.00367511936929077,0.00373552495148033,0.0193992494023405,0.0272350509185344,0.000754147826228291,0,0.00145772594260052,0.000629524700343609,0.000871459720656276,0.000864304252900183,0.0248741491232067,0.0289772718097083,0.535745424276683,0.184014055528678,0.13570070033893,0.0257407969329506,0.0377358488040045,0.0152322929352522,0.0446708453237079,0.0410289817373268,0.0104923322214745,0.00344115629559383,0.574881509761326,0.510278124274919,11.5816842960194,3.60161509236787,1.56990170781501,2.2090058773756,0.471186435082927,1.29597949271556,0.191333706025034,0.562780297361314,0.549605640233494,1.86860713397618,0.00346620439086109,0.018264839425683,0.0228739011799917,0.0294406281318516,0.0118623959133402,0.01784328953363,0.0157740281138103,0.0095200315117836,0.000930232577957213,0.0169423153856769,0.0181550540146418,0.00230733727221377,0.862745128571987,0.354878049110994
0.169989051646553,3.64779598530731,0.445240091765299,9.26463131839409,0.00304878037422895,0.0611620815470815,0.076086955901701,3.36316698259907,0.00157666532322764,0.0585585599765182,0.0243161097168922,2.33197547524469,0.0289321411401033,2.35029862541705,0.00313774711685255,0.0999687612056732,0.0189322221558541,0.224617527215742,12.9824146234896,0,0.0419716935139149,0.0754897283622995,0.691429956816137,1.39233204186894,0.00341151375323534,0.0172955968882889,0,0.0153597412863746,0.0508266979595646,0.826446275459602,0.745207378815394,1.47339700721204,2.61200848297449,5.56909428763902,0.0861594857415184,0.0375939859077334,0.0523076923564076,0.0384024577215314,0.122036535758525,0.0189642598852515,0.0187469163211063,0.0234948601573706,0.00220994465053082,0.00953800324350595,0.00132669985760003,0.00403904425911605,0.0194842402124777,0.0163398688891903,0,0,0.00181405898183584,0.000576202815864235,0,0,0.0190683733671904,0.0450970113743097,0.181482997519197,0.413366349530406,0.0516241281875409,0.0434663011110388,0.0142405056394637,0.0315068501513451,0.0119465916068293,0.0867756332736462,0.00649350648745894,0.00499999988824129,0.230394322425127,0.331903371261433,5.94078703969717,4.78319454332814,0.489935443620197,2.54229607013986,0.0730972102028318,1.89437692263164,0.133268956211396,0.769008660921827,0.558638553775381,2.30678028147668,0.00197530863806605,0.0332355815917253,0.00863930862396955,0.05171624806826,0.00283386465162039,0.0278551527298987,0.00417681864928454,0.0202398805995472,0.000818330619949847,0.0216372159775347,0.0132723114511464,0.00561797764385119,1.17860856582411,0.375387792941183
0.0350756536354311,0.040540540125221,0.0485279844724573,0.0349971310934052,0.221302996389568,2.07507822313346,0.0301457868772559,0.0226342397509143,0.122727268841118,0.309831180609763,0.0225641017314047,0.0186190847307444,0.0624708622926846,0.0129032260738313,0.658823548816144,0.352331597357988,0.0365853644907475,0.0377358491532505,0.0626780610764399,0.0419716935139149,0,3.62844021152705,0.177091795834713,0.0518763796426356,2.79069766402245,2.51860190997832,3.66270799795166,3.48837214987725,1.23555001942441,0.280745336320251,4.47524766437709,1.3239215486683,0.0985221657902002,0.073694983497262,0.0380952376872301,0.0169851388782263,0.326617196667939,0.152059139683843,0.209606990218163,0.127188941580243,1.45405408926308,0.202072533778846,0.0101884873583913,0.0212014142889529,0,0.00761035014875233,0.0229132573585957,0.0158808939158916,0.0015515903942287,0,0.00435888126958162,0,0.00429184548556805,0.0021030493080616,0.0566037733806297,0.0760315230581909,0.0297674406319857,0.0181761196581647,0.0100502507993951,0.00808897893875837,0.00936768134124577,0.00633412506431341,0.00841042899992317,0.00351288041565567,0.00896860961802304,0.0012961762258783,0.0161008053692058,0.0303030302748084,0.0263591427356005,0.06235565780662,7.26024549594149,2.58526737475768,0.583751257974654,0.486153828212991,0.917874383740127,1.18764850776643,0.550669211894274,0.677543167723343,0.0108695654198527,0.0308483289554715,0.0429897410795093,0.0258016953011975,1.20240140496753,0.110288065625355,0.0743458098731935,0.0119597712764516,0.223634043708444,0.20788530446589,0.0796166597865522,0.0121171327773482,1.79925648588687,2.05054150335491
0.00609756109770387,0.0693277327227406,0.0133971290197223,0.074787535937503,0.0870425282046199,7.97008985513821,0.00342214637203142,0.0438408399932086,0.0303030302748084,0.825880096293986,0.00588812562637031,0.0345086273737252,0.00548195536248386,0.0241596651030704,0.024142311536707,1.38790926593356,0.00972762645687908,0.0601741881109774,0.0478043350158259,0.0754897283622995,3.62844021152705,0,0.0542697526980191,0.0603448273614049,0.64207648509182,2.94522026740015,0.487584661692381,12.6852494187187,0.112522682757117,0.465538104763255,1.42197454348207,1.64366947486997,0.0395683462265879,0.0720720710232854,0.042179262265563,0.0543689331971109,0.0466058787424117,2.19777999306098,0.0687500035855919,5.20814869087189,0.0144927534274757,5.13953486457467,0.0139511714223772,0.0505166463553905,0.00713266781531274,0.0220913108205423,0.0319659034721553,0.0883924213121645,0.00150037510320544,0.00148478103801608,0.00286020734347403,0,0,0,0.00971817295067012,1.16583371191518,0.00550627126358449,0.019783616065979,0.00653950986452401,0.0079129571095109,0.00734281772747636,0.00918133137747645,0.00324411992914975,0.0159817344974726,0.00172562559600919,0.0100819151848555,0.0186142702004872,0.0887784117367119,0.0381558034569025,0.101098905783147,2.22352954326198,7.99420269427355,0.0614793449640274,1.61923454725184,0.196506553329527,2.28387101506814,0.242201836779714,1.29650094360113,0,0.0323325633071363,0.00669536110945046,0.056583242607303,0.031404958688654,0.613185081398115,0.00483910000184551,0.0343808755278587,0.0120336946565658,2.63275861088187,0.00870511424727738,0.161194032698404,10.1853033341467,0.623052939772606
0.0522298121359199,0.0704629245446995,5.76051170413848,2.26709857140668,1.47645698278211,0.724991720519029,1.22347560129128,2.46794144794694,0.434576273488346,0.503087431658059,0.0656814430840313,0.130991366459057,0.545195722865174,0.644274811260402,0.339444452663884,0.174322089005727,0.0104780616238713,0.0206749775679782,8.96784300205763,0.691429956816137,0.177091795834713,0.0542697526980191,0,14.4296749681234,2.55402460321784,0.40175855497364,0.491071440919768,0.139244886639062,0.26094046421349,0.432065197674092,9.65630679368041,5.59940230159555,5.9945856295526,1.29771366028581,0.419267823919654,0.162927976576611,0.0411549967247993,0.0424262508749962,0.0267916941083968,0.0120443741907366,0.00573770492337644,0.00977198663167655,0.00694272294640541,0.00902335502905771,0.00291715288767591,0.00354609929490834,0.00666154205100611,0.0298653622739948,0,0.000592943979427218,0.00207339835469611,0,0,0.000662032456602901,0.00440744357183576,0.0170333568239585,0.0532577921112534,0.0235696635209024,0.0269360265228897,0.0039525693282485,0.00523186681675725,0.00240023992955685,0.00859159242827445,0.0142932770540938,0.00188383046770468,0.00276778300758451,0.161152828164632,0.124741838895716,0.4147381435032,0.222070841584355,0.326329618343152,1.47990847821347,0.126507990644313,0.427586194477044,0.0652173919952475,0.0706543549895287,0.245827991864644,0.298200513236225,0,0.00325335492379963,0.00825844073551707,0.0146351658622734,0.0309023482259363,0.031659057829529,0.00324728054692969,0.00695773167535663,0.00210010504815727,0.0119271815638058,0.00585406634490937,0.00119024002924562,0.0589995739865117,0.132935658562928
0.0143253236601595,0.121928169275634,1.38284196387394,12.6909903559426,0.175953079015017,2.31862121808808,0.498628150962759,4.23183199902996,0.112173915433232,1.22373298974708,0.0342379956273362,0.286452576285228,0.264235616486985,1.37012195249554,0.0867796614766121,0.363022930221632,0.00332778692245483,0.0295566497370601,1.53070868400391,1.39233204186894,0.0518763796426356,0.0603448273614049,14.4296749681234,0,1.54174571798649,1.23797138594091,0.26613616978284,0.101922217290848,0.131396495795343,0.936633692588657,4.36626145103946,4.69833020522492,1.01314057863783,0.493183184415102,0.154241651762277,0.061343204928562,0.0296233597327955,0.0414026199723594,0.0419520544819534,0.0127744507044554,0.00558659201487899,0.0121816169703379,0.00413833861239254,0.0134701736387797,0,0.00219458673382178,0.00922225619433448,0.0279475981369615,0,0.000734483997803181,0.000479271518997848,0.000618429214227945,0,0,0.00815375661477447,0.0206877276068553,0.0133476857445203,0.0355671216966584,0.00373715360183269,0.00294290744932368,0.00225035171024501,0.0104360787663609,0.00229973177192733,0.0287723782821558,0.00157790922094136,0.000674991577398032,0.0486322201322764,0.0443702291522641,0.118451020913199,0.120734910364263,0.277963264030404,2.65284105681349,0.0628878776915371,0.800835068454035,0.0926935620373115,0.10863661300391,0.359286282153334,0.408610886719543,0.00111856823787093,0.0066334989387542,0.00230747042223811,0.0285506900108885,0.0154679035767913,0.0462998105795123,0.00217825372237712,0.0164738186867908,0.00181241508107632,0.0291798113030382,0.00822647000313736,0.00364381680265069,0.153937244322151,0.279316448955797
