0,0.0444052867242135,3.9746353252558,0.0428435427602381,0.01634877466131,0.00269323994871229,4.80336169636576,0.029880196088925,0.0341409677639604,0.00322407321073115,2.96335921273567,0.0144027807400562,1.74138611616218,0.0116429499175865,0.245278622198384,0.00602828664705157,2.5547962943092,0.0238331677392125,1.54113110073376,0.133798477705568,0.0199036925332621,0.00189753313316032,0.0734495057258755,0.0242966755467933,0.00171870522899553,0.00221238937228918,0.00556947954464704,0.00113475183025002,1.94944075032254,0.0327113562671002,0.357658792869188,0.0294778916868381,1.15649279410718,0.245155849959701,0.0443499410175718,0.0131661443738267,0.390697665628977,0.00656994245946407,0.194556715956423,0.0177360450616106,0.28756059386069,0.00129366107285023,0.00711297092493623,0.00179896561894566,0.00580551533494145,0.00196367199532688,0.0130180080304854,0.00543591874884441,0.00496031774673611,0.000487804878503084,0.0280122107360512,0.000864677887875587,0.00434900773689151,0,0.0394600213621743,0.0414838455617428,11.7966931255942,0.0316779417917132,0.268817202595528,0.00170068023726344,1.29684636584716,0.00300525908824056,0.664124073344283,0.00532386882696301,0.264766850566957,0.00184331799391657,0.18138013369753,0.0463706077425741,3.22037268552231,0.156353584025055,0.876593458466232,0.0719113250961527,2.51736200414598,0.0332350571407005,0.744823202374391,0.0121561100822873,0.537611786276102,0.0911726005142555,0.0854092526715249,0.00704676506575197,0.659005412948318,0.0101910826051608,0.352706425881479,0.00100376410409808,0.583226190385176,0.00515620259102434,0.051660516008269,0.00154281308641657,0.107123538065935,0.000343524559866637,0.0520868125604466,0.0428380183875561
0.0444052867242135,0,0.0476275115506724,5.81402894371422,0.00225924886763096,0.0770089320139959,0.0135853519896045,3.31926508876495,0.00399657449452206,0.0489841336384416,0.00720221601659432,5.94612642831635,0.0069091648038011,1.65269463218283,0.00288461538730189,0.0979923510749359,0.0186968839843757,2.11951784254052,0.418153768026968,2.55607086082455,0.0127260547014885,0.0250576982507482,0.0595238094683737,0.107823802332859,0.00356930389534682,0.0195010028546676,0.00231080292724073,0.0306242650840431,0.0373185895441566,1.07122504385188,0.106021621031687,0.204956115107052,0.442870213882998,1.95540161966346,0.0429971548728645,0.0196014367975295,0.0289279635180719,0.164585706079379,0.0357342250645161,0.0410256432369351,0.00539447087794542,0.0114748568157665,0.00731025604181923,0.0277906435076147,0.00749063707189634,0.020278834272176,0.00892857147846371,0.0296519114635885,0.000512426311615855,0.0554016593378037,0.0029411765281111,0.023571269295644,0,0,0.00896286824718118,0.116274312254973,0.115050164284185,13.146325529553,0.0327361198724248,0.150382517138496,0.0246552437311038,0.391821953468025,0.0068349102512002,0.531628221622668,0.00750469032209367,0.206601759418845,0.201689547771821,0.408178172714543,0.863963068986777,3.5754797780537,0.225407527585048,0.849859981623013,0.0546570012811571,1.2931704223156,0.0358803971903399,0.318318322941195,0.208004363812506,0.992362265125848,0.00405131676234305,0.1830938878702,0.0124543701822404,0.32277300755959,0.00154639180982485,0.0653527005342767,0.00727802034816705,0.186542927665869,0.000589275208767503,0.0265957438386977,0.00775480043375865,0.0316177750937641,0.505931598308962,0.0846449831151403
3.9746353252558,0.0476275115506724,0,1.00159898540005,3.72887894319138,0.294133692572359,17.7720711072907,0.542358443577541,0.348772337019909,0.0952640126342885,1.25765369384317,0.059311386430636,2.56457417272031,0.164705887204036,0.500825272290967,0.0534583812695928,0.372749920992646,0.018090452067554,11.0363639228744,0.484559599164641,0.0306488430942409,0.0115606938488781,6.53204743779497,1.86606378725264,0.539064774289727,0.174887901172042,0.377081561367959,0.117917745083105,1.64812301180791,0.100628930144012,6.09780685888836,0.614917833358049,5.91159954055911,0.407234035228612,0.245376073173247,0.0375556953949854,0.36041030252818,0.0183079055277631,0.196014196961187,0.0169043838977814,0.247456521028653,0.00197109061991796,0.00464919692603871,0.00454648776212707,0.0200685263844207,0.00248385505983606,0.0153475119441282,0.00929250259650871,0.00150602404028177,0.00148075033212081,0.0126788628404029,0.000873744022101164,0.00385568721685559,0,0.0285294727655128,0.0386629085987806,1.90265637886478,0.026941625517793,0.216427636099979,0.00128865981241688,0.125333878240781,0.00608365028165281,0.074131278321147,0.00896860961802304,0.0341028312686831,0.00465983233880252,0.367516913276631,0.0431732309516519,1.9839073845651,0.122060474473983,1.64660629048012,0.33798960695276,2.24052360793576,0.104805864393711,0.472986088658217,0.0350877195596695,0.726158773875795,0.151587939588353,0.0308905693818815,0.010409889742732,0.146897428203374,0.0124839362106286,0.197929813992232,0.0116840233677067,0.111063156276941,0.00824931246461347,0.0316546746762469,0.00676907057641074,0.0407494991086423,0.00173190157511272,0.0882253155577928,0.0557823136914521
0.0428435427602381,5.81402894371422,1.00159898540005,0,0.109404987422749,3.18024225533009,0.539532377035357,12.6706172795966,0.0823244528146461,1.35781988909002,0.0259617647679988,1.6848619125085,0.160057675209828,1.98130834847689,0.0614163360733073,0.540843903552741,0.0115467882715166,0.301811748853652,1.31010449957103,10.1951215957524,0.085247716633603,0.0743169425986707,2.01268211891875,12.3545279732207,0.0376034091459587,1.07681091656559,0.0577158260857686,0.351976143429056,0.0893719816231169,1.04401735001011,2.03633950353833,4.03865806810791,0.476913853257429,1.8555090103473,0.0559366752859205,0.0233188723213971,0.0563448095927015,0.176824862341164,0.0950344488956034,0.0457063718349673,0.0211522395256907,0.014484680024907,0.0102311479859054,0.0319514668080956,0.00906735748867504,0.0301837275910657,0.020755824923981,0.0446885062847286,0.000441501091700047,0.0491518060152885,0.00197791331447661,0.0202966429060325,0,0.000475059379823506,0.0173160178819671,0.116110304370522,0.0514605743228458,0.851044357317733,0.0170940174721181,0.0603613988205325,0.00702013651607558,0.170118013513274,0.00225682684686035,0.206152610247955,0.00275355664780363,0.141380731249228,0.084640988818137,0.194922202790622,0.528410347760655,0.815444370236946,0.413381134421797,2.73433412914164,0.119154997606529,1.60794517141767,0.0874347009812482,0.441501103341579,0.562790709664114,1.35849055694416,0.00222903327085078,0.103867398574948,0.00984102953225374,0.255297850817442,0.0155313957657199,0.0905643540900201,0.00826997429248877,0.142978010291699,0.00149216613499448,0.0537953046150506,0.010590766556561,0.0284810128505342,0.624105379683897,0.231210554600693
0.01634877466131,0.00225924886763096,3.72887894319138,0.109404987422749,0,0.580113988602534,0.189637083676644,0.0112880463711917,6.37383205024526,0.0680100729223341,0.0448598116636276,0.00105652399361134,0.275720164063387,0.00239616609178483,4.42041759507265,0.0458926107967272,0.0537704918533564,0.00105596624780446,0.0323599044932052,0.00949251564452425,0.25280325114727,0.0817120622377843,1.61286289006239,0.259577799821272,6.30803260952234,0.70715247374028,9.48936145356856,1.28109277028125,1.23202053876594,0.033529678999912,7.78628379455768,0.326377730234526,0.241248413803987,0.00306044379249215,0.0449050085153431,0.00568181835114956,0.0657462223898619,0.0118499009404331,0.0456563103944063,0.00235294108279049,0.38709679339081,0.00626304815523326,0.00302343163639307,0.00259403366362676,0.0020000000949949,0.00103092787321657,0.00969696999527514,0.00377500953618437,0.0010537407360971,0,0.006404657906387,0,0.00388349499553442,0,0.0082058934494853,0.00138888892251998,0.0392452814849094,0.00101858924608678,0.0182829891564324,0,0.0122258182382211,0,0.0133407446555793,0,0.0139049822464585,0,0.0152298065368086,0.00460696825757623,0.0126916975714266,0.00672947498969734,3.14359318185598,0.0932907331734896,0.621125845587812,0.0262993118958548,0.075621894095093,0.0181451607495546,0.0923261411953717,0.0301023479551077,0.0355276898480952,0.00607287464663386,0.105580695671961,0.00119012198410928,0.781866675359197,0.00972447346430272,0.037410072342027,0.00358744384720922,0.125269975047559,0.0170940166572109,0.0193491652607918,0,0.0162601622287184,0.00702576083131135
0.00269323994871229,0.0770089320139959,0.294133692572359,3.18024225533009,0.580113988602534,0,0.148024953203276,1.10671462668688,0.465931217186153,14.0809321083361,0.00121359224431217,0.0764462777879089,0.060831363662146,0.262269334169105,0.220200181240216,6.78397856961237,0.0114795916015282,0.105317499954253,0.0690725659951568,0.164629766775761,2.177734375,5.32773110701237,0.38139247597428,1.48712032253388,0.307142853853293,15.7206557523459,1.10799998813309,19.3514644779498,0.0840689346659929,2.28622224763967,2.780665300088,6.75941405282356,0.0886495459708385,0.0971019978169352,0.0632805989589542,0.0600545948836952,0.0166240407852456,1.21254803286865,0.0543209901079535,2.13195637939498,0.00398406386375427,1.50449546263553,0.0557828185264952,0.112054331693798,0.0401370527688414,0.0887544127181172,0.0841938065132126,0.255572060588747,0.00206079334020615,0.0338476852048188,0.00230017257854342,0.014990137598943,0,0.00123380625154823,0.00146842875983566,0.652069809206296,0.00895968137774616,0.0463476073928177,0.00859710841905326,0.00382701866328716,0.00424929172731936,0.0084121972322464,0.00217155274003744,0.0165494414977729,0.00113058229908347,0.00889284128788859,0.0634408615296707,0.138794079888612,0.0372285414487123,0.103335509076715,1.64536339894403,5.83582075964659,0.130541869672015,2.22317073377781,0.0896946567809209,1.23285021004267,0.315604900242761,1.46361504460219,0.00400000018998981,0.0969932123553008,0.00445269013289362,0.115746178780682,0.027111574774608,2.3431891038781,0.0028524856606964,0.155451921455096,0.00279329600743949,3.98553931200877,0.00173711642855778,0.146877510589547,1.26106194220483,0.220735791837797
4.80336169636576,0.0135853519896045,17.7720711072907,0.539532377035357,0.189637083676644,0.148024953203276,0,0.285400390625,0.75999155206955,0.0614235302200541,2.02853601120296,0.0191256827383768,10.801041159546,0.0603312992025167,1.06906798121054,0.0299445465789177,0.329688816796988,0.00897560949670151,0.899566319450969,0.120268005412072,0.0189933518413454,0.00281756278127432,1.92508545765304,1.03748488173005,0.0749782042112201,0.0496499035216402,0.0405290089838672,0.0302899171947502,2.3193820703309,0.040823833347531,1.96322376682656,0.336470583162736,1.07997143204557,0.0817793000023812,0.0733652316848747,0.00886400765739381,0.216329961142037,0.00715789460809901,0.172212973237038,0.0133847088727634,0.130248092027614,0.0019097636686638,0.00442402600310743,0.00144300144165754,0.00917606544680893,0.00154708954505622,0.0147213455638848,0.00816326541826129,0.00584909328608774,0.00076967483619228,0.0192019194364548,0,0.00460636510979384,0,0.022665763652185,0.0350188193260692,0.952817122015404,0.00949986034538597,0.0765616842545569,0.000689536274876446,0.286094468901865,0.000785854645073414,0.207952289259993,0.00107047276105732,0.0580996563658118,0.000735699839424342,0.103647946903948,0.0143198096193373,0.177664975053631,0.0271358918398619,1.19021738160518,0.158048372890335,1.96716548665427,0.0463960240595043,0.331916898256168,0.0108927303226665,0.526638100272976,0.0560098103305791,0.0234001909266226,0.00379236787557602,0.29882712563267,0.00606796122156084,0.355660018743947,0.00275482085999101,0.322134400252253,0.00598101681680419,0.054978356405627,0.00280786195071414,0.0545016537071206,0.00115623639430851,0.0317693059332669,0.0357405155082233
0.029880196088925,3.31926508876495,0.542358443577541,12.6706172795966,0.0112880463711917,1.10671462668688,0.285400390625,0,0.00975015247240663,2.29124278767267,0.021868787589483,4.56637841201155,0.0911528164579067,8.10389597830363,0.00931899610441178,0.699857236351818,0.00848484874586575,0.368866317527136,1.04111423995346,3.05710579967126,0.0254198827315122,0.034134290763177,1.60048276372254,3.34481023991248,0.00836470106150955,0.142245773837203,0.0106513723148964,0.0880398650187999,0.0420065967482515,1.49609379458707,1.97926872430253,3.39214203081792,0.373705990088638,1.67213117729989,0.0266201180347707,0.014282526448369,0.0380105135263875,0.17071197979385,0.0567772891372442,0.0316097551840357,0.0104879158607218,0.01095140282996,0.0105419205501676,0.0191704423923511,0.00921659011510201,0.0212488344695885,0.0125423729477916,0.039841948018875,0,0.0293081057607196,0.00145772588439286,0.012168328394182,0,0.000799520290456712,0.00786112016066909,0.095162566867657,0.0281081087887287,0.988302475452656,0.00673287315294147,0.0460383634781465,0.00741218196344562,0.176381529308856,0.00344563563703559,0.320055187679827,0.00116482234443538,0.0902148855966516,0.0602647148771212,0.125833574216813,0.13544017681852,0.250050902250223,0.244676581467502,2.16152301098919,0.066320413374342,0.852250091847964,0.0483069970214274,0.157120221148944,0.378558808821253,0.566653576039243,0.000456412584753707,0.159981876349775,0.00559486579732038,0.533745926630218,0.00490566037478857,0.0712661119177938,0.00410132699471433,0.255675338208675,0.00207727454835549,0.0478764469735324,0.00614394393051043,0.0390833677374758,0.230984605732374,0.139752280520042
0.0341409677639604,0.00399657449452206,0.348772337019909,0.0823244528146461,6.37383205024526,0.465931217186153,0.75999155206955,0.00975015247240663,0,0.0400000015506521,0.205488188774325,0.00107816711533815,4.13481601281092,0.000811029982287437,21.4265466132201,0.0326950018643402,0.192333551240154,0.00431034481152892,0.0112179488642141,0.00296186609193683,0.129374344134703,0.066666669677943,0.154818318842445,0.156349208496977,0.588324498385191,0.509695276618004,2.67653265909757,0.727272721007466,3.35509128577542,0.0313508530380204,1.57569180289283,0.229382839752361,0.0462923271115869,0.0038819876499474,0.00892857147846371,0,0.0741739745717496,0.0135043892078102,0.0324886292219162,0.00722021679393947,0.0498374863527715,0.00217391294427216,0.012269938364625,0.00175824179314077,0.00305810384452343,0.0010515246540308,0.01723430439597,0.00765990058425814,0.0107526883948594,0,0.0288489839294925,0,0.0132714002393186,0,0.0234581907861866,0.00351864873664454,0.0553721107426099,0.00102854205761105,0.0282485867501236,0,0.0379146933555603,0,0.020442929584533,0,0.0343601908534765,0,0.0142896407051012,0.00349344976712018,0.00539665401447564,0.00276243104599416,3.17755785491318,0.0667976428521797,0.797148378915153,0.034637589356862,0.155118922702968,0.016771487891674,0.14110429387074,0.0172520021442324,0.0609357981011271,0.00210526306182146,0.296863047871739,0.00060186575865373,1.42188343429007,0.00551571953110397,0.146260612556944,0.000904568063560873,0.296076969243586,0.0128130461089313,0.0527720141690224,0,0.0024301337543875,0.0147058828733861
0.00322407321073115,0.0489841336384416,0.0952640126342885,1.35781988909002,0.0680100729223341,14.0809321083361,0.0614235302200541,2.29124278767267,0.0400000015506521,0,0,0.05758354999125,0.0148247975157574,0.286384973558597,0.0235613960539922,7.0085163032636,0,0.055498460540548,0.0494972914457321,0.115370835759677,0.245885773911141,0.346296290168539,0.203993851551786,0.448275871749502,0.0283889286220074,2.03129070508294,0.116633537225425,2.06514202174731,0.011725293006748,0.888888876419514,0.616658072918653,2.61842801293824,0.0470491137821227,0.072768192505464,0.0148760330630466,0.0162454872624949,0.0178003809414804,0.198599609546363,0.0220994472038001,0.113013693946414,0,0.0990099040791392,0.0163083771476522,0.0321353074396029,0.0136452242732048,0.0281124487519264,0.0229521167348139,0.0770085183903575,0,0.00594648183323443,0,0.00157232698984444,0,0,0.000731796550098807,0.0586630289908499,0.00446982850553468,0.0331741652917117,0.00233644852414727,0.00305110611952841,0.00141193077433854,0.00627943477593362,0,0.01896125334315,0.00224971887655556,0.0079716561594978,0.0262805030215532,0.0346099308226258,0.0205867225304246,0.0442132637836039,0.29408098757267,1.7439703841228,0.0293937530368567,0.824742261320353,0.0321665089577436,0.226053634425625,0.204651162028313,0.377116163261235,0.00396432122215629,0.0307692307978868,0.000739644980058074,0.0509815425029956,0.00207576551474631,0.380451917182654,0.000406752078561112,0.0376773037714884,0.00138792500365525,0.365246281726286,0.00173260172596201,0.0160427810624242,0.109529029577971,0.114790286868811
2.96335921273567,0.00720221601659432,1.25765369384317,0.0259617647679988,0.0448598116636276,0.00121359224431217,2.02853601120296,0.021868787589483,0.205488188774325,0,0,0.00203873589634895,12.9755442496389,0.00855033053085208,1.42715830594534,0.00355871883220971,8.78419061598834,0.00509424367919564,0.239723393227905,0.0413105410989374,0.00761904753744602,0.00546946213580668,0.0776283653103746,0.049486106436234,0.00841514719650149,0.0038684718310833,0.0117955442983657,0.00547945220023394,2.36008324264549,0.00966608093585819,0.288205117569305,0.0227038194425404,0.205737705109641,0.0380171440774575,0.0342298279283568,0.00533333339262754,0.233962260419503,0.00503778317943215,0.195625767228194,0.019219899084419,0.229126218473539,0,0.0139963172259741,0.00251889164792374,0.0106331560527906,0.000995520153082907,0.0235849048476666,0.0022075055167079,0.0213523122947663,0.000982800964266062,0.0479452034924179,0.000780944945290685,0.0136307313805446,0,0.031999999191612,0.0257714489707723,2.97774467227282,0.00700700690504164,0.110638294368982,0,0.436491244356148,0.00103734445292503,0.91006422881037,0,0.142618387937546,0,0.0512546729296446,0.00846979091875255,0.07551020081155,0.0411575548350811,0.891491964343004,0.0636474918574095,2.12000001431443,0.00720288092270494,0.448789577232674,0.00942507060244679,0.407599321799353,0.0393063575029373,0.32163742929697,0.00378429517149925,1.52296946663409,0.00291545176878572,2.12448553240392,0.00104166672099382,0.50263479584828,0.000441598589532077,0.14403292152565,0,0.0919540226459503,0,0.0688172057271004,0.0498374863527715
0.0144027807400562,5.94612642831635,0.059311386430636,1.6848619125085,0.00105652399361134,0.0764462777879089,0.0191256827383768,4.56637841201155,0.00107816711533815,0.05758354999125,0.00203873589634895,0,0.00549954164307564,7.40440384484828,0.00159235671162605,0.338328082405496,0.00531349622178823,3.86317199026234,0.572812159080058,1.35529719328042,0.0104633781593293,0.0173285203054547,0.0825842705089599,0.241509428247809,0,0.0174007620662451,0.00330760760698467,0.0251716235652566,0.0111399928573519,9.10686427669134,0.228775694966316,0.524708007462323,0.184017595136538,1.12689334829338,0.0330033013597131,0.0141542812343687,0.013844515196979,0.155650323489681,0.0124095138162374,0.0252795339329168,0.0106221546884626,0.0121673000976443,0.011322011006996,0.0187265919521451,0.0110309714218602,0.0269917286932468,0.0141242938116193,0.0332667987095192,0.00177383597474545,0.0344382273033261,0.00052742613479495,0.013338013086468,0,0,0.00329163915012032,0.0667284526862204,0.0198522625141777,1.69607843601261,0.00765750085702166,0.0396310231881216,0.00446144037414342,0.190433211799245,0.00185528758447617,0.336140602827072,0.00288046093191952,0.0741318790824153,0.0842835940420628,0.153524803114124,0.198398574895691,0.447097123134881,0.132984294556081,1.0249740362633,0.0319917455781251,2.08802453242242,0.0161527163581923,0.263899193843827,0.122469135560095,0.445986137492582,0.00152207002975047,0.643866174039431,0.00398803583811969,0.491124242602382,0,0.0724637694656849,0.00191497514606453,0.150716212112457,0.00229095085524023,0.0350378798320889,0.00530785589944571,0.0222496912465431,0.346469624550082,0.0677126360824332
1.74138611616218,0.0069091648038011,2.56457417272031,0.160057675209828,0.275720164063387,0.060831363662146,10.801041159546,0.0911528164579067,4.13481601281092,0.0148247975157574,12.9755442496389,0.00549954164307564,0,0.0221421225578524,10.2732668922981,0.0106771567370743,2.51290879969019,0.00733048282563686,0.23863055347465,0.0480699197505601,0.0296484548016451,0.00664451811462641,0.521492476254934,0.34433723485563,0.0387285363394767,0.0391334728337824,0.0845964043401182,0.038975098519586,4.06620012392523,0.0278784485999495,0.906470410409383,0.128654968517367,0.319381491630338,0.0485728601342998,0.0299448384903371,0.007389162608888,0.265425704710651,0.00344946543918923,0.181941163784359,0.00974025955656543,0.144382737576962,0.000855432008393109,0.0283159476821311,0,0.0118343194480985,0.000602409651037306,0.0498054474592209,0.00347480771597475,0.0183038430986926,0.000597728649154305,0.0731048816815019,0,0.0287179484730586,0,0.0576212770538405,0.0201877939689439,1.42222224827856,0.00716035437653773,0.12371663673548,0.00050632911734283,0.415284787304699,0.000617474550381303,0.588235292816535,0.00159829517360777,0.134578241501004,0.00167317350860685,0.0949179357849061,0.0168967644276563,0.0752063595573418,0.0258199574309401,1.85066478396766,0.0971137541346252,2.31813568202779,0.0134363456163555,0.447798745357431,0.00843170331791043,0.551837268285453,0.0355146339861676,0.172871199669316,0,1.28472229640465,0.00379666738444939,2.47373266972136,0.00247601373121142,0.80256201949669,0.00136986305005848,0.351029242272489,0.00127591704949737,0.162387814722024,0.000394632981624454,0.0330209725070745,0.040286480798386
0.0116429499175865,1.65269463218283,0.164705887204036,1.98130834847689,0.00239616609178483,0.262269334169105,0.0603312992025167,8.10389597830363,0.000811029982287437,0.286384973558597,0.00855033053085208,7.40440384484828,0.0221421225578524,0,0.00448286917526275,0.27518271910958,0.00722021644469351,0.892382943013217,0.615648228907958,1.42325329594314,0.0153925095219165,0.0230460924794897,0.553344526560977,1.28304026427213,0.00172043009661138,0.050612244871445,0.00659793801605701,0.046629928110633,0.0223970953957178,6.68976387823932,0.7434187293984,1.28939019615063,0.183288413565606,0.75097707362147,0.0263405453879386,0.00988142332062125,0.0192848537117243,0.0812223551911302,0.0337917497381568,0.0217391310143284,0.00829445291310549,0.00934579479508102,0.00553403457161039,0.015239256026689,0.00673854432534426,0.0110041266307235,0.00813244271557778,0.0210118883987889,0.00139567337464541,0.0129516023444012,0.000454235734650865,0.00693641602993011,0,0,0.00274047692073509,0.0379417882068083,0.013352215726627,1.08192030992359,0.0045924223959446,0.0226116459816694,0.00320085359271616,0.121683768229559,0.00289121782407165,0.372830625274219,0.00222717155702412,0.0529300547204912,0.0387513457098976,0.0806124771770556,0.119622248865198,0.287693553778809,0.0904402993619442,1.71654159121681,0.0345233415719122,1.31929829483852,0.0334515979047865,0.147959177265875,0.213960544439033,0.388740975118708,0.00207792199216783,0.307770953979343,0.00276243081316352,0.475398475391557,0.000703482248354703,0.0560482459259219,0.0017143836885225,0.150331618264318,0,0.0271759079187177,0.00365380221046507,0.021907216811087,0.211044276016764,0.0867178934859112
0.245278622198384,0.00288461538730189,0.500825272290967,0.0614163360733073,4.42041759507265,0.220200181240216,1.06906798121054,0.00931899610441178,21.4265466132201,0.0235613960539922,1.42715830594534,0.00159235671162605,10.2732668922981,0.00448286917526275,0,0.0271622595610097,1.10634325782303,0.000795861531514674,0.0367903587175533,0.00714711123146117,0.838749981252477,0.0485731614753604,0.129774985369295,0.113943970762193,0.437246974557638,0.225606859952677,2.1406551443506,0.435820915969089,7.68392552464502,0.0148619952960871,1.38719996495638,0.201768485363573,0.0675585267017595,0.0142282711458392,0.0225098477676511,0.00716417888179421,0.608411233581137,0.00935453688725829,0.19581056345487,0.00862440734636039,2.4063291301718,0.00126823084428906,0.0324655422009528,0.0013642564881593,0.0252004574867897,0.000781555310823023,0.0678733052336611,0.00550795602612197,0.0365514499135315,0.00154738873243332,0.0976813008310273,0,0.0369685771875083,0,0.164848485961556,0.00743069464806467,0.296038314700127,0.00219973604544066,0.092503986088559,0,0.145882347133011,0.000807102478574961,0.111662532726768,0.00133645173627883,0.115138589171693,0.00141592917498201,0.061452514724806,0.00635386118665338,0.0151394424610771,0.0104513063561171,4.43093930440955,0.0842490845825523,2.81181820080383,0.0144404331222177,0.363300486351363,0.0198634397238493,0.376912997162435,0.0289473690208979,0.204314716625959,0.00373366533312947,1.43136656685965,0.00201005022972822,12.0537289045751,0.0105263156001456,0.686725026229396,0.00196889144717716,1.95517934113741,0.00926705962046981,0.420843688771129,0.000928720692172647,0.00945945968851447,0.0448065156815574
0.00602828664705157,0.0979923510749359,0.0534583812695928,0.540843903552741,0.0458926107967272,6.78397856961237,0.0299445465789177,0.699857236351818,0.0326950018643402,7.0085163032636,0.00355871883220971,0.338328082405496,0.0106771567370743,0.27518271910958,0.0271622595610097,0,0.0119926200713962,0.373669681604952,0.0673591429367661,0.17859254044015,0.333743836614303,1.04847392532974,0.165886629314627,0.342393007129431,0.0440000020898879,0.939294138341211,0.154285712633282,2.46116036328021,0.0234978180378675,8.86105296219466,0.49762283754535,1.20700638741255,0.0723291313042864,0.126496774028055,0.0710716247558594,0.0965273643378168,0.0129390020156279,1.49768733239034,0.0225225230678916,0.778489127755165,0.00124688283540308,0.752030013129115,0.103374887839891,0.192828138533514,0.0696178565267473,0.140147112542763,0.144964725826867,0.55589309631614,0.00157418334856629,0.0467612126958556,0.00196174602024257,0.0185007972177118,0.000914076808840036,0.00270148582058027,0.00421179312979802,0.467783133964986,0.0121264620684087,0.0695842468121555,0.00823045271681622,0.0112044818233699,0.00467289704829454,0.00879296561470255,0.00245700246887282,0.0218760356074199,0.00337695237249136,0.0168480165302753,0.110648146190215,0.256073857250158,0.0386740321991965,0.115547208697535,0.588342437171377,2.78442034171894,0.0395683462265879,2.61517858604202,0.0279126216191798,0.815902121248655,0.151449585973751,1.48524306662148,0.00624999986030161,0.131207849481143,0.00364188174717128,0.325174816127401,0.00238284358056262,4.19887728989124,0.00472040669410489,0.398589072923642,0.00295275589451194,3.15179314592388,0.00148001970956102,0.150080808089115,0.473404240328819,0.0534402159973979
2.5547962943092,0.0186968839843757,0.372749920992646,0.0115467882715166,0.0537704918533564,0.0114795916015282,0.329688816796988,0.00848484874586575,0.192333551240154,0,8.78419061598834,0.00531349622178823,2.51290879969019,0.00722021644469351,1.10634325782303,0.0119926200713962,0,0.0318640458863229,0.113357112975791,0.0263929618522525,0.0164948459714651,0.00983284204266965,0.0319548870320432,0.0235571258235723,0.00594353629276156,0.00271923863328993,0.00968188128899783,0.0101449278881773,3.26623653841671,0.0510018211789429,0.100534761324525,0.0129171148873866,0.649152534664609,0.119093352404889,0.526591108646244,0.31961722089909,0.749668886652216,0.136604772182181,0.113665386801586,0.0260509182699025,0.176842097193003,0.00633579748682678,0.560910819971468,0.0747176392469555,0.61035699758213,0.0476931042503566,0.275974025717005,0.056103109382093,0.56597773055546,0.0204603583551943,1.02219622931443,0.00967351882718503,0.213820074219257,0,0.170037454925478,0.0439177407533862,6.66952564928215,0.0301327898050658,1.31736522889696,0.0171942168381065,1.61805058352184,0.0119047618936747,2.01342282816768,0.0101565804798156,1.41574337892234,0.0145785873755813,1.08237863332033,0.257076825655531,0.139361697714776,0.123389831162058,0.507133592618629,0.051480052061379,1.55414015054703,0.0403530895709991,0.523138814605772,0.0142711512744427,0.821967392228544,0.288484850432724,2.87315006623976,0.0266120773740113,8.74214290268719,0.0191044770181179,3.95386265357956,0.0206521729705855,1.29542643763125,0.0143852550536394,0.264150942442939,0.008027522591874,0.264117636543233,0.00707098160637543,0.0329411751590669,0.0189798343926668
0.0238331677392125,2.11951784254052,0.018090452067554,0.301811748853652,0.00105596624780446,0.105317499954253,0.00897560949670151,0.368866317527136,0.00431034481152892,0.055498460540548,0.00509424367919564,3.86317199026234,0.00733048282563686,0.892382943013217,0.000795861531514674,0.373669681604952,0.0318640458863229,0,0.103042879432905,0.370681297616102,0.0149365200195462,0.0331890331581235,0.0494243213906884,0.0781893002567813,0.00233236141502857,0.0228260859148577,0.00661157048307359,0.0423098910832778,0.0445434311404824,16.2565308209741,0.0821795454248786,0.161652452079579,0.533528778236359,0.516150731709786,0.222955154255033,0.124469592235982,0.023416711948812,0.183271179907024,0.0196382420836017,0.0437317782780156,0.00606520101428032,0.0227963528595865,0.0299600520520471,0.083114938926883,0.038167939055711,0.0913838093401864,0.0225908923894167,0.0585300959646702,0.00354609917849302,0.0800344227463938,0.0094911684282124,0.0196491235401481,0.00105097214691341,0.00103305780794472,0.00131622247863561,0.0951204467564821,0.0964689606626052,2.34632432283252,0.0535838564392179,0.0894808718585409,0.0254858238622546,0.165087953733746,0.0185442739166319,4.2510980971274,0.0230326289311051,0.0889235569629818,0.419826536381152,0.743409004993737,0.222321032197215,1.14208244439214,0.20722134760581,1.36869469704106,0.0464156793896109,5.61943742225412,0.0234776232391596,0.35407407337334,0.12931886233855,0.674591369228438,0.00912547507323325,11.5022286105668,0.0166112949955277,3.81016385625117,0.00895656063221395,0.181077409069985,0.012253494001925,0.293482770124683,0.00114481966011226,0.055844770045951,0.00530644727405161,0.0321304975659586,0.378999180626124,0.0445544568356127
1.54113110073376,0.418153768026968,11.0363639228744,1.31010449957103,0.0323599044932052,0.0690725659951568,0.899566319450969,1.04111423995346,0.0112179488642141,0.0494972914457321,0.239723393227905,0.572812159080058,0.23863055347465,0.615648228907958,0.0367903587175533,0.0673591429367661,0.113357112975791,0.103042879432905,0,9.84586559858872,0.0282971197739244,0.027640672866255,6.8483692513837,2.44938142684987,0.0322717612143606,0.00806451600510627,0.0130346231162548,0.0267894510179758,0.312537482241169,0.380655219196342,3.4546718558413,1.39588423550595,12.8809730645735,9.4125139490352,0.468460115080234,0.149951318278909,0.154823347111233,0.0627731422428042,0.101747574983165,0.0185322467586957,0.0735068935900927,0.0102249486371875,0.00768386397976428,0.0096647534519434,0.0126751170610078,0.00612661696504802,0.0115174206439406,0.00932273146463558,0.00207182328449562,0.00809716572985053,0.00586510248831473,0.00171919766580686,0,0,0.0201141607831232,0.0304280564887449,0.961994748795405,0.201827407610836,0.141718834871426,0.0112107628956437,0.0349298747023568,0.0273013656260446,0.0214515550760552,0.0516014247550629,0.0154185019782744,0.0156054928083904,0.863743297144538,0.355177807039581,9.60678422974888,2.55152981769061,1.47001173900208,1.3328131523449,0.481582009932026,0.807707131374627,0.184722915873863,0.319597986526787,0.588147040456533,1.32756677601719,0.0112531970953569,0.0513595165684819,0.0361643837532029,0.0761642593424767,0.0243647754541598,0.0351000344380736,0.0266075394465588,0.0274825950327795,0.00167574360966682,0.0196149657131173,0.0149693807470612,0.0072556552477181,0.637977384147234,0.171706258901395
0.133798477705568,2.55607086082455,0.484559599164641,10.1951215957524,0.00949251564452425,0.164629766775761,0.120268005412072,3.05710579967126,0.00296186609193683,0.115370835759677,0.0413105410989374,1.35529719328042,0.0480699197505601,1.42325329594314,0.00714711123146117,0.17859254044015,0.0263929618522525,0.370681297616102,9.84586559858872,0,0.0567765570012853,0.0412371130660176,0.787108511722181,2.46902431576746,0.00937500013969839,0.0268156423699111,0.00902255647815764,0.049344640225172,0.0864650995354168,0.951319684972987,0.987029831157997,1.20703128597233,2.66144381486811,5.14802180259721,0.0830156734446064,0.0327578569995239,0.124082230206113,0.134459954279009,0.163309350959025,0.042714434908703,0.0499075792031363,0.0268394258455373,0.00831384770572186,0.0193401586730033,0.00999063346534967,0.0254533882252872,0.0184883096953854,0.0238836978096515,0.00257981289178133,0.0347112669260241,0.00258732220390812,0.0156968877417967,0,0,0.0211122563923709,0.0847416138858534,0.178447272162884,0.713060455454979,0.0344178527593613,0.0487675578333437,0.0150602404028177,0.116263875039294,0.00999333802610636,0.132513282238506,0.00614544219570234,0.0897623904165812,0.345901639666408,0.301112066954374,3.50678743707249,3.93231682066107,0.654571840888821,2.78034675866365,0.185344826895744,2.21357140486361,0.142210147576407,0.816400893032551,0.76210377831012,2.6347764590173,0.00740740727633238,0.117754446866456,0.0124513618648052,0.177037687157281,0.00844704359769821,0.0530451869708486,0.011865523760207,0.0837012155097909,0.00077160494402051,0.0371872878167778,0.0234070220030844,0.01921897297143,1.41569766914472,0.343218287627678
0.0199036925332621,0.0127260547014885,0.0306488430942409,0.085247716633603,0.25280325114727,2.177734375,0.0189933518413454,0.0254198827315122,0.129374344134703,0.245885773911141,0.00761904753744602,0.0104633781593293,0.0296484548016451,0.0153925095219165,0.838749981252477,0.333743836614303,0.0164948459714651,0.0149365200195462,0.0282971197739244,0.0567765570012853,0,3.61099360790104,0.0641993957106024,0.068896655109711,1.05985041009262,3.31391572952271,1.51219510892406,5.36124382191338,1.31274569046218,0.18765133980196,3.15686280059163,1.87062406656332,0.0363436108455062,0.0456532285897993,0.0165837479289621,0.0359281436540186,0.385093174874783,0.219917024020106,0.272015653550625,0.111790396273136,5.39408857701346,0.138957815244794,0.00956480158492923,0.0193401586730033,0.00830449839122593,0.0158844769466668,0.0187500009778887,0.0563514801906422,0,0.00708717212546617,0.00486111122881994,0.00516262254677713,0,0,0.0705550322891213,0.0481720427051187,0.014619882858824,0.00948991719633341,0.00305966357700527,0.00297766760922968,0.00808625353965908,0.00460122688673437,0.00482315104454756,0.00329851568676531,0.0153714768821374,0.0024227739777416,0.0211402951972559,0.03495544946054,0.019461078569293,0.0537056941539049,6.77555118896998,2.08514857990667,0.70565302670002,0.35700574843213,0.75555557385087,0.745995389297605,0.469002705300227,0.640144681558013,0.144278603605926,0.050808313768357,0.167858850210905,0.0178189598955214,2.53484840458259,0.157407408580184,0.03433874680195,0.0174135729903355,0.330935259349644,0.201666671549901,0.0462184884818271,0.00893712125252932,3.62091507483274,0.642140462994576
0.00189753313316032,0.0250576982507482,0.0115606938488781,0.0743169425986707,0.0817120622377843,5.32773110701237,0.00281756278127432,0.034134290763177,0.066666669677943,0.346296290168539,0.00546946213580668,0.0173285203054547,0.00664451811462641,0.0230460924794897,0.0485731614753604,1.04847392532974,0.00983284204266965,0.0331890331581235,0.027640672866255,0.0412371130660176,3.61099360790104,0,0.0200371055980213,0.0546341463923454,0.228504131780937,1.12320332438685,0.345626961439848,10.1449601061177,0.0503282281570137,0.366097686695866,1.28332124219742,1.45187360467389,0.0203972082817927,0.0436847092350945,0.0461538461968303,0.0620437951292843,0.0335636741947383,1.66765571082942,0.0729653877206147,3.7248322321102,0.0132450331002474,5.40000013075769,0.0308699717279524,0.0454293625662103,0.0214477218687534,0.0474860321264714,0.0355871871579438,0.116767863801215,0,0.030178326414898,0.00204988050973043,0.00705645140260458,0,0,0.00276115973247215,0.23440135223791,0.00692241126671433,0.0210587899200618,0.00697211176156998,0.00484966061776504,0.00439947209088132,0.00148038484621793,0.00154918665066361,0.00750267913099378,0.00328407227061689,0.00824499444570392,0.0315556972054765,0.0755480630323291,0.0187997110188007,0.0756646199151874,3.56555019482039,6.42005675844848,0.150978567777202,0.883379241102375,0.140845065470785,1.90495859785005,0.234482757747173,1.39288814284373,0.0133630293421447,0.0541666694916785,0.00746268639340997,0.0392569215036929,0.00731528911273926,0.695457944297232,0.00321322004310787,0.045546559849754,0.00908059068024158,1.38091418892145,0.00482259748969227,0.0433962257229723,9.97167125344276,0.29479768127203
0.0734495057258755,0.0595238094683737,6.53204743779497,2.01268211891875,1.61286289006239,0.38139247597428,1.92508545765304,1.60048276372254,0.154818318842445,0.203993851551786,0.0776283653103746,0.0825842705089599,0.521492476254934,0.553344526560977,0.129774985369295,0.165886629314627,0.0319548870320432,0.0494243213906884,6.8483692513837,0.787108511722181,0.0641993957106024,0.0200371055980213,0,14.2144379502861,1.28968250064645,0.259129873942584,0.487195909721777,0.113145842216909,0.204846365959384,0.384099117480218,8.15839871153003,4.25395946024219,4.42397218057886,0.980144826346077,0.399292027344927,0.0962174037122168,0.0683814295916818,0.0521029510418884,0.0443896413780749,0.013662014331203,0.0114155252231285,0.00838095229119062,0.00695571536198258,0.0125628139358014,0.0136351241962984,0.00499029649654403,0.00917431220295839,0.0240963856922463,0,0.00275254598818719,0.0058800469560083,0.00144265449489467,0.000622664985712618,0,0.00459981587482616,0.0167143166763708,0.110244591924129,0.0425455842341762,0.042553192586638,0.00424828878021799,0.0134892089408822,0.00567214970942587,0.0109636464039795,0.0158376637846231,0.00353669305332005,0.00413116440176964,0.232410188298672,0.0922178988112137,0.331646985723637,0.25055502919713,0.299378876341507,1.09839107171865,0.161945810017642,0.33394609024981,0.0598802417516708,0.0518992110737599,0.33523237972986,0.314302896324079,0.0121951214969158,0.023352165648248,0.0226904370647389,0.0318217976018786,0.0333145109470934,0.0272882329300046,0.0122473970986903,0.0173004731768742,0.00523560214787722,0.0198714196449146,0.00630169361829758,0.00149393093306571,0.0767405082588084,0.087266955524683
0.0242966755467933,0.107823802332859,1.86606378725264,12.3545279732207,0.259577799821272,1.48712032253388,1.03748488173005,3.34481023991248,0.156349208496977,0.448275871749502,0.049486106436234,0.241509428247809,0.34433723485563,1.28304026427213,0.113943970762193,0.342393007129431,0.0235571258235723,0.0781893002567813,2.44938142684987,2.46902431576746,0.068896655109711,0.0546341463923454,14.2144379502861,0,0.448928111116402,1.63418527459726,0.157321500009857,0.222958965634461,0.150684928463306,0.776091645937413,4.34722716570832,4.55551698978525,1.27969343645964,0.63311330875149,0.243119267979637,0.0769971124827862,0.0487613070290536,0.0653286089655012,0.0754136220784858,0.0213078616070561,0.0151285930769518,0.0161616168916225,0.0103598686982878,0.01079460256733,0.0112508271704428,0.0175557059701532,0.0097226194338873,0.0337782613933086,0.00136986305005848,0.00602409633575007,0.00403859085054137,0.00113830389454961,0,0,0.00918174418620765,0.0246027689427137,0.0328196926857345,0.0727419694885612,0.0101752406917512,0.00445434311404824,0.00788850942626595,0.00833044108003378,0.00212690531043336,0.0323910496081226,0.00072780204936862,0.00929368048673496,0.097467547544511,0.0578420449164696,0.142121522803791,0.16347687196685,0.274174763122573,2.18631612230092,0.136765269213356,0.750668173015583,0.0809077441226691,0.109235352138057,0.467657994769979,0.449496821151115,0.00606366852298379,0.0487562211928889,0.0130647788755596,0.0698151930409949,0.0303762510884553,0.0501218237914145,0.00781382687273435,0.0415906619746238,0.00165906257461756,0.0252070574788377,0.00541394075844437,0.00636942655546591,0.183749331277795,0.198294247733429
