0,0.0276903706253506,7.56389762973413,0.0693465430522338,0.0100914537906647,0.00504095759242773,6.65259882141254,0.0701871671481058,0.0215053763240576,0.00379027146846056,4.89022073650267,0.0384391383267939,4.1886793076992,0.0409919038647786,0.22702407266479,0.00658616912551224,2.71947408484994,0.025376217730809,5.4085564938141,0.342175702331588,0.0732162890490144,0.00225903606042266,0.0987105382955633,0.0276426910422742,0.00135547271929681,0.00130208337213844,0.0132362672593445,0.000672947498969734,3.299227400159,0.0494430865510367,0.731524244823959,0.040107753360644,2.78135632752674,0.390648589062039,0.122668580326717,0.0397350993007421,0.42445810418576,0.00454988633282483,0.253797470068093,0.0159558145096526,0.580152673646808,0.00302800908684731,0.00442369136726484,0.00160857907030731,0.0017026107525453,0.00345721689518541,0.0391954625956714,0.015775203704834,0.00643086794298142,0.00117785634938627,0.0258365106128622,0.00305421219673008,0.00191570876631886,0,0.0393230460467748,0.0830959143058863,16.9004146799853,0.0201342274958733,0.566965450008865,0.00248015887336805,1.15014301595511,0.00582241627853364,1.35236392146908,0.0141769498586655,0.330286399228498,0.00763983617071062,0.528032619768055,0.074789916689042,8.54126583272591,0.144202658208087,1.51379094226286,0.139108442235738,3.0737443518592,0.0737039381638169,0.908682668581605,0.0280303021427244,1.03565887198783,0.154134162527043,0.029040887253359,0.00451807212084532,0.871718656271696,0.0174405926372856,0.38715381216025,0.00175336055690423,0.788708311738446,0.0117733627557755,0.0236886632046662,0.00306748464936391,0.066779374028556,0.00284437224036083,0.0837573416647501,0.0556208399357274
0.0276903706253506,0,0.0211398969695438,7.08724807854742,0,0.0167168167536147,0.00425079697743058,4.24409577186452,0,0.0134093197993934,0.00535654509440064,6.58997219288722,0.00591570138931274,1.63597769459011,0.000575871032197028,0.0930366950924508,0.0119561604224145,6.67373658239376,0.20818038971629,3.41212441632524,0.0192461907863617,0.0121310149552301,0.0152954810473602,0.00912996800616384,0,0.00484596739988774,0.00211342022521421,0.00860523479059339,0.029131653951481,2.13607774442062,0.046936908562202,0.0550981626729481,0.146314630866982,1.46824777475558,0.0107485606567934,0.00710059149423614,0.0261348007479683,0.0518313754582778,0.0248572393902577,0.0117035110015422,0.00984817394055426,0.0146400971570984,0.00257334031630307,0.0169157038908452,0.00239449273794889,0.00669099751394242,0.00487144791986793,0.00980898283887655,0.000617665238678455,0.00871459697373211,0,0.0112119597033598,0,0.00067091581877321,0.00730117375496775,0.0729709620354697,0.0462356800271664,17.3463029789273,0.0177324026590213,0.00779423222411424,0.00697732390835881,0.336408357543405,0.00503144646063447,1.28681736660656,0.0025814778637141,0.0603101673186757,0.116899621789344,0.119729079247918,0.762784951948561,3.91988965426572,0.165587740950286,0.505369147402234,0.0384745199116878,1.51838351623155,0.0224989959970117,0.477818494895473,0.145299151481595,0.849106544686947,0.00164338538888842,0.283865749952383,0.00570687418803573,0.822888307040557,0.00436001253547147,0.0790367424488068,0.00388555292738602,0.390633931208868,0.000721500720828772,0.0350991231389344,0.0101121126790531,0.0633044939604588,0.344013495370746,0.0877637136727571
7.56389762973413,0.0211398969695438,0,1.26512156010722,1.29204084072262,0.310643559438176,18.6570404508675,1.1175107867457,0.708666459657252,0.282878409605473,1.90148702758597,0.10022909991676,5.76779887924204,0.359102231450379,0.620893885497935,0.0556455981568433,0.447109462402295,0.0208877278491855,15.6488286098465,0.955123583844397,0.0650822687894106,0.0117907151579857,5.48112392169423,2.02370744198561,0.223994679574389,0.35399360395968,0.168831165647134,0.055445546284318,2.17475736699998,0.20647232059855,6.40090839657933,0.834363083238713,7.36909974802984,0.428146691992879,0.28320449515013,0.0417867422802374,0.332168931548949,0.0108452949207276,0.138595399563201,0.0126620439696126,0.20238984626485,0.00074074073927477,0.00920765701448545,0.00422386499121785,0.00446677813306451,0.0028336638933979,0.0259146331809461,0.0131227214878891,0.00172463350463659,0.00115807761903852,0.0129707116866484,0.00050163030391559,0.00125391851179302,0,0.0186457311501727,0.0384074934991077,1.45213489315938,0.0238095234089997,0.479939421813469,0.0014669926604256,0.170192761870567,0.00400801619980484,0.154925454990007,0.0113783291308209,0.133532936510164,0.00805801770184189,0.485190395032987,0.0510585300216917,2.24433600500925,0.0892572558950633,2.69332483230392,0.69357340229908,1.97940070781624,0.228834354842547,0.595604407426436,0.0674573782016523,0.868717597448267,0.168556546850596,0.0104672897141427,0.00368459848687053,0.138671875,0.0146393972681835,0.210892230737954,0.00804597698152065,0.0931729664443992,0.00509646907448769,0.00862927350681275,0.00663050025468692,0.0242171188583598,0.00281124503817409,0.079601988196373,0.0934507871279493
0.0693465430522338,7.08724807854742,1.26512156010722,0,0.0881844389950857,1.62338043976342,0.594647528720088,14.9832882653573,0.100356298906263,1.07070702651981,0.0242144702933729,2.0476827925304,0.284644187719095,2.26487885200186,0.0662452600081451,0.434694411640521,0.0148869173135608,0.55639913957566,1.12802608468337,9.84437389549566,0.0705645160633139,0.0453468695632182,3.59016049248748,15.3775562986266,0.0203076919424348,1.11717596603557,0.0445648881141096,0.0770406610099599,0.125370194786228,1.25125626800582,3.06085571279982,3.39395620120922,0.520155402336968,1.5669862467621,0.0712666037725285,0.0384487898554653,0.0749262534081936,0.0390995275229216,0.0624457926023751,0.00899381656199694,0.0150736555224285,0.0108806528151035,0.00137362637906335,0.0148920330684632,0.00261574692558497,0.0143236074945889,0.0196313146152534,0.0179063359682914,0,0.00487144791986793,0,0.00662251655012369,0,0.000577533908654004,0.0194579572998919,0.0536466423945967,0.0368715082586277,0.891705474583432,0.0152235962450504,0.000923574203625321,0.00711902091279626,0.133369038929231,0.00873839389532804,0.514605660457164,0.00279251602478325,0.0242179613560438,0.0664873164496385,0.0676022941188421,0.37875536410138,0.626406171126291,0.478782569058239,2.59792019095039,0.116690853552427,1.94972864305601,0.076068666880019,0.66212995594833,0.606696964823641,1.06221456784988,0.000685871054884046,0.0981387475621887,0.00599492754554376,0.417110096110264,0.0157053886214271,0.0773985525593162,0.00195312505820766,0.212728858459741,0.00122925627510995,0.035965159535408,0.0258397927973419,0.042520589166088,0.53538890578784,0.34081346145831
0.0100914537906647,0,1.29204084072262,0.0881844389950857,0,0.540501774055883,0.353086419054307,0.0180737217306159,3.7999999858439,0.118240805109963,0.0388209930388257,0,0.238927268190309,0.00276115973247215,4.97069798992015,0.0879356558434665,0.0508833909407258,0,0.0162308388389647,0.00429184554377571,0.672605810221285,0.0889395643025637,0.565649150346871,0.265037600649521,2.98976099956781,1.15235881647095,6.21078055119142,0.774518025806174,1.27355629520025,0.047318609431386,3.53353113587946,0.313700388651341,0.0931372604100034,0.00272851291811094,0.00198216061107814,0.00212992541491985,0.064024387858808,0.0138674889458343,0.0260680667124689,0.00405405415222049,1.1248513518367,0,0,0.00102511537261307,0,0.00118203309830278,0.00285850401269272,0.000877963146194816,0,0,0.00543662952259183,0,0.00147819658741355,0,0.0133988389279693,0.00328812166117132,0.0182260031579062,0,0.0103480714024045,0,0.00330988829955459,0,0.0025252525229007,0,0.0106453755870461,0.00106044544372708,0.0089571337448433,0.00134183163754642,0.00606060610152781,0.00461538461968303,3.52651237661485,0.125722540542483,0.787125108530745,0.0182712577516213,0.107502803206444,0.00464576063677669,0.0774550503119826,0.00841514719650149,0.0286396192386746,0,0.108012393349782,0,1.06873066048138,0.0146074248477817,0.0491883896756917,0.00328137818723917,0.290816320572048,0.0135043892078102,0.0541821867227554,0.0031816735281609,0.00257731950841844,0
0.00504095759242773,0.0167168167536147,0.310643559438176,1.62338043976342,0.540501774055883,0,0.125832711928524,0.82889733184129,0.324825975112617,19.9827336221933,0.00430416071321815,0.0229191799880937,0.0535714285215363,0.258272059785668,0.121276591904461,9.81691636936739,0.0056417491286993,0.0322380661964417,0.0378208014881238,0.0660094293998554,4.6082132505253,5.95909072039649,0.440852309111506,1.46785549190827,2.61787229334004,24.6851853691041,2.90048154059332,19.8979931488866,0.0950935753062367,3.17795274406672,4.23341247998178,7.86198069155216,0.101811060681939,0.0472297924570739,0.039525693282485,0.0233545659575611,0.0212927751708776,1.20830128854141,0.0289017334580421,2.77815250214189,0.00947867333889008,1.65357966627926,0.0122110771480948,0.0706243591848761,0.00915331766009331,0.0483775809407234,0.0209324448369443,0.127137221279554,0,0.0148148154839873,0.00135777320247144,0.0120761725702323,0.00147492624819279,0.00144092214759439,0.00267618190264329,0.192939245898742,0.00182094087358564,0.0109422487439588,0,0.00177304958924651,0.00330578512512147,0.00241109100170434,0,0.00983767793513834,0,0.0137638964224607,0.0159795468789525,0.0623324416810647,0.0423472461989149,0.0660015329485759,3.05812223022804,7.34102364408318,0.0817518215626478,1.68723701289855,0.200892866123468,1.75925927236676,0.541062781587243,0.908327521523461,0.00237812125124037,0.00454545440152287,0.00530503992922604,0.0747065103496425,0.0197775028645992,2.0218712836504,0.000491521263029426,0.127868857118301,0.00508905854076147,2.80862527480349,0.00338294979883358,0.13858868018724,2.16944807441905,0.566280572675169
6.65259882141254,0.00425079697743058,18.6570404508675,0.594647528720088,0.353086419054307,0.125832711928524,0,0.496867281326558,2.24620072112884,0.136959210562054,3.27883415610995,0.0125202876515687,15.9636650730681,0.100600290752482,1.35523703650688,0.021667035180144,0.242082003620453,0.00468603568151593,1.50656276021618,0.156375300139189,0.0455568072502501,0.00509193754987791,1.55700198718114,0.903886308311485,0.0328981720958836,0.0931409737095237,0.0558831076486968,0.0145416776649654,2.75388600298902,0.0679824575490784,1.93230483063962,0.363981038331985,0.796934883110225,0.0765904895961285,0.0507226620102301,0.0105643591377884,0.189420656301081,0.00303336710203439,0.0896261406014673,0.00628322857664898,0.0765933140646666,0,0.00202101859031245,0.000433933601016179,0.00090847146930173,0.000919540238101035,0.0121925579442177,0.00324149103835225,0.000930232577957213,0.000467836245661601,0.00785573991015553,0.000415973365306854,0.000997257535345852,0,0.0138860530569218,0.0180711064022034,0.730084040667862,0.00841042929096147,0.0823578588606324,0.000407249026466161,0.15921182744205,0.00185442739166319,0.167373876611236,0.00213310573599301,0.0773852439306211,0.00176056334748864,0.0923236537200864,0.0141869124490768,0.377901572035626,0.0121273370459676,2.31623721064534,0.252350307418965,1.66559006972238,0.0514579765149392,0.504083362757228,0.017050298047252,0.668128659948707,0.04505386762321,0.00972540001384914,0.00169731251662597,0.152938781538978,0.00365898275049403,0.311256723216502,0.000930016278289258,0.155264719447587,0.000950118759647012,0.0386019804282114,0.000483208510559052,0.0196043486357667,0.00103430441231467,0.0314502040855587,0.0437062946730293
0.0701871671481058,4.24409577186452,1.1175107867457,14.9832882653573,0.0180737217306159,0.82889733184129,0.496867281326558,0,0.0224226177087985,3.86333329195622,0.0280685055768117,6.25649046798935,0.280621917336248,8.4845565687865,0.0264392315875739,0.790081251645461,0.0118259224109352,0.834727584384382,1.81435098964721,5.22691023969674,0.0458097530645318,0.0216802163049579,2.64352859556675,3.2361870384193,0.00752823078073561,0.140769607503898,0.00788954645395279,0.0299550674390048,0.0914978068030905,2.30159060156438,3.58870610172744,3.6123428644496,0.485060773935402,1.41620112003875,0.0648874926846474,0.0250533054932021,0.0426666664425284,0.0384334707632661,0.0495946602895856,0.00791986950207502,0.010946907568723,0.0108813925180584,0.00274348427774385,0.0130142735142726,0.00131636680453084,0.0079911210341379,0.0130293155089021,0.0164997058454901,0,0.00406320535694249,0.000694927060976624,0.00685069494647905,0,0.00142925200634636,0.0178147267433815,0.0407929862558376,0.0262080272659659,0.895737705752254,0.00728892500046641,0.00197394387214445,0.00344168252195232,0.0877153739565983,0.00363884470425546,0.521577538806014,0.00139017609762959,0.0153224092209712,0.0518605806282721,0.0579910248052329,0.264844270044705,0.25869195535779,0.39258189528482,3.31713138252962,0.077511960756965,1.55429648514837,0.0588235287577845,0.387044074188452,0.583235495723784,0.687426272750599,0.000547795149032027,0.170731703401543,0.00473186129238456,0.564668229490053,0.0117434510029852,0.0583482958609238,0.00348887918516994,0.212982991710305,0.00100275757722557,0.0270144382957369,0.0197710716747679,0.0288784417207353,0.312621916236822,0.328408124507405
0.0215053763240576,0,0.708666459657252,0.100356298906263,3.7999999858439,0.324825975112617,2.24620072112884,0.0224226177087985,0,0.0809338521212339,0.240496511105448,0,6.00932600814849,0.00579430244397372,27.985353441909,0.0408394779078662,0.0959634454920888,0,0.0094517960678786,0.00628366263117641,0.170854269526899,0.0516129052266479,0.23309133190196,0.31293190352153,0.742056097486056,0.619647345389239,1.51095531019382,0.357470206799917,4.1153848185204,0.0177777782082558,1.22804795578122,0.210958909709007,0.0536635732278228,0.000953743467107415,0.00220507173798978,0.00238948618061841,0.0677685950649902,0.00167224078904837,0.0281469903420657,0.00145137880463153,0.0243572385516018,0.00788436247967184,0.0118829985149205,0.00108166574500501,0.00243457080796361,0,0.0110165249789134,0.000919117650482804,0,0,0.00844772974960506,0,0.00479616306256503,0,0.00842302269302309,0.000858000887092203,0.0194357369327918,0,0.0039525693282485,0,0.00431965454481542,0,0.0121457485947758,0,0.0157030690461397,0,0.00793650769628584,0.00138937134761363,0.00516795879229903,0.00166944903321564,3.94341147341765,0.0826833073515445,1.39288534922525,0.0211960636079311,0.634639719268307,0.0184453229885548,0.308035720023327,0.0135951661504805,0.0353260876145214,0,0.204914226778783,0.000739098293706775,1.58360878983513,0.0064892927184701,0.0867810281924903,0.000562587927561253,0.281191809801385,0.0101522840559483,0.0357769208494574,0.0013153568143025,0.00296735903248191,0.0208333337213844
0.00379027146846056,0.0134093197993934,0.282878409605473,1.07070702651981,0.118240805109963,19.9827336221933,0.136959210562054,3.86333329195622,0.0809338521212339,0,0.00865800864994526,0.038787879049778,0.0651465775445104,0.652214030036703,0.0373931642388925,9.04086040239781,0.00283687934279442,0.0274143293499947,0.0831450494006276,0.0808602145407349,0.421052645891905,0.529816491063684,0.544583656359464,1.28874233504757,0.378748927731067,6.36490695085377,0.405492740217596,2.19023563771043,0.0426612503360957,2.20242490805686,1.88452388148289,4.42903026565909,0.0855036838911474,0.0401093889959157,0.0278884470462799,0.0149892931804061,0.0061208875849843,0.171693729702383,0.00872093020007014,0.119322034530342,0.0047846888191998,0.153846157249063,0.00612691481364891,0.0215827346546575,0.00344827584922314,0.0272673395229504,0.0019102196674794,0.0422349320724607,0,0.0049627791158855,0,0.00186480185948312,0,0.00144927541259676,0.000895255128853023,0.0420098837348633,0.00243383017368615,0.00914076750632375,0.00188590283505619,0.000889679708052427,0,0,0.00126662442926317,0.00888888887129724,0,0.00637958524748683,0.011534764431417,0.0194892472936772,0.0206686920719221,0.03243243182078,0.484257883974351,3.90572870895267,0.0249632889172062,1.17912556789815,0.0720720738172531,0.35981307271868,0.317834825837053,0.256157628027722,0,0.00229357788339257,0.001774622942321,0.0199785938020796,0.0062111800070852,0.389499403419904,0.000984979094937444,0.0323110637255013,0,0.239837403176352,0.00271370424889028,0.0280433394946158,0.153047989588231,0.288686604704708
4.89022073650267,0.00535654509440064,1.90148702758597,0.0242144702933729,0.0388209930388257,0.00430416071321815,3.27883415610995,0.0280685055768117,0.240496511105448,0.00865800864994526,0,0.00362756964750588,10.7195119492826,0.0128913446096703,2.78997874364723,0.00107296137139201,9.2135786798317,0.00372902420349419,0.497970221098512,0.0841562926070765,0.147157194558531,0.00913241971284151,0.0809418689459562,0.0366713685798459,0.00683176750317216,0.00928792543709278,0.027375201578252,0,4.50886992365122,0.0210415571928024,0.451306432951242,0.0448430504184216,0.246199125540443,0.0673339397180825,0.0337301606778055,0.00213219621218741,0.378337158821523,0.00462606002110988,0.275362328393385,0.0202839751727879,0.480952399317175,0,0.00786369619891047,0,0.00344036682508886,0,0.0295519548235461,0.00614844099618495,0.00121876900084317,0,0.0135961931664497,0,0.0029585799202323,0,0.0268096517538652,0.0526315793395042,2.9656639136374,0.00243457080796361,0.10729412001092,0.0017761989729479,0.247516556060873,0.00120845925994217,0.953884986229241,0.00492853636387736,0.137150460504927,0.00424403185024858,0.0511999987065792,0.0147651012521237,0.158884170930833,0.0292532708263025,1.86846038559452,0.141720898449421,3.01464128878433,0.0210970459738746,1.03363233897835,0.0232558138668537,0.892733577056788,0.0715789500391111,0.10513739194721,0.00228310492821038,1.15057570568752,0.00142500887159258,3.57744740869384,0,0.245510450331494,0.00218818383291364,0.0885106367059052,0,0.0440379412611946,0,0.0980645199306309,0.0827943086624146
0.0384391383267939,6.58997219288722,0.10022909991676,2.0476827925304,0,0.0229191799880937,0.0125202876515687,6.25649046798935,0,0.038787879049778,0.00362756964750588,0,0.0176211451180279,10.8743843060802,0.00280373840359971,0.283834593603387,0.0107270559528843,9.54831844451837,0.78436115157092,2.38025459460914,0.0447889761999249,0.0210526320151985,0.0663983880076557,0.0501882063690573,0.00139372819103301,0.00642673519905657,0.00132802128791809,0.0109890112653375,0.0232454179786146,9.05127026501577,0.367556480923668,0.499726030044258,0.15544940973632,1.10804224549793,0.0141509429086,0.0166389346122742,0.0419047601753846,0.0486867404542863,0.0328467150684446,0.00917957536876202,0.0199275366030633,0.0195381887024269,0.00235017633531243,0.0289069563150406,0,0.0184143225196749,0.0110076204291545,0.0157418334856629,0,0.0127659570425749,0.00124766060616821,0.00663074990734458,0.00123762374278158,0.0036407767329365,0.0103916866355576,0.0408011866966262,0.0270042205229402,2.26197193842381,0.0125575551646762,0.00874403829220682,0.00373134331312031,0.0906722220825031,0.0140768809942529,0.590492802090012,0.00566251401323825,0.031642623944208,0.0489820016664453,0.100493215897586,0.372190265916288,0.560460654320195,0.26342071860563,1.49848203151487,0.0490797543898225,4.6880190949887,0.0346020772121847,0.733096079435199,0.285547108389437,0.854943772312254,0,0.692982470500283,0.00317208562046289,0.639531112159602,0.00212992541491985,0.0860440665856004,0.000462000461993739,0.183163257373963,0,0.024082567775622,0.011194029590115,0.0346447444171645,0.567853704560548,0.233365475898609
4.1886793076992,0.00591570138931274,5.76779887924204,0.284644187719095,0.238927268190309,0.0535714285215363,15.9636650730681,0.280621917336248,6.00932600814849,0.0651465775445104,10.7195119492826,0.0176211451180279,0,0.0666255375836045,14.2993884818279,0.0122699390631169,1.47665057925042,0.00671892520040274,0.660784892155789,0.117093267675955,0.0823589188512415,0.00616649561561644,0.83526930201333,0.451673443196341,0.0321285137906671,0.0431837416836061,0.114186854800209,0.0167992931092158,5.72724301263224,0.0424099647207186,1.60203341033775,0.234891681815498,0.475394017936196,0.0556915553752333,0.0490856592077762,0.0109561756253242,0.334313302184455,0.002534854284022,0.20244897948578,0.00941545679233968,0.162303666584194,0,0.0178624590625986,0.000662251666653901,0.00142146414145827,0,0.0321969696669839,0.00358530040830374,0.00442641077097505,0.00223380496026948,0.0249252247158438,0.000621310959104449,0.00908340240130201,0,0.029625152121298,0.0279840104049072,1.07544143189443,0.00413223137729801,0.0807511758757755,0,0.166953527019359,0.000733944936655462,0.441010170907248,0.00322684732964262,0.0987558336928487,0.0040609136922285,0.0634088211809285,0.00839506171178073,0.122103717760183,0.0227944285143167,4.11129558342509,0.211169991467614,3.22413795167813,0.0361155698192306,1.01936794817448,0.0103626947384328,1.12047715322115,0.0529058107640594,0.0650235977955163,0.00102774926926941,0.803485606855247,0.00257931387750432,3.27123698603828,0.00294985249638557,0.384031156892888,0.0016927634133026,0.294877506443299,0.00235294114099815,0.0974639439955354,0.000949667592067271,0.0542005407623947,0.0618556699482724
0.0409919038647786,1.63597769459011,0.359102231450379,2.26487885200186,0.00276115973247215,0.258272059785668,0.100600290752482,8.4845565687865,0.00579430244397372,0.652214030036703,0.0128913446096703,10.8743843060802,0.0666255375836045,0,0.00677200884092599,0.523809531005099,0.0163934425218031,2.0108741351869,1.72190728073474,2.98746381956153,0.0512209638254717,0.0132689989404753,0.617142850533128,0.659333094430622,0.00921658985316753,0.091610414092429,0.00296442699618638,0.0253292819252238,0.0421052619349211,9.26649251033086,1.75425785168773,2.05036281235516,0.232541647274047,1.11879199033137,0.0256983232684433,0.0151162790134549,0.0449116105446592,0.0442520451033488,0.0462534691905603,0.0159221584908664,0.0123304559383541,0.0145985400304198,0.0019537610351108,0.0234260614961386,0.00395882816519588,0.0194096239283681,0.0152777781477198,0.0183066355530173,0,0.00667222682386637,0.000537056941539049,0.00614124862477183,0,0,0.013245033333078,0.0423148737754673,0.026025042985566,1.04424782493152,0.00963192258495837,0.00395517458673567,0.00250156340189278,0.0599097248050384,0.00591966189676896,0.438989684625994,0.00262697017751634,0.0112485935096629,0.0419759382493794,0.0712387019302696,0.22130811039824,0.311388756847009,0.29716981574893,3.08914551604539,0.0549348237691447,3.37205082690343,0.0549581821542233,0.503045090357773,0.487651563773397,0.772995032079052,0.00123533047735691,0.322074792464264,0.00328947382513434,0.441905845946167,0.0041736225830391,0.0775577581953257,0.00206313183298334,0.162235245807096,0,0.0335985862184316,0.00856989808380604,0.0229357788339257,0.436737323179841,0.345980695332401
0.22702407266479,0.000575871032197028,0.620893885497935,0.0662452600081451,4.97069798992015,0.121276591904461,1.35523703650688,0.0264392315875739,27.985353441909,0.0373931642388925,2.78997874364723,0.00280373840359971,14.2993884818279,0.00677200884092599,0,0.029787233506795,0.976842060685158,0.00190930790267885,0.0495745471562259,0.00994671392254531,1.62400580570102,0.0484581490745768,0.196629209385719,0.14619211293757,0.222088105976582,0.142857148661278,3.0509259486571,0.100119188893586,9.742171319318,0.0201089233160019,1.33640554558951,0.15241817291826,0.0887128701433539,0.00745156488846987,0.0133868807461113,0.00421348318923265,0.598775761667639,0.00785193534102291,0.371918522636406,0.00407124683260918,3.91553551377729,0.0103857566136867,0.0389189198613167,0.00164203613530844,0.00717488769441843,0.0018373909406364,0.0603715153411031,0.00289540365338326,0.011283498024568,0.0019029495306313,0.0490081685129553,0,0.0239390635397285,0,0.186490452499129,0.00616860872833058,0.20916071429383,0.000530222721863538,0.0444274233886972,0.000730460218619555,0.0503101304639131,0,0.0773320440202951,0.000795228639617562,0.179074440384284,0.00168705184478313,0.04153973859502,0.00403923814883456,0.017798594548367,0.00336134468670934,6.76864040130749,0.110219364636578,3.34125261032023,0.0209643598645926,0.732946296338923,0.0282317973906174,0.502330407616682,0.0272108840290457,0.287226005457342,0,1.73104962595971,0.00242939568124712,17.3199998144992,0.00939849647693336,0.700944845011691,0.00144857561099343,3.48103551752865,0.0132248221198097,0.721931386913639,0.00110253586899489,0.0190325137227774,0.0174741862574592
0.00658616912551224,0.0930366950924508,0.0556455981568433,0.434694411640521,0.0879356558434665,9.81691636936739,0.021667035180144,0.790081251645461,0.0408394779078662,9.04086040239781,0.00107296137139201,0.283834593603387,0.0122699390631169,0.523809531005099,0.029787233506795,0,0.0158898305380717,0.320691317087039,0.0854700832860544,0.235461998381652,1.05762218590826,1.10518518299796,0.15852130233543,0.381391768343747,0.440121560590342,2.26840311370324,0.428904438391328,2.66986786201596,0.0604822241002694,14.099368167459,0.952734018908814,1.74938571639359,0.0628730609896593,0.120508986525238,0.0485829943791032,0.127478751819581,0.0112044822890311,1.43760584527627,0.0194174749776721,0.913466461002827,0.00304414005950093,0.959580874070525,0.0651465822011232,0.320132023189217,0.0459873767104,0.238337183953263,0.0590979792177677,0.430388965643942,0,0.0736842096084729,0.00292740034637973,0.0396492576692253,0.00109529029577971,0.0107642624061555,0.00221238937228918,0.574673101364169,0.0100929620093666,0.0744680827483535,0.00538668729132041,0.0124724873458035,0.00346020766301081,0.0112728984095156,0.00291686929995194,0.0383539739996195,0.00506072887219489,0.0593471812317148,0.0994720784947276,0.308627685473766,0.096090437262319,0.236886644270271,1.13907284662127,4.48896047659218,0.0304347812198102,6.09810097049922,0.0746705710189417,1.69865071994718,0.245961430016905,1.52290681237355,0.00610221223905683,0.093333333148621,0.00878477306105196,0.440719284291845,0.00957854383159429,7.87712684297003,0.00396563109825365,0.53220337437233,0.00242571253329515,3.86079830210656,0.00408639805391431,0.398783184355125,0.701361075276509,0.189254209399223
2.71947408484994,0.0119561604224145,0.447109462402295,0.0148869173135608,0.0508833909407258,0.0056417491286993,0.242082003620453,0.0118259224109352,0.0959634454920888,0.00283687934279442,9.2135786798317,0.0107270559528843,1.47665057925042,0.0163934425218031,0.976842060685158,0.0158898305380717,0,0.0489895883947611,0.22132976166904,0.0586485348176211,0.117263847962022,0.0111111113801599,0.0211524437181652,0.00929800095036626,0,0.0045592705719173,0.0394944712752476,0.00328947370871902,5.95893851132132,0.0872727236710489,0.0995316117769107,0.0252365926280618,0.779447385342792,0.157515755563509,0.906976740807295,0.30561330774799,0.826966300606728,0.183194549754262,0.186609685653821,0.0345974706579,0.486111114732921,0.00902934558689594,0.151318630378228,0.0324214808642864,0.134615390445106,0.0536443125456572,0.119698396651074,0.0408518027979881,0.151351355016232,0.0524390244390815,0.472016201820225,0.0174873449723236,0.0624999997671694,0,0.0795755989383906,0.0586319197900593,7.87933664047159,0.0326284000184387,1.13541180035099,0.0184534272411838,1.23360655852593,0.0393091117730364,2.2464219754329,0.0506575750187039,2.03014423535205,0.0701938215643167,1.12607173161814,0.476697717094794,0.276150635909289,0.155706729274243,0.810572675429285,0.0980810257606208,2.75251795933582,0.0567081618355587,1.02401748346165,0.0294117659796029,1.57249835436232,0.629399562254548,1.78861784515902,0.0466666677966714,11.8439965556609,0.0791239868849516,6.72405396436807,0.022809122921899,1.46343857329339,0.0472826065379195,0.323603000957519,0.0186170206870884,0.172715053602587,0.0138976620510221,0.0826032555196434,0.0677540770266205
0.025376217730809,6.67373658239376,0.0208877278491855,0.55639913957566,0,0.0322380661964417,0.00468603568151593,0.834727584384382,0,0.0274143293499947,0.00372902420349419,9.54831844451837,0.00671892520040274,2.0108741351869,0.00190930790267885,0.320691317087039,0.0489895883947611,0,0.159277505124919,1.01412875391543,0.0465949820354581,0.0200913238804787,0.0224719110410661,0.0144927538349293,0.00143884890712798,0.00926538708154112,0.00410677632316947,0.018426647526212,0.0930656926939264,19.1424531154335,0.0672622174024582,0.115730338264257,0.304694413207471,0.657840299536474,0.133659328101203,0.14347450598143,0.0313725499436259,0.126649081707001,0.0162601621123031,0.0270906960358843,0.00188857410103083,0.0444033304229379,0.011164274183102,0.0682342095533386,0.0112073360942304,0.0575916236266494,0.0155373327434063,0.0288461542222649,0.00215053767897189,0.0588555887807161,0.00632711162324995,0.0464527038275264,0.00254614884033799,0.00124766060616821,0.00814000843092799,0.110901546198875,0.0638176621869206,7.16576339397579,0.062286687490996,0.0461351692210883,0.030360531527549,0.391675550723448,0.0366259723668918,7.58362983143888,0.0185938403010368,0.208174903295003,0.320574150886387,0.737105363805313,0.582441106438637,2.14229251281358,0.1939627523534,1.78401993785519,0.0454258667305112,5.5198048048187,0.0270027009537444,0.687673776294105,0.24038462433964,1.75425789365545,0.0151515156030655,17.459360452136,0.0290674197021872,9.61269041709602,0.00545553746633232,0.239656108664349,0.0135387488699052,0.911483844625764,0,0.064743963885121,0.00189214758574963,0.0839035998797044,0.561368189519271,0.12499999627471
5.4085564938141,0.20818038971629,15.6488286098465,1.12802608468337,0.0162308388389647,0.0378208014881238,1.50656276021618,1.81435098964721,0.0094517960678786,0.0831450494006276,0.497970221098512,0.78436115157092,0.660784892155789,1.72190728073474,0.0495745471562259,0.0854700832860544,0.22132976166904,0.159277505124919,0,12.7820024336688,0.0696055660955608,0.0152671755058691,6.26177722873399,1.17197018157458,0.0130130128236488,0.0273714009672403,0.00386660220101476,0.00792471505701542,0.569999993895181,0.804985336493701,7.5531660009292,3.38860967895016,16.1863219624502,8.17190068541095,0.655040904763155,0.271954676136374,0.188026191433892,0.0414312609937042,0.0915269615943544,0.00954032974550501,0.149970001075417,0.0142095917835832,0.00898587959818542,0.0129636295605451,0.00466744462028146,0.0214455922250636,0.0177777776261792,0.0289948444697075,0.000810372759588063,0.0221039697644301,0.00795967091107741,0.0221774193341844,0,0,0.0163132135639898,0.045412702835165,1.18989797920221,0.160466814413667,0.357046077609994,0.00844429980497807,0.059204438701272,0.0491539079812355,0.082157677214127,0.0840336154215038,0.0583941622171551,0.0840707961469889,0.892712573055178,0.437089588493109,14.6655900226906,1.31232360057766,4.09237877873238,2.13936652592383,0.652074768731836,1.40595820761519,0.239674239652231,0.637818637536839,1.03961265669204,1.53108351468109,0.0084134618518874,0.0504991189809516,0.0622366312891245,0.112272979225963,0.0426054892595857,0.023491291271057,0.0306623049254995,0.0633504348807037,0.00499500485602766,0.0112700476311147,0.0238158236606978,0.0120937270112336,0.652933819103055,0.401249991031364
0.342175702331588,3.41212441632524,0.955123583844397,9.84437389549566,0.00429184554377571,0.0660094293998554,0.156375300139189,5.22691023969674,0.00628366263117641,0.0808602145407349,0.0841562926070765,2.38025459460914,0.117093267675955,2.98746381956153,0.00994671392254531,0.235461998381652,0.0586485348176211,1.01412875391543,12.7820024336688,0,0.119825705187395,0.0650137764168903,0.743779055774212,1.12981085362844,0.00284360186196864,0.0161362616345286,0.00366804213263094,0.0272172693512402,0.188873631122988,2.01619711221429,1.67594362224918,1.76319995545782,1.84687708679121,5.35097249090904,0.120184895116836,0.0490143853239715,0.195555557729676,0.0831842560437508,0.165588621050119,0.048800662450958,0.0438448557397351,0.0399777889251709,0.00557620829204097,0.0415368634276092,0.00223630259279162,0.0296577939880081,0.0460981216747314,0.0273631834425032,0.00077519379556179,0.0211350301397033,0.00309198664035648,0.021373056457378,0,0.00172191136516631,0.0541391242295504,0.112726199440658,0.248699760821182,1.42248521515285,0.073759792256169,0.0112817294429988,0.0286140097305179,0.225905931030866,0.0388580488506705,0.692048502212856,0.0139287176425569,0.172804530244321,0.302657479187474,0.220464404672384,6.66846964973956,5.46291337237926,1.22617480438203,3.46167106437497,0.2741865508724,4.29394335398683,0.147460396983661,1.85436350712553,1.31459732155781,3.76226726640016,0.00900900922715664,0.223691468010657,0.0231466999975964,0.609183143882547,0.0180180185707286,0.103835721500218,0.0131894484220538,0.305984757607803,0.000946073792874813,0.0603555168490857,0.0750449793413281,0.0558686602162197,1.78879815072287,0.818925207713619
0.0732162890490144,0.0192461907863617,0.0650822687894106,0.0705645160633139,0.672605810221285,4.6082132505253,0.0455568072502501,0.0458097530645318,0.170854269526899,0.421052645891905,0.147157194558531,0.0447889761999249,0.0823589188512415,0.0512209638254717,1.62400580570102,1.05762218590826,0.117263847962022,0.0465949820354581,0.0696055660955608,0.119825705187395,0,6.05744134634733,0.0485393257113174,0.0795593648217618,5.12094393372536,3.16896125720814,1.86381850484759,5.25894147763029,1.77297301590443,0.617897745687515,4.40134333947208,2.75655433535576,0.0297542046755552,0.0739002961199731,0.00776699045673013,0.0539325848221779,0.740831328788772,0.437810935080051,0.41488160379231,0.245436099590734,4.24207480251789,0.51490515936166,0.0133630293421447,0.0521619752980769,0.0191846522502601,0.0317195316310972,0.0436137057840824,0.0650224247947335,0.00696864118799567,0.0142475515604019,0.00734993896912783,0.00845410616602749,0.00931315496563911,0.00224466901272535,0.0790830926271155,0.12171222595498,0.0578985006432049,0.0136054417816922,0.0183823535917327,0,0.0083203325048089,0.00172117038164288,0.0220183487981558,0.00781250023283064,0.0317145697772503,0.0158045976422727,0.0265957450028509,0.0546843579504639,0.0709342582849786,0.0769230762962252,7.84615379408933,3.58651689067483,1.34249720117077,0.734122696099803,0.756892226170748,1.76021795906126,0.855042060604319,1.02575107105076,0.133720929734409,0.0261096609756351,0.307082155137323,0.0302506488515064,2.59054408175871,0.400348117109388,0.0587905955035239,0.0505848880857229,1.04105571750551,0.385005085263401,0.192761279235128,0.03624009154737,4.12765944376588,2.81428573001176
0.00225903606042266,0.0121310149552301,0.0117907151579857,0.0453468695632182,0.0889395643025637,5.95909072039649,0.00509193754987791,0.0216802163049579,0.0516129052266479,0.529816491063684,0.00913241971284151,0.0210526320151985,0.00616649561561644,0.0132689989404753,0.0484581490745768,1.10518518299796,0.0111111113801599,0.0200913238804787,0.0152671755058691,0.0650137764168903,6.05744134634733,0,0.0154264973243698,0.0446373224258423,0.468797569163144,1.42930590827018,0.296703304164112,11.5280235558748,0.0808773144381121,0.354722415329888,1.51282052567694,1.23782234452665,0.0144262295216322,0.0261282671708614,0.0161943323910236,0.0471698120236397,0.0351317436434329,2.99616851052269,0.0785219394601882,4.04766856483184,0.02453987672925,7.1781608927995,0.0135211274027824,0.0571030630962923,0.00487804866861552,0.0475785881280899,0.0202020201832056,0.103233124711551,0.001774622942321,0.00907441019080579,0.00164744642097503,0.00733944936655462,0,0,0.00464037107303739,0.183524506166577,0.00504141149576753,0.0101010100916028,0.00248292996548116,0.00115074799396098,0.0021030493080616,0,0.00187090737745166,0.00528052821755409,0,0.00729394610971212,0.0130218309932388,0.0413625290966593,0.0299559478880838,0.0815286636352539,4.33737868117169,4.31070198537782,0.119718311587349,0.607929490506649,0.296296287328005,2.75144502520561,0.451127830892801,1.05817783949897,0.0123839005827904,0.0497237588278949,0.00688073365017772,0.0305276928702369,0.0181818183045834,1.22340421658009,0.00112644326873124,0.0674729442689568,0.00907715549692512,2.1946170181036,0.00492206728085876,0.0867579916957766,16.7969344630837,1.00386098492891
0.0987105382955633,0.0152954810473602,5.48112392169423,3.59016049248748,0.565649150346871,0.440852309111506,1.55700198718114,2.64352859556675,0.23309133190196,0.544583656359464,0.0809418689459562,0.0663983880076557,0.83526930201333,0.617142850533128,0.196629209385719,0.15852130233543,0.0211524437181652,0.0224719110410661,6.26177722873399,0.743779055774212,0.0485393257113174,0.0154264973243698,0,11.3678732081316,1.29731891764095,0.420610688393936,0.412451361771673,0.0801587312598713,0.271432906389236,0.512852260842919,9.5139445066452,6.0685357467737,4.77576500969008,0.634713552484754,0.594178077764809,0.202118271961808,0.0606290251016617,0.0182857140898705,0.0302806493127719,0.00356252217898145,0.00830258312635124,0,0.00387061102082953,0.00366076861973852,0.00260416674427688,0.00596223893808201,0.00350262690335512,0.0177531205117702,0,0.00339673919370398,0.000468384067062289,0.00115041702520102,0,0,0.00448682019487023,0.0079787231516093,0.0684130770387128,0.0147377545945346,0.0278019122779369,0.0016759776044637,0.0074786328477785,0.00402279593981802,0.00755754031706601,0.013106940430589,0.00353356881532818,0.00560224091168493,0.222322025365429,0.116063136374578,0.485052076750435,0.102778836444486,0.549137287773192,1.4732570516062,0.175946553004906,0.298181810649112,0.0810810830444098,0.0630712998099625,0.340425531379879,0.191064295649994,0.00369515013881028,0.00998185120988637,0.0055772450286895,0.0135429265210405,0.0462270567659289,0.0114478109753691,0.00852957545430399,0.0100321027275641,0.00719137012492865,0.00427350425161421,0.00654205627506599,0.00223713650484569,0.0551592977717519,0.176106620638166
0.0276426910422742,0.00912996800616384,2.02370744198561,15.3775562986266,0.265037600649521,1.46785549190827,0.903886308311485,3.2361870384193,0.31293190352153,1.28874233504757,0.0366713685798459,0.0501882063690573,0.451673443196341,0.659333094430622,0.14619211293757,0.381391768343747,0.00929800095036626,0.0144927538349293,1.17197018157458,1.12981085362844,0.0795593648217618,0.0446373224258423,11.3678732081316,0,0.672955951653421,1.34844754915684,0.154623547336087,0.127527213538997,0.19778597401455,0.598938600160182,4.40231297665741,3.86509997409303,1.29827085498255,0.19420784432441,0.361031509819441,0.126567160245031,0.0302734375,0.0265486735152081,0.0245630604913458,0.00631768949097022,0.00507292337715626,0.00625390850473195,0.00198281568009406,0.0111648679012433,0,0.0057660624734126,0.00141093472484499,0.0132714002393186,0.000841042899992317,0.00509987259283662,0.00108725193422288,0.00277200271375477,0,0,0.00806722696870565,0.010728937049862,0.0143992055091076,0.0114342532469891,0.0048916841042228,0,0.000634316529612988,0.00250836118357256,0.00258620688691735,0.00506146065890789,0.000893255928531289,0.00305110611952841,0.0818228911375627,0.0382028534077108,0.135792121407576,0.0353634590283036,0.328674697666429,1.94245285913348,0.107465528417379,0.428902264800854,0.0969920182833448,0.0876643729861826,0.329055908310693,0.193339501216542,0.00127064797561616,0.00743955373764038,0.00333889824105427,0.00790067738853395,0.028073160094209,0.0210172336664982,0.00291545191430487,0.012292282859562,0.00418410031124949,0.0189445192809217,0.00650582788512111,0.0041247745975852,0.0767195743974298,0.243708613328636
