0,0.0475561441853642,5.97788480189047,0.0774213009863161,0.0157400360330939,0.00660736992722377,8.92748898966238,0.0646957433782518,0.0556422236259095,0.00151324085891247,5.5117560653016,0.0270270275650546,2.73403852066258,0.0224989959970117,0.418573935865425,0.00829332150169648,3.57860031985911,0.0490450360812247,2.49247441068292,0.256090434937505,0.0628742526168935,0.00843881850596517,0.0629420097102411,0.0222446920815855,0.00162337662186474,0.00104465917684138,0.00781657086918131,0.00482315086992458,2.5704698106274,0.0491167597356252,0.510814550507348,0.0465890185441822,2.89178017916856,0.251762339757988,0.0206422009505332,0.00953800324350595,1.12994061224163,0.00560938322450966,0.622233537491411,0.0291574004222639,0.681372573133558,0.00303582259221002,0.0173023992683738,0.000424989382736385,0.00985883915564045,0.000466853409307078,0.0503655566135421,0.0126108378171921,0.0098522164626047,0.000922296545468271,0.0419131311355159,0,0.0092213109601289,0,0.0506480558833573,0.129815907217562,13.049632814771,0.0214785984135233,0.441697563976049,0.00079984002513811,2.23821442364715,0.00235072875511833,1.66881408228073,0.0062447959498968,0.125551745295525,0.00129926379304379,0.501518321223557,0.0230860629817471,3.4922787976684,0.128435516206082,0.877811840502545,0.268558412790298,4.35665559675545,0.0557929143542424,0.736620569659863,0.0314009657595307,1.38262386980932,0.121577499900013,0.106102422869299,0.00546614028280601,0.980145504756365,0.00931195050361566,0.929230774490861,0.00705882368492894,0.861617423361167,0.00433839493780397,0.124565623700619,0.00194174761418253,0.0841313304263167,0.000972762645687908,0.117498415522277,0.0821574128349312
0.0475561441853642,0,0.0280039081699215,3.55480818933574,0,0.0552515016170219,0.00498269882518798,4.42498337337747,0.00160085374955088,0.0248254453763366,0.00615384592674673,4.45588947832584,0.00461893749888986,0.893442623782903,0.000899685139302164,0.136931307351915,0.0364014547085389,3.66352885705419,0.401637677190593,2.26624273171183,0.0197409000247717,0.0260869560297579,0.0431810016743839,0.0379616257268935,0.00555864360649139,0.0112570354831405,0.00534759368747473,0.0225646673934534,0.0569593133113813,1.48723588779103,0.0673257991147693,0.119250422576442,0.552276567323133,0.731456732028164,0.0678466074168682,0.035001534561161,0.0259740253677592,0.162133887060918,0.0459170388057828,0.0405165879055858,0.00315855955705047,0.0306633297004737,0.00441058538854122,0.0112847223063,0.00504009175347164,0.00764452945441008,0.0132614998146892,0.01446654566098,0.000960384146310389,0.0108516158361454,0.00446812153677456,0.00414679670939222,0,0,0.0065080332569778,0.122220074059442,0.0895800897851586,9.30867709801532,0.0622371745994315,0.172955334652215,0.0498136898386292,0.846968237310648,0.0190569275873713,1.12494689610321,0.00502512557432055,0.144247787073255,0.358499772381037,0.500258913903963,0.364463592792163,3.18827997031622,0.167278449167497,0.880228625843301,0.029008028563112,1.43313580780523,0.0111524165840819,0.266957071318757,0.196478693978861,0.575328364328016,0.0069554221117869,0.286697973264381,0.0156343961425591,0.947202258976176,0.01066149759572,0.131021196953952,0.0131344911642373,0.48731113912072,0.00109799613710493,0.0576827423647046,0.00660869546118192,0.124876443122048,0.408735324803274,0.0543513426091522
5.97788480189047,0.0280039081699215,0,0.975762124580797,2.92720498231938,0.316836609330494,15.6512346380623,0.688687896908959,0.648016283870675,0.132313013076782,1.45396666275337,0.0657834643498063,4.29888477863278,0.254344395012595,0.483369343564846,0.0501285345526412,0.289330036030151,0.0203374158591032,9.72144382042461,0.377611655421788,0.0256859306246042,0.00881316082086414,6.5656564082019,1.30590337445028,0.244843998982105,0.0771392098395154,0.191131490282714,0.0550026213750243,2.27523689204827,0.176818947307765,6.42148010403616,0.635918933548965,6.99715908439248,0.127103542996338,0.0800223855185322,0.00581226369831711,0.44023250695318,0.00648702593753114,0.305202892399393,0.0116138400044292,0.150447756517678,0.00118343194480985,0.00580046384129673,0.00041736225830391,0.0153879975550808,0.000457665912108496,0.0171656681341119,0.00426273990888149,0.00275925494497642,0,0.0203231711057015,0,0.00150375935481861,0,0.0207802396616898,0.0500466862577014,0.907469046156621,0.011672554188408,0.271659914142219,0.000786318094469607,0.119629001477733,0.00230414749239571,0.108487260295078,0.00245398777769879,0.0120076845632866,0.00170068023726344,0.557149627595209,0.0133846409153193,1.76238533505239,0.0397932800115086,1.33616812946275,0.870319912210107,2.74610633740667,0.0816728151403368,0.370457198936492,0.02236609661486,0.953936149046058,0.12785836472176,0.022109352517873,0.00177567335776985,0.0900831242324784,0.00747663527727127,0.198097893502563,0.0101476015988737,0.0667289496050216,0.00314240826992318,0.0282205394469202,0.00523062306456268,0.0225817322207149,0.00159897666890174,0.0934809329919517,0.108702288358472
0.0774213009863161,3.55480818933574,0.975762124580797,0,0.020795660559088,3.52669684920693,0.28970285266405,14.9982566632389,0.0193950582761317,1.78921347830328,0.0276600490324199,1.42432487849146,0.127703753532842,2.16437851707451,0.0190892815589905,0.434181949822232,0.01535335322842,0.313161231460981,2.08010245920741,9.77386034879601,0.0470588228199631,0.052590062841773,2.62269996383111,13.3955805576697,0.0239177228650078,0.200741765147541,0.0189683087810408,0.081100308772875,0.113458978070412,1.46401406801306,2.21569035435095,3.18627455635578,0.875539710163139,0.570275215781294,0.0367480506538413,0.0125000006519258,0.08310376436566,0.0807805740623735,0.149456524522975,0.0335392765700817,0.00746865838300437,0.0216988615575247,0.00753904151497409,0.0123290307819843,0.00606305577093735,0.00335500109940767,0.0221852475078776,0.0172661868855357,0,0.00414765643654391,0.00406123092398047,0.000739918614272028,0.000455684668850154,0,0.0279999992926605,0.0782064635131974,0.0504776832531206,0.544428391498514,0.0183554969844408,0.0349981784820557,0.0105596621870063,0.134627557155909,0.00641574006294832,0.156929471268086,0.00131492441869341,0.0297864007297903,0.0898843116592616,0.0837515674356837,0.188695098098833,0.419301940710284,0.405276328936452,4.15884473919868,0.114311434037518,1.18145161180291,0.0351613763486966,0.350276553363074,0.585517557861749,0.977160764974542,0.00213561137206852,0.0608787726378068,0.00610193819738925,0.245385094487574,0.00976645405171439,0.0992608231899794,0.00380131794372573,0.142432435881346,0.00141978228930384,0.0495113998185843,0.0132638562354259,0.0435893575195223,0.566967979248147,0.320087082451209
0.0157400360330939,0,2.92720498231938,0.020795660559088,0,0.258139533922076,0.162490211660042,0.013513513840735,4.88044150406495,0.035428571049124,0.0224341009743512,0.00288878189167008,0.0824943134794012,0.00144770182669163,1.39287251641508,0.0295732999802567,0.00925390422344208,0.00197433377616107,0.0252890167757869,0.00274348421953619,0.104888890055008,0.0525838620960712,1.11653585644672,0.0952380971284583,1.43416613386944,0.213135072495788,3.7375230359612,0.424522072309628,0.878965949406847,0.0148331271484494,2.43641487020068,0.167670676484704,0.231442713178694,0.00290909083560109,0.0078554596984759,0,0.0446859897347167,0.00351493852213025,0.00932400953024626,0.00218340614810586,0.240228794049472,0,0,0.00080289039760828,0.00355871883220971,0,0.00369139917893335,0.000699300726410002,0.0009765625,0,0.00270124262897298,0,0.00236826529726386,0,0.00214285711990669,0.00196463655447587,0.0143751450814307,0.000950118759647012,0.00682076532393694,0,0.000670690787956119,0,0.00303643732331693,0,0.00322061183396727,0,0.0267194443149492,0.00163220887770876,0.00485672644572333,0.00127469724975526,1.67118449206464,0.0646651266142726,0.292431180132553,0.0034013605909422,0.0216021607629955,0,0.0310765826143324,0.0022650056052953,0.00573613762389868,0,0.020891364547424,0.000558035739231855,0.348258722806349,0.0196560192853212,0.0215716494712979,0.000425531907239929,0.14285714761354,0.0094488188624382,0.0148637483362108,0,0,0.00821355264633894
0.00660736992722377,0.0552515016170219,0.316836609330494,3.52669684920693,0.258139533922076,0,0.119514103716938,0.731404958933126,0.312231093877926,11.3837347996887,0.00449690828099847,0.0877954663010314,0.0604878067388199,0.117433854960836,0.0799999994924292,6.47228091076249,0.00927536189556122,0.0840751692885533,0.0709117199294269,0.0879120901226997,1.89116854453459,4.59690626291558,1.2446900914656,3.42186358710751,2.17467834963463,10.3167699917685,2.12600375153124,17.8744224174879,0.116908588504884,2.12051181239076,2.69957690237788,5.38430564571172,0.120472744456492,0.0371449394733645,0.0315208826214075,0.0545774637721479,0.0290556913241744,0.418085729237646,0.0362149521242827,1.61050330102444,0,0.636279083322734,0.0327868860913441,0.0530759944813326,0.00802139018196613,0.0125907986657694,0.0317929753800854,0.0504201692529023,0,0.00566572230309248,0.00324499723501503,0.00148038484621793,0,0,0.00143061520066112,0.291147541254759,0.00649802724365145,0.0323347607627511,0.00531309301732108,0.00862688734196126,0.00805910001508892,0.0108108106069267,0.00202839751727879,0.0100580267608166,0.00322754157241434,0.0108378488221206,0.0505200584884733,0.0991285379277542,0.0311435516923666,0.0856230016797781,2.04843481304124,5.13773151976056,0.0620689652860165,0.848863609484397,0.0632339669391513,0.552607499295846,0.29365960881114,0.520998890278861,0.00191938574425876,0.0111731844954193,0.00139470014255494,0.0435754177160561,0.0139581258408725,0.947316610952839,0.00539707002462819,0.0481260633969214,0.0118265437195078,0.930036827921867,0.00275558006251231,0.0491263628355227,0.863780390704051,0.470103110186756
8.92748898966238,0.00498269882518798,15.6512346380623,0.28970285266405,0.162490211660042,0.119514103716938,0,0.218089989357395,1.55094716008171,0.0432411384244915,3.68685895664385,0.0146493315696716,17.4822836266831,0.0806897673755884,1.5739541570656,0.0153016863623634,0.261685898643918,0.00406654336256906,0.668075419671368,0.0647619020892307,0.0164116214145906,0.00534878543112427,1.52644691674504,0.387307818979025,0.0739979452919215,0.027210884145461,0.042340723623056,0.0175474387069698,3.79619325653766,0.0481844757450745,1.83572072867537,0.18303571769502,0.75262020091759,0.0224975550372619,0.0137427533045411,0.00176834664307535,0.251587305043358,0.00235710083507001,0.261960780364461,0.00996932492125779,0.0604556718026288,0.000448129052529112,0.00671462816535495,0.000340425525791943,0.00284090917557478,0,0.0101756109506823,0.00384369003586471,0.00147275405470282,0,0.0132655938505195,0,0.00315395230427384,0,0.0152005176059902,0.0354147246689536,0.566194631217513,0.00316038995515555,0.0421716764685698,0,0.24410932106548,0.000737599097192287,0.285447763453703,0.0010045203671325,0.0171526585472748,0.000345602224115282,0.0616751948255114,0.00339943345170468,0.0892889930983074,0.00767211796483025,1.26864793308778,0.274824086256558,2.94812792580342,0.0221445226343349,0.417352601012681,0.00758759217569605,0.837639821693301,0.0271844665985554,0.015349886904005,0,0.184782607189845,0.00172215839847922,0.282906943320995,0.00332164607243612,0.209421636915067,0.000494804524350911,0.0452138489345089,0.00378143304260448,0.0307823843322694,0.00109036394860595,0.0346020766301081,0.0807709950022399
0.0646957433782518,4.42498337337747,0.688687896908959,14.9982566632389,0.013513513840735,0.731404958933126,0.218089989357395,0,0.0110792744089849,1.6813597806613,0.0226471130445134,3.89649716555141,0.0900793072360102,6.93576252087951,0.00809034216217697,0.490035155555233,0.010125632659765,0.363410297955852,1.49246706147096,2.95245397501276,0.0300274903711397,0.0318674305162858,1.97189486079151,2.84433226380497,0.0165191743872128,0.0444614809239283,0.00765257340390235,0.0538957240059972,0.0656163724488579,2.80848942566081,1.72972973436117,2.83309515184374,0.77611937810434,0.544853628147393,0.036497846536804,0.0147554808063433,0.0441064628539607,0.0964036881923676,0.087969925662037,0.0290654893033206,0.00515796267427504,0.0119581462349743,0.0108108112181071,0.0134536510449834,0.0041011618450284,0.00634584878571332,0.0171075565740466,0.0139232671062928,0,0.00384212372591719,0.0027374760247767,0.0015847860777285,0,0,0.016552155604586,0.0814058255928103,0.037893139233347,0.749168117414229,0.0156975818390492,0.045696401852183,0.0115396294859238,0.197058305260725,0.00573476683348417,0.289358962327242,0.00182915682671592,0.0566006347071379,0.115616014110856,0.103846158657689,0.177644351904746,0.387396096484736,0.310507449874422,3.88680670032045,0.0841436078189872,0.761177353357198,0.0262990448391065,0.15698787450674,0.434332226577681,0.627932958828751,0.00258064514491707,0.115335322916508,0.00679431762546301,0.604897075216286,0.00249376552528702,0.104273806500714,0.00522964975971263,0.303227365744533,0.000779727124609053,0.0384824824286625,0.00911980096134357,0.088130206509959,0.279692645155592,0.223678469657898
0.0556422236259095,0.00160085374955088,0.648016283870675,0.0193950582761317,4.88044150406495,0.312231093877926,1.55094716008171,0.0110792744089849,0,0.0567290270701051,0.136094673653133,0.00201612897217274,1.90288007404888,0.00149812735617161,15.1323789650341,0.0492524174042046,0.119804406305775,0,0.0164485981222242,0.000708466162905097,0.125968991778791,0.0910891117528081,0.454599745862652,0.112248766934499,0.988472593249753,0.264299814007245,1.2326797748683,0.661516860709526,3.56666658486938,0.0222793486900628,1.04219823586755,0.159031071001664,0.0986582454061136,0.00150545733049512,0.006779660936445,0.0019102196674794,0.0626999362139031,0.00247831479646266,0.0455945770954713,0.00575043144635856,0.0397489529568702,0.00202839751727879,0.0194384444039315,0,0.0111368908546865,0.00101214577443898,0.0107033642707393,0.00144560891203582,0.0122762150131166,0,0.0232751446310431,0,0.0112781954230741,0,0.0125600291066803,0.00607902713818476,0.0293838859070092,0.000485790631501004,0.0180675573064946,0.000742666190490127,0.0235375559423119,0,0.0233669669833034,0,0.0146892658667639,0,0.017219549859874,0.00223276577889919,0.00610376405529678,0.00135501357726753,3.30299263098277,0.091519215493463,1.13991515652742,0.0107719923835248,0.223968573845923,0.0119521915912628,0.117027503438294,0.0107591156847775,0.0356768080964684,0,0.118747754604556,0.00171870522899553,0.933750607655384,0.0195674571441486,0.091390470333863,0.00260473194066435,0.408932298771106,0.0242825606837869,0.0378531081951223,0.00155440421076491,0.0116550119128078,0.0340522150509059
0.00151324085891247,0.0248254453763366,0.132313013076782,1.78921347830328,0.035428571049124,11.3837347996887,0.0432411384244915,1.6813597806613,0.0567290270701051,0,0.00110558315645903,0.0380408950150013,0.0244766499381512,0.062387952231802,0.0101910824887455,6.99707459378988,0,0.0399610139429569,0.0458124540746212,0.0333106732578017,0.260642927605659,0.503100077621639,0.554946636548266,0.648766325670294,0.298606505384669,1.01463414728642,0.228016978129745,1.9053790520411,0.0379992246162146,0.887892357946839,0.814093624940142,2.78790889948141,0.0490011301008053,0.0115273771807551,0.0123171666637063,0.0137221273034811,0.0083234243793413,0.109636464039795,0.0149253727868199,0.121636165189557,0,0.0796380094252527,0.00759406277211383,0.012713547796011,0.00439753726823255,0.00668257765937597,0.0160877518355846,0.0311850305297412,0,0.00372439483180642,0,0,0,0.00113765639252961,0.00283085624687374,0.0623376611620188,0.00368748558685184,0.00991501403041184,0.00450281426310539,0.00711237546056509,0.00265957438386977,0.00484261487144977,0,0.0030592733528465,0,0.00164676818531007,0.0201573261874728,0.0378173968056217,0.0134292567381635,0.0313479627948254,0.475914106937125,2.10125135700218,0.0169491529231891,0.335195520892739,0.0281442385166883,0.142475515604019,0.172866522800177,0.196428580209613,0.00186567159835249,0.00724637694656849,0.00069013109896332,0.021606648049783,0.00392927322536707,0.323144109919667,0.000383288628654554,0.0148116798663978,0,0.310719839762896,0.00218638963997364,0.0120633328333497,0.104401226621121,0.202000009594485
5.5117560653016,0.00615384592674673,1.45396666275337,0.0276600490324199,0.0224341009743512,0.00449690828099847,3.68685895664385,0.0226471130445134,0.136094673653133,0.00110558315645903,0,0.00936329597607255,16.2536646316294,0.0134656270383857,2.55025122896768,0.00247320695780218,10.3926174980588,0.00959232624154538,0.217898840783164,0.0376470591872931,0.052364866132848,0.00516351114492863,0.0628571421839297,0.0129078521858901,0.00129870127420872,0.00119545729830861,0.0214030912611634,0.0038071065209806,3.62021450931206,0.012067578791175,0.222831046674401,0.0224280839320272,0.151154135644902,0.0398718407377601,0.0105105107650161,0.00166805670596659,0.413994151167572,0,0.290704239159822,0.00951877317856997,0.270758121041581,0.00175746926106513,0.0204778154147789,0,0.0156046813353896,0.000939849647693336,0.0332369934767485,0.00205549848033115,0.0256288560340181,0,0.0685987802571617,0,0.010297482367605,0,0.0209863594500348,0.0346932210959494,4.42131745090592,0.00374795030802488,0.137879915884696,0.000702987716067582,0.695166076358873,0,1.728746896144,0.00302114803344011,0.114464105572551,0,0.0765666911902372,0.00589022727217525,0.213408873416483,0.0221130216959864,0.576309819007292,0.107202675193548,2.41597339021973,0.0109709275420755,0.43760684132576,0.00346020772121847,0.654486861778423,0.0493150687543675,0.327601811499335,0.00527704472187907,1.99931760784239,0.00219599227420986,4.61865632911213,0.0019102196674794,0.473814497352578,0,0.263722392963246,0,0.0557963162427768,0,0.0534653482027352,0.0890609889756888
0.0270270275650546,4.45588947832584,0.0657834643498063,1.42432487849146,0.00288878189167008,0.0877954663010314,0.0146493315696716,3.89649716555141,0.00201612897217274,0.0380408950150013,0.00936329597607255,0,0.0064102565520443,7.42362024518661,0,0.487500009534415,0.0192122953012586,6.18999565945705,0.656840752344579,1.3055980973877,0.0216508787125349,0.037087913020514,0.0843437016010284,0.129743758589029,0.0152671749237925,0.0101677677594125,0.00708502042107284,0.0299465246498585,0.035099794215057,10.3647481024964,0.219806765613612,0.368443485349417,0.404026861535385,0.340960370318498,0.0504305033246055,0.0442062952788547,0.0268790441332385,0.0776699045673013,0.0599323341157287,0.0219679637812078,0.00570613425225019,0.0153631280409172,0.00992555823177099,0.0133614624501206,0.0130718952859752,0.0132122216746211,0.0111038532340899,0.0068471833365038,0,0.00565656583057716,0.00295930949505419,0.00130761682521552,0,0,0.00444021570729092,0.0469621364027262,0.0325760820414871,0.910804314014968,0.0247326208045706,0.0344058622140437,0.0185907044215128,0.137959865096491,0.0128810651949607,0.225016996904742,0.00361010828055441,0.0391872277250513,0.131058021448553,0.182675605639815,0.221393034851644,0.607700342312455,0.191219512373209,2.59856117883464,0.039103482151404,4.49787426920375,0.0177595623536035,0.444137944374233,0.219025520142168,0.576687103137374,0.0100071482593194,0.387141856248491,0.00434108509216458,0.413512827013619,0.0033855268266052,0.154941371874884,0.00504959438694641,0.14051058649784,0,0.0442869786638767,0.00551931763766333,0.0404087312927004,0.575153360841796,0.11303692299407
2.73403852066258,0.00461893749888986,4.29888477863278,0.127703753532842,0.0824943134794012,0.0604878067388199,17.4822836266831,0.0900793072360102,1.90288007404888,0.0244766499381512,16.2536646316294,0.0064102565520443,0,0.0271976680960506,14.3664500399027,0.0102095651673153,2.32684824848548,0.00414078659377992,0.237205914803781,0.044017793959938,0.0403225800255314,0.00406834820751101,0.656797327974346,0.182129750261083,0.0437235557474196,0.0181879419833422,0.0691739417961799,0.0111420610919595,6.57318311138079,0.0243257536785677,1.03671829320956,0.129070814698935,0.18081366084516,0.0263093790854327,0.0114155252231285,0.00721442874055356,0.316174020059407,0,0.26831651548855,0.0100407907739282,0.120632275938988,0.000821692694444209,0.0411736863898113,0.000520020781550556,0.0111018598545343,0,0.0511811021715403,0.00569395010825247,0.0276226848363876,0,0.0794937712198589,0,0.0256241780589335,0,0.040433214046061,0.0340213198796846,1.31545521412045,0.00143755611497909,0.0856284441542812,0.00048297512694262,0.404427035187837,0.00176782562630251,0.820174113148823,0.00304259627591819,0.072094467934221,0.000532197998836637,0.0526218275190331,0.00516795855946839,0.115992971230298,0.0170998639077879,1.51376151829027,0.193715586618055,2.91706998599693,0.0141070862300694,0.473641509655863,0.0130505710840225,0.850807766197249,0.0326818325556815,0.110787172743585,0.00164406083058566,0.820913169154665,0,3.05497777415439,0.00117994099855423,0.431342614232562,0.000990916625596583,0.379729272564873,0.00245398771949112,0.0966319162398577,0.000376789743313566,0.0268863838282414,0.0850150302867405
0.0224989959970117,0.893442623782903,0.254344395012595,2.16437851707451,0.00144770182669163,0.117433854960836,0.0806897673755884,6.93576252087951,0.00149812735617161,0.062387952231802,0.0134656270383857,7.42362024518661,0.0271976680960506,0,0.000593824253883213,0.298297121422365,0.0093930633738637,0.622512229601853,0.906225408834871,1.49431101774098,0.0147874308750033,0.0177404295536689,0.597321431909222,1.08516846754355,0.00793650804553181,0.00753863540012389,0.00450788880698383,0.0226917055551894,0.0256124729057774,8.70975151692983,0.707886423217133,1.49521605321206,0.43044190609362,0.274478762876242,0.0173010386060923,0.0137677832390182,0.0289424858638085,0.0458849252318032,0.0471869314787909,0.0139324273914099,0.000957854383159429,0.00377714820206165,0.00511508958879858,0.0124645893229172,0.00121691508684307,0.00257400260306895,0.0106723583303392,0.0117978969938122,0,0,0.00126555579481646,0.00160213618073612,0,0,0.00520968984346837,0.0263865151209757,0.0160687593161128,0.353210139612202,0.00815660721855238,0.0130718952277675,0.00696344196330756,0.0571799874305725,0.00199004978640005,0.138368251558859,0.00137835973873734,0.0191748978104442,0.0543200169922784,0.0534464459633455,0.0819883794756606,0.174079750548117,0.141081872396171,3.52652465493884,0.0402443413622677,1.3371387423249,0.0167441864032298,0.162921349983662,0.264695532154292,0.387165772437584,0,0.103920640540309,0.00255689083132893,0.174778279964812,0.00327976391417906,0.0780741730704904,0.0022468302922789,0.0731834792532027,0.000779727124609053,0.0169836959685199,0.00385273969732225,0.0144230771111324,0.266331655438989,0.139095883350819
0.418573935865425,0.000899685139302164,0.483369343564846,0.0190892815589905,1.39287251641508,0.0799999994924292,1.5739541570656,0.00809034216217697,15.1323789650341,0.0101910824887455,2.55025122896768,0,14.3664500399027,0.000593824253883213,0,0.010094212484546,1.12167951674201,0.00228050176519901,0.0177883193828166,0.00568020448554307,0.594219639897346,0.0163934419397265,0.21107265324099,0.0491754116956145,0.249280923744664,0.05047318758443,1.00000002444722,0.0810556071810424,8.45725131419022,0.00725593697279692,0.369883043691516,0.0646900269202888,0.0482673259684816,0.0053651268244721,0.0106496270745993,0.00343839533161372,0.460858031874523,0.00346020772121847,0.154243859520648,0.00246204348513857,1.70012097479776,0.00118764850776643,0.048331415746361,0.00129198969807476,0.0182264278410003,0,0.0337960161268711,0.00115440110675991,0.0233697697403841,0,0.0784768984885886,0,0.0226678291801363,0,0.0810572707559913,0.0054659740999341,0.26270841009682,0.00207684322958812,0.0511713921441697,0.000589796516578645,0.0864231906598434,0.00151285924948752,0.131731885485351,0.00125234818551689,0.0583468386903405,0.000664893595967442,0.0301269642659463,0.00280308339279145,0.0277777784503996,0.0027598895248957,2.31103395810351,0.0470688909990713,1.90804601821583,0.0042211904656142,0.269230775185861,0.00352526432834566,0.256751134176739,0.0168705184478313,0.116293150931597,0.00118835410103202,0.628127695759758,0.0009548818343319,8.13001893518958,0.00454545440152287,0.38019664742751,0,2.1557954379241,0.00159362552221864,0.293062758632004,0.000438788934843615,0.00642673519905657,0.0253324885852635
0.00829332150169648,0.136931307351915,0.0501285345526412,0.434181949822232,0.0295732999802567,6.47228091076249,0.0153016863623634,0.490035155555233,0.0492524174042046,6.99707459378988,0.00247320695780218,0.487500009534415,0.0102095651673153,0.298297121422365,0.010094212484546,0,0.0126475549768656,0.26526788121555,0.0955731496214867,0.165776907233521,0.393665175419301,0.855670144432224,0.243388828355819,0.343314564088359,0.338041424925905,0.72928664367646,0.32127096503973,2.01851848280057,0.0463078856701031,8.50097705569351,0.521268915210385,1.508159403631,0.142507641867269,0.069554963381961,0.0668058469891548,0.0874929937999696,0.0200086997938342,0.589787223434541,0.0220432387432083,0.454949508944992,0,0.377468051738106,0.0848036401439458,0.101467770233285,0.0318228977266699,0.0353982299566269,0.0692124131601304,0.140451046521775,0,0.0115732364356518,0.00230149598792195,0.00537473877193406,0,0.000842105248011649,0.00232355506159365,0.243981595907826,0.0157384983322117,0.0873686355771497,0.0231566110160202,0.024496938334778,0.0137931041535921,0.0290827734279446,0.00763650226872414,0.035272276669275,0.00239425379550084,0.0387393309501931,0.133617929939646,0.274137525353581,0.0614359711180441,0.161844488698989,0.731623937841505,2.58610521664377,0.0293255131691694,2.37474026368,0.0250855181366205,0.413793101906776,0.241308798140381,0.760481520323083,0.00592066324315965,0.0453224857337773,0.00568990071769804,0.137213152192999,0.00603090832009912,1.84017926640809,0.00548414746299386,0.0875912391347811,0.00184416782576591,0.799058104865253,0.00140318053308874,0.0617928615538403,0.424090333981439,0.105132966418751
3.57860031985911,0.0364014547085389,0.289330036030151,0.01535335322842,0.00925390422344208,0.00927536189556122,0.261685898643918,0.010125632659765,0.119804406305775,0,10.3926174980588,0.0192122953012586,2.32684824848548,0.0093930633738637,1.12167951674201,0.0126475549768656,0,0.0974889235803857,0.108186079887673,0.0397124263690785,0.0389380529522896,0.00361010828055441,0.0214741731178947,0.00365630723536015,0.0080753699876368,0.00370599143207073,0.0135135132586583,0.0065703020663932,3.25488668872276,0.10032894811593,0.0589887646492571,0.0160240363329649,0.551671739201993,0.175680575659499,0.522691700374708,0.773799149203114,0.738109571859241,0.0724299042485654,0.223126083612442,0.0315732156159356,0.277039845939726,0.02214022167027,0.140472880797461,0.0112179488642141,0.118064805457834,0.00385728059336543,0.076639648526907,0.0125654451549053,0.148075988516212,0.00564174901228398,0.5055300751701,0.00221320538548753,0.0578512380598113,0,0.0855614966712892,0.0313828038051724,6.82306615851121,0.0626334511907771,1.02269285265356,0.0279469726374373,1.88684300950263,0.0371819958090782,3.38313996582292,0.0416345401899889,0.902569582220167,0.024916942929849,0.778354333306197,0.224395546654705,0.256782944779843,0.170266828732565,0.399529957212508,0.086355788516812,1.80674670031294,0.0361786335706711,0.474910393822938,0.0290381126105785,1.59601557045244,0.977978524751961,2.91341573139653,0.0258541093207896,8.66388582013315,0.0607411566306837,5.51166274468414,0.0294117664452642,1.09447761706542,0.02040382521227,0.463749164482579,0.0157068064436316,0.194612425519153,0.00454775139223784,0.0794979059137404,0.0449438220821321
0.0490450360812247,3.66352885705419,0.0203374158591032,0.313161231460981,0.00197433377616107,0.0840751692885533,0.00406654336256906,0.363410297955852,0,0.0399610139429569,0.00959232624154538,6.18999565945705,0.00414078659377992,0.622512229601853,0.00228050176519901,0.26526788121555,0.0974889235803857,0,0.28469054895686,0.60534492903389,0.0350385409547016,0.0498220644658431,0.043280788930133,0.0441952524706721,0.010095345438458,0.00730688951443881,0.0135064929490909,0.0428807039279491,0.135201405209955,16.1509714488639,0.0682285244693048,0.148212729254737,0.90064869512571,0.460026227636263,0.238730148877949,0.196948688942939,0.0306435150559992,0.210054752300493,0.0297324091661721,0.0590440495871007,0.00296076969243586,0.0506879074964672,0.0195398674113676,0.0451127806445584,0.0172549017006531,0.0497680294211023,0.019262702902779,0.0234029086423106,0.000851063814479858,0.0288778886897489,0.0174825169960968,0.00465425517177209,0.00100452033802867,0,0.00580270774662495,0.0905840280465782,0.113542796520051,4.00443249731325,0.115606936160475,0.14183937467169,0.0998782019596547,0.35027764737606,0.033362599555403,4.14320292358752,0.0212471132981591,0.144916818011552,0.728360970446374,0.817999040416908,0.559085147688165,1.96793168154545,0.228114064782858,1.59488697932102,0.0439882697537541,5.31945798284141,0.0141542812343687,0.443173708627,0.359315586509183,0.828820139693562,0.0222551927436143,11.0681163260015,0.0327662243507802,4.49974287708756,0.0138408308848739,0.290971326176077,0.0251183118671179,0.487804878503084,0.00328227574937046,0.0888083389727399,0.00457433302653953,0.0963572249747813,0.711891461862251,0.0532915347721428
2.49247441068292,0.401637677190593,9.72144382042461,2.08010245920741,0.0252890167757869,0.0709117199294269,0.668075419671368,1.49246706147096,0.0164485981222242,0.0458124540746212,0.217898840783164,0.656840752344579,0.237205914803781,0.906225408834871,0.0177883193828166,0.0955731496214867,0.108186079887673,0.28469054895686,0,9.45757618476637,0.0525587830343284,0.0353982294909656,5.8216274989536,0.886592456197832,0.045940593467094,0.0150489085353911,0.0254968119552359,0.0343615775927901,0.305254377191886,0.66666665795492,4.51275597210042,2.12714099750156,22.3977113571018,7.4464945551008,0.489425981417298,0.117216117680073,0.19407407368999,0.044347511662636,0.218115949595813,0.0403337974566966,0.0611562356352806,0.0207253884291276,0.00357598986010998,0.0107496459386311,0.00121506687719375,0.00449726940132678,0.0277111653704196,0.0107581961201504,0.000646830536425114,0.00189513573423028,0.0113780021492857,0.000533333339262754,0,0,0.0306971919490024,0.0502684236271307,0.682098203280475,0.158355540595949,0.195492804050446,0.0104438641574234,0.08196721697459,0.0194615637883544,0.0350993383326568,0.053949901368469,0.00756793917389587,0.00580214662477374,1.07589464541525,0.204237285710406,11.0151469352422,3.82625325955451,1.75191542808898,2.49495669855969,0.656384508765768,0.841880337568,0.109512760071084,0.371788878343068,1.01405480521498,1.79928827099502,0.0105263156583533,0.0320452400483191,0.0311542403069325,0.0713051008642651,0.0360183368320577,0.0630074677756056,0.023091726237908,0.0282033421390224,0.00466926069930196,0.0298406251240522,0.0166773578384891,0.0112067243317142,0.948370899772272,0.258671959745698
0.256090434937505,2.26624273171183,0.377611655421788,9.77386034879601,0.00274348421953619,0.0879120901226997,0.0647619020892307,2.95245397501276,0.000708466162905097,0.0333106732578017,0.0376470591872931,1.3055980973877,0.044017793959938,1.49431101774098,0.00568020448554307,0.165776907233521,0.0397124263690785,0.60534492903389,9.45757618476637,0,0.0535174794495106,0.0610021804459393,0.487804883450735,1.74604801461101,0.0134680137271062,0.0128296511247754,0.0113676730543375,0.0479881893261336,0.0913217623019591,1.13180434703827,0.904604235256556,1.04082913458114,2.33150035212748,2.11364783381578,0.0584178501740098,0.0231560898246244,0.142556181235705,0.0676095226081088,0.211141679727007,0.042989416688215,0.0142793394625187,0.0308234267868102,0.00984494225122035,0.00597339123487473,0.00348837208002806,0.00429316161898896,0.0358882342698053,0.0187561708735302,0,0.00120700057595968,0.00326930941082537,0.00153925095219165,0,0,0.035571142740082,0.0796043328300584,0.142415984999388,0.655683106102515,0.0610806556069292,0.0271493227919564,0.0325826539192349,0.0978025423828512,0.0227272727061063,0.15445649670437,0.00261865789070725,0.0244784415699542,0.287351937033236,0.170501234097173,2.80898179917131,3.4907643198967,0.520595354959369,3.04445977014257,0.190735692158341,1.57036529661855,0.0451584877446294,0.541721293702722,0.748831026663538,1.86883024591953,0.00714924046769738,0.0881057290825993,0.014271653490141,0.174204353243113,0.00874453503638506,0.110319178900681,0.00939849618589506,0.0848608251544647,0.0022075055167079,0.0652244095108472,0.0207253891858272,0.0248785223811865,1.06952871987596,0.289935368811712
0.0628742526168935,0.0197409000247717,0.0256859306246042,0.0470588228199631,0.104888890055008,1.89116854453459,0.0164116214145906,0.0300274903711397,0.125968991778791,0.260642927605659,0.052364866132848,0.0216508787125349,0.0403225800255314,0.0147874308750033,0.594219639897346,0.393665175419301,0.0389380529522896,0.0350385409547016,0.0525587830343284,0.0535174794495106,0,4.28968278737739,0.23152708687121,0.0553730652318336,4.11111116758548,1.44039413193241,2.125,3.89760339236818,1.36335719469935,0.205689280293882,3.17232380853966,1.13567837979645,0.0493096653372049,0.0195258019957691,0.00890207709744573,0.00739371543750167,0.633869441226125,0.0992779777152464,0.200537148863077,0.102189777768217,5.97333347797394,0.0541666694916785,0.00792253506369889,0.00739957706537098,0.00363856879994273,0.00136054423637688,0.00568720372393727,0.0132684654090554,0.00138026219792664,0.00262639531865716,0.00515630049631,0.000949216890148818,0,0,0.0645161290303804,0.0570264761336148,0.0290791585575789,0.0116311268066056,0.0049019610742107,0.000914494739845395,0.0100713386200368,0.00555555569007993,0.0145243282895535,0.00402010045945644,0.00632911408320069,0.00221729488112032,0.016845774196554,0.0246993829496205,0.0315068501513451,0.0536082494072616,7.16757736925501,2.14474847540259,0.749345000018366,0.250643779756501,0.3515625,0.381526090204716,0.483790540136397,0.243359039537609,0.0223713647574186,0.00417536543682218,0.0563132427632809,0.00871021766215563,2.66902902245056,0.254874647478573,0.0792510362225585,0.00926603269181214,0.655879154801369,0.202143957372755,0.0969017773750238,0.00954084657132626,0.352272737771273,1.46666665095836
0.00843881850596517,0.0260869560297579,0.00881316082086414,0.052590062841773,0.0525838620960712,4.59690626291558,0.00534878543112427,0.0318674305162858,0.0910891117528081,0.503100077621639,0.00516351114492863,0.037087913020514,0.00406834820751101,0.0177404295536689,0.0163934419397265,0.855670144432224,0.00361010828055441,0.0498220644658431,0.0353982294909656,0.0610021804459393,4.28968278737739,0,0.0730496430769563,0.0303461365401745,0.960465112701058,1.160120844841,0.758483032695949,9.98214330337942,0.0579710155725479,0.290143967838958,1.33245035330765,1.36980307940394,0.0408773685339838,0.0169093476142734,0.0306748459115624,0.026974952314049,0.0444444433087483,0.994475155603141,0.0420091317500919,5.00247743155342,0.00467289704829454,5.56768567766994,0.0124444445827976,0.019251337274909,0.00245851255021989,0.00414364656899124,0.0124521069810726,0.0294774456415325,0,0.00133244507014751,0.000649139867164195,0,0,0,0.00275355664780363,0.360871352313552,0.00758396531455219,0.0156032328959554,0.00396432122215629,0.00646651274291798,0.0025412961258553,0.0126939355395734,0.00147601473145187,0.00609756074845791,0,0.0101010105572641,0.0309850909980014,0.0484451709780842,0.0305980532430112,0.0590717270970345,3.80111520003993,5.64356449933257,0.0837043654173613,0.482939641457051,0.1469387691468,1.30672275600955,0.333615573006682,0.770305699319579,0.00941176433116198,0.0131291029974818,0.00355397607199848,0.0148498147027567,0.0100791933946311,0.516265922342427,0.00306278714560904,0.025006128649693,0,0.998442335985601,0.00531208515167236,0.0420168053824455,9.07272698543966,1.02549573685974
0.0629420097102411,0.0431810016743839,6.5656564082019,2.62269996383111,1.11653585644672,1.2446900914656,1.52644691674504,1.97189486079151,0.454599745862652,0.554946636548266,0.0628571421839297,0.0843437016010284,0.656797327974346,0.597321431909222,0.21107265324099,0.243388828355819,0.0214741731178947,0.043280788930133,5.8216274989536,0.487804883450735,0.23152708687121,0.0730496430769563,0,8.9813358525862,2.36272663308773,0.423896723194048,0.907784447306767,0.29189858911559,0.561592496407684,0.725868712179363,11.122661200352,5.6052844383521,4.83885828027269,0.314304893778171,0.267558521591127,0.0546027312520891,0.056922622025013,0.032126167207025,0.0337896900018677,0.0202874054666609,0.0057845264673233,0.00858369120396674,0.00653879687888548,0.00332699617138132,0.00302648171782494,0.001584785990417,0.00451875268481672,0.00917631629272364,0.00106241705361754,0.00104193796869367,0.00553607678739354,0.000452181790024042,0,0,0.00487048941431567,0.0146719762415159,0.0361525711196009,0.0222709629451856,0.0335169878380839,0.00266489008208737,0.00893807204556651,0.00532481353729963,0.00758191174827516,0.00975383169134147,0.00279329600743949,0.00242718451772816,0.174683099845424,0.0252178752562031,0.221927966515068,0.0900791198946536,0.666080849943683,2.83154535898939,0.265819128835574,0.216029884293675,0.0608203689334914,0.0490405128803104,0.490480240492616,0.253804198466241,0.00941006187349558,0.00429338088724762,0.0130747439106926,0.0173552159103565,0.0445398445590399,0.0357142865541391,0.00868432485731319,0.00779180336394347,0.017267961287871,0.0265046926215291,0.00560747663257644,0.00493827153695747,0.0584707661764696,0.246005196240731
0.0222446920815855,0.0379616257268935,1.30590337445028,13.3955805576697,0.0952380971284583,3.42186358710751,0.387307818979025,2.84433226380497,0.112248766934499,0.648766325670294,0.0129078521858901,0.129743758589029,0.182129750261083,1.08516846754355,0.0491754116956145,0.343314564088359,0.00365630723536015,0.0441952524706721,0.886592456197832,1.74604801461101,0.0553730652318336,0.0303461365401745,8.9813358525862,0,0.246079610777088,0.850381682161242,0.073031572625041,0.0951248500496149,0.138803037581965,0.9979610167793,2.69684423168655,3.31821222428698,0.582989240298048,0.0937167182564735,0.0482667828327976,0.00652376527432352,0.0308039068477228,0.020641356240958,0.0477590001537465,0.011275545693934,0.000973235990386456,0.00191846524830908,0.00257931387750432,0.00571918790228665,0.00184388441266492,0.00195121957222,0.00646029599010944,0.00982928136363626,0,0.00191815855214372,0.000424808822572231,0,0,0,0.00315291644074023,0.00640394107904285,0.00601616827771068,0.0199386498425156,0.00384087790735066,0,0.00100300903432071,0.00197044329252094,0.000670690787956119,0.0100139079149812,0.00139421399217099,0.00410677603213117,0.024167988129193,0.0183682180941105,0.0319738985854201,0.0248543694615364,0.298187201551627,3.31482847209554,0.0850909069413319,0.287364628398791,0.0311761921620928,0.0561103201471269,0.375356123433448,0.207070706877857,0,0.00575815723277628,0.00257864885497838,0.0174291944131255,0.00596816965844482,0.0539296293864027,0.00193610839778557,0.00665965632651933,0.00157977885100991,0.022672620951198,0.0021556370484177,0.00362976404721849,0.101175266783684,0.2868686998263
