0,0.0246116599882953,4.98994297755416,0.0305913066258654,0.0125274038873613,0.00315556972054765,5.16109707090072,0.0207657366991043,0.0222504761768505,0.00122624158393592,6.54635344818234,0.00971706223208457,3.84919116308447,0.00889987649861723,0.52020614274079,0.00320170749910176,3.50431028445018,0.00816088623832911,2.06782944966108,0.116820161609212,0.0814678879687563,0.0110334684723057,0.0918727922253311,0.0169368500064593,0.00133913627360016,0.000636132317595184,0.0108280256390572,0.00132187712006271,4.13326407491695,0.0152270942926407,0.391181475482881,0.0230614002794027,1.09491707006237,0.245873375388328,0.0551626601954922,0.0138181814691052,1.08226462150924,0.0043681746465154,0.395570586260874,0.0108925870154053,1.06777104455978,0,0.0113105476484634,0,0.00837988802231848,0.000562271568924189,0.0607582250377163,0.00336376743507572,0.0107985220965929,0,0.0356046666274779,0,0.00687499984633178,0,0.0847376021556556,0.0210329519177321,13.7303833776969,0.0161538461688906,0.59959657228319,0,1.93504353036406,0.00174266629619524,1.02850498957559,0.00457782304147258,0.0917266207979992,0.00159659399650991,0.440078601241112,0.0292214576620609,6.69009591109352,0.104926423868164,1.54770759039093,0.071473355172202,5.89056594378781,0.0209876552689821,0.850922492682002,0.014126394118648,1.13347524078563,0.0517031626077369,0.0703479551011696,0.00149981246795505,0.642753254331183,0.00125733445747755,0.885831344814505,0.00174114917172119,0.696401912136935,0.000352609320543706,0.143756205507088,0.000594707089476287,0.106180004775524,0.000393468420952559,0.0442374860867858,0.142912624403834
0.0246116599882953,0,0.0163151613960508,3.78404805122409,0,0.039052497362718,0.00469011720269918,3.31688192626461,0.000644953222945333,0.0186509167542681,0.00752115296199918,7.88998281850945,0.00144265449489467,1.59750007587718,0.00164744647918269,0.103699699044228,0.0231033398886211,3.46190208743792,0.293411715130787,2.36020585615188,0.0208955225534737,0.0718025453388691,0.0249832700937986,0.0415851268917322,0.000679809658322483,0.0025814778637141,0.00258481432683766,0.0147601480130106,0.0503672584891319,1.98565353808226,0.0778700290247798,0.14135513571091,0.301233283942565,1.28450428310316,0.0632411078549922,0.0251386316958815,0.0418781717307866,0.477848104492296,0.0255770424264483,0.0288343557040207,0.00919188070110977,0.00993124552769586,0.00646444526501,0.0163072068244219,0.00678925006650388,0.0176537592778914,0.0162519048899412,0.0111731845245231,0.00115141051355749,0.00574547564610839,0.00660883914679289,0.00502891605719924,0.000633914431091398,0,0.0126551468856633,0.0562116192013491,0.0896262422611471,8.43026166563504,0.0923233877401799,0.0503330847714096,0.0413891522912309,0.298999396851286,0.00589448842220008,1.16182147699874,0.00607718015089631,0.116347965784371,0.227155606029555,0.289928351063281,0.559740996861365,2.02661466528662,0.261388616636395,0.763751985214185,0.0267942580394447,1.91111116239335,0.0262664165347815,0.381096399854869,0.327373605163302,1.16003697080305,0.0046171605354175,0.221967970195692,0.00833129143575206,0.762428596557584,0.00177988735958934,0.0764481036458164,0.00601403281325474,0.225697536079679,0.00268997973762453,0.0313441830221564,0.0100481472909451,0.0393013111897744,0.693522915593348,0.0703557298984379
4.98994297755416,0.0163151613960508,0,0.886924523161724,5.15021465253085,0.586781976744533,19.1748857600032,0.509225112473359,0.498911333386786,0.182527767494321,1.67745840037242,0.0207399113569409,4.73859107645694,0.0617404001823161,1.48615545826033,0.0733560358639807,0.371419956441969,0.00457142852246761,12.076245294651,0.247437430021819,0.166070146020502,0.0480631279642694,7.35958239692263,1.53403145491029,0.496073303511366,0.336756925913505,0.469305081758648,0.177705984970089,2.76413662033156,0.0742650870233774,9.41003576031653,0.511588490335271,7.38547731086146,0.345445735147223,0.191922677331604,0.0120610149460845,0.49112062365748,0.00671960925683379,0.25481928238878,0.00355660950299352,0.374311917694286,0.00292825768701732,0.0125725342077203,0.00153217575279996,0.0279528645914979,0.00165471585933119,0.0424481761874631,0.00330891032353975,0.00780379062052816,0,0.041969328885898,0,0.00611807918176055,0,0.0473596970550716,0.0105795765121002,1.28256816603243,0.00910988822579384,0.612143769103568,0.00143988479976542,0.129689669702202,0.00227790442295372,0.0570287986192852,0.00499875051900744,0.0440528645412996,0.00104520516470075,0.789687953365501,0.0292181069380604,2.09510259301169,0.0813771539833397,4.18683650391176,0.275544642878231,3.06001841387479,0.0586279860581271,0.447643050691113,0.0144980067852885,0.936271571321413,0.0619600820355117,0.0176925910636783,0,0.117282481282018,0.00330510223284364,0.392539441119879,0.00568990071769804,0.0822950820438564,0.001393485465087,0.0952072514919564,0.00466200476512313,0.0421181748097297,0.000776397529989481,0.0302343163639307,0.130105895455927
0.0305913066258654,3.78404805122409,0.886924523161724,0,0.0551801815163344,2.12981862336164,0.360840918438043,15.8617205554037,0.0348074189387262,0.773819374095183,0.00500695395749062,1.71850696293404,0.0911680930294096,2.98319717933191,0.0420168045093305,0.561967383662704,0.00887163821607828,0.16886543482542,1.79719190485775,9.51661068212707,0.213359273620881,0.174788825213909,2.3196235683281,15.6046308465302,0.0818888249341398,0.389951482822653,0.0434409840963781,0.15302805887768,0.0858633769094013,1.52495197381359,4.46394682256505,4.13009394484106,0.403321466001216,2.19873243963229,0.0476937561761588,0.0122225796221755,0.082114738994278,0.167227841448039,0.0825484758825041,0.0283842799253762,0.0298507467960007,0.0086035737185739,0.00768187956418842,0.0171184027567506,0.0050774309784174,0.00766087876399979,0.0262551812629681,0.0185799599275924,0.00257864885497838,0.00102960108779371,0.00533740007085726,0.000913033552933484,0.00056195561774075,0,0.027919344662223,0.0375161719566677,0.0382436255458742,0.388918855489464,0.021271675825119,0.0134619695018046,0.00694444449618459,0.0804839562624693,0.00158019497757778,0.209275227301987,0.00324763194657862,0.0276900659955572,0.0976325906813145,0.0916504873894155,0.315623357892036,0.519368704990484,0.517424006015062,3.5052128334064,0.0762927348841913,1.78660744335502,0.11860540881753,0.467038381379098,0.76864035660401,1.06169459503144,0.00199800194241107,0.0376734979217872,0.00668896303977817,0.183200158935506,0.00741721817757934,0.0625492798280902,0.00375586864538491,0.0643342718831263,0.00414446427021176,0.0354648053180426,0.0216174488887191,0.0106578461709432,0.79564031586051,0.44989776564762
0.0125274038873613,0,5.15021465253085,0.0551801815163344,0,0.904411782394163,0.283880179049447,0.0169919637264684,10.00149621116,0.140399176860228,0.0168184996582568,0.00118343194480985,0.308141960646026,0,4.97337584383786,0.106240332825109,0.027797082439065,0,0.00517464440781623,0.00345274060964584,0.364628826733679,0.142857149476185,1.05332845682278,0.152323578775395,4.98641776037402,1.13258428126574,8.43425995786674,1.5891536710551,1.0458984375,0.0540000025648624,7.23076941259205,0.35542169411201,0.0429897410795093,0.00266666669631377,0.00392541708424687,0.00425079697743058,0.0504322751658037,0.0100286536617205,0.00554785039275885,0.00133689842186868,0.172373076668009,0.00234192027710378,0.0079716561594978,0.000981354271061718,0.00564652727916837,0,0.00919963174965233,0.00169995753094554,0.00116959062870592,0,0.00714749842882156,0,0.0100647018989548,0,0.0110874196980149,0.00161943316925317,0.0126436781138182,0.000589796516578645,0.00927213695831597,0.00174748804420233,0.0147540983743966,0.00122399022802711,0.00491098826751113,0,0.00785854621790349,0,0.0073148428928107,0.00134138157591224,0.00611995114013553,0.00151860283222049,2.54686388361733,0.0695148445665836,0.299051790498197,0.023759608506225,0,0.00681044301018119,0.0202702707611024,0.0148749151267111,0.0023952096235007,0,0.0630125161260366,0,0.472930942196399,0.0207697013393044,0.0378967309370637,0.000517732347361743,0.147107438067906,0.0051480052061379,0.0311981426784769,0,0.0104166669771075,0.00261096609756351
0.00315556972054765,0.039052497362718,0.586781976744533,2.12981862336164,0.904411782394163,0,0.234337638830766,1.01824055949692,0.482863686047494,25.1266625483986,0.00855310074985027,0.0600240076892078,0.145086458651349,0.0813743239268661,0.317152091301978,7.65013049531262,0.0113074202090502,0.0500625791028142,0.0461873651947826,0.0601831659441814,4.26457420550287,13.625282490626,0.552875691500958,1.68260873149848,5.73483535728883,23.7559122466482,4.21423110226169,23.7686505841557,0.265810287324712,2.09514175308868,5.496774406638,5.72127164807171,0.0850222397129983,0.0494159938534722,0.0201005022972822,0.0392584498040378,0.0263929618522525,0.908163298503496,0.023977433796972,1.58967394265346,0.0218712037894875,1.26024098997004,0.0241718884790316,0.0427010921994224,0.0103033769410104,0.0313225047430024,0.0474418614758179,0.0704164897324517,0.00118623964954168,0,0.00130975770298392,0.00182731845416129,0.00292611564509571,0,0.00603188277455047,0.57808665552875,0.0104166667442769,0.0338580355164595,0.00468823243863881,0.00264900655020028,0.00496688741259277,0.0198757760226727,0.00124610587954521,0.0123868507216685,0.00798403169028461,0.00727272697258741,0.0448265267186798,0.0655848530586809,0.0260869560297579,0.0587780335918069,1.66738345683552,4.62490802071989,0.135115074459463,1.2807391914539,0.157354613766074,0.746791139245033,0.207417587633245,0.668041224125773,0.00493218237534165,0.00719424476847053,0.0148277365369722,0.0197346030035987,0.0795957008376718,1.11345320940018,0.00809909470262937,0.0270903871860355,0.0303541319444776,0.956862773280591,0.00736032123677433,0.0319999994244426,1.30376343964599,0.25876010209322
5.16109707090072,0.00469011720269918,19.1748857600032,0.360840918438043,0.283880179049447,0.234337638830766,0,0.187543533218559,0.575138258631341,0.0846783604647499,3.12402916833526,0.00398936157580465,12.8226950766984,0.0126532223075628,1.30297869996866,0.0344465459347703,0.377845581824658,0.00180018006358296,0.85236332603381,0.0295777397695929,0.14285713766003,0.0176848865230568,1.7256812780106,0.575592705281451,0.116500005533453,0.112581185647286,0.0549000708851963,0.0316910110414028,3.35852167708799,0.0273745324811898,1.95956931906403,0.189647477236576,0.664612875902094,0.0461356476007495,0.024993491359055,0.00531490833964199,0.356769594247453,0.00237079191720113,0.251876172842458,0.00509495130972937,0.196783859166317,0.000544069625902921,0.0169291337952018,0.000411522632930428,0.00870890507940203,0,0.0472377893165685,0.00231884059030563,0.0101500442251563,0,0.0274576272640843,0,0.0123427487560548,0,0.0495451912283897,0.00793650804553181,0.897810240508988,0.00193143408978358,0.143402287823847,0,0.278221215354279,0,0.168501464941073,0.00202224473468959,0.0423085758229718,0,0.11863017862197,0.00895933830179274,0.362208267382812,0.0149794638273306,2.06130627606763,0.108969786611851,2.77796321548522,0.0216317892191,0.500671499874443,0.00648123119026423,0.860994888003916,0.0190653337049298,0.0185944763943553,0,0.226114036922809,0.000691443390678614,0.476405519293621,0.00583090382860973,0.215502549370285,0.00119670899584889,0.0793650839477777,0.000914076808840036,0.0421593836217653,0,0.0245125354267657,0.096432555525098
0.0207657366991043,3.31688192626461,0.509225112473359,15.8617205554037,0.0169919637264684,1.01824055949692,0.187543533218559,0,0.0111420610919595,2.82866191561334,0.00818553875433281,2.29779017608962,0.0484532228438184,5.93931241991231,0.0123736850218847,1.35193481633905,0.0104308391455561,0.230785984604154,1.35274099075468,2.64107403479284,0.149215335841291,0.122133472294081,1.55184538321919,2.91293682809919,0.0400096405937802,0.15188109347946,0.0190609019482508,0.0950334284570999,0.0486152610974386,2.34681150977849,3.95148929062998,4.36190898471978,0.250298927421682,1.65408922539791,0.038596490107011,0.0158486703876406,0.0582702466053888,0.284863759530708,0.0580104254186153,0.0192522940633353,0.0146673657000065,0.00732026132754982,0.010709504596889,0.013575564196799,0.0046393925731536,0.0144098321907222,0.0229348878201563,0.0199098422308452,0.000427259132266045,0.00213310573599301,0.00198379898210987,0.00115740741603076,0,0,0.0210684719495475,0.046682594838785,0.0266625332296826,0.725872336421162,0.0237909516436048,0.0140684407379013,0.00406579198897816,0.105971768032759,0.0034782609436661,0.452296815812588,0.00133392619318329,0.0451219501846936,0.0812539989710785,0.12195532140322,0.191530941403471,0.363339543779148,0.468792700296035,3.53860295435879,0.0465223387291189,1.47569286683574,0.0821280957316048,0.314641758101061,0.596719854511321,0.668314604932675,0.00420388858765364,0.0647688689641654,0.0037821481237188,0.449612399737816,0.00611620815470815,0.0802951394871343,0.00333657721057534,0.14164472091943,0.00287012674380094,0.0388950284104794,0.0110294119804166,0.0166533220326528,0.437015248520765,0.37409686652245
0.0222504761768505,0.000644953222945333,0.498911333386786,0.0348074189387262,10.00149621116,0.482863686047494,0.575138258631341,0.0111420610919595,0,0.081081080250442,0.0840579739306122,0,3.19846669124672,0.000913659227080643,26.8661920311861,0.0655391111504287,0.0962643674574792,0,0.00264084502123296,0,0.218642118852586,0.12977983430028,0.173652701079845,0.101010102080181,0.723253777017817,0.414596281014383,2.46261674445122,0.386324789607897,2.29285363433883,0.0215053763240576,2.09631388296839,0.208307504653931,0.00500000023748726,0.000907852954696864,0.00205761310644448,0,0.0477255769073963,0.00593031896278262,0.0143369170837104,0.00276052439585328,0.0224999994970858,0,0.014473089016974,0.00100452033802867,0.0104408349143341,0.00117577891796827,0.0263281620573252,0.000867302704136819,0.00962116662412882,0,0.0204552946379408,0,0.0223214289871976,0,0.00957354193087667,0.000825423048809171,0.0320419474155642,0.00119617220479995,0.0132701420225203,0,0.0351023809053004,0,0.0151706705801189,0.000963391154073179,0.0337837846018374,0,0.00618429214227945,0.00272572413086891,0.00126023939810693,0.0015748031437397,2.25510212325025,0.0644677678355947,0.460725075099617,0.013005780056119,0.0608899272046983,0.0167865711264312,0.0572226083604619,0.00558659201487899,0.0253807101398706,0,0.137444937368855,0,0.637179507059045,0.00628930807579309,0.0617964075354394,0.000524108996614814,0.269991410081275,0.00530856009572744,0.0262980455299839,0,0.00832177558913827,0.00834492361173034
0.00122624158393592,0.0186509167542681,0.182527767494321,0.773819374095183,0.140399176860228,25.1266625483986,0.0846783604647499,2.82866191561334,0.081081080250442,0,0.00267379684373736,0.0386583299841732,0.0365259739919566,0.255097613786347,0.0688238288275898,12.0557772517204,0.00663129962049425,0.0295683013973758,0.0326633162330836,0.053646270185709,1.16142134927213,2.37180806533433,0.277618366002571,0.469703287351876,1.06014434248209,5.28347575641237,0.611428564880043,3.93001561798155,0.0699102490907535,1.62300627387594,1.67741928063333,4.12608454562724,0.0245746697764844,0.0353600701200776,0.0147058824077249,0.0178217827342451,0.0178448862861842,0.268941975780763,0.0185307741630822,0.292651752009988,0.0109170307405293,0.348862404469401,0.0163300381973386,0.0370194587158039,0.00760869530495256,0.0165107322391123,0.0213999110274017,0.0388109011691995,0.00112422707024962,0.00111982086673379,0.00190657773055136,0.00262927258154377,0,0,0.00828500429634005,0.0819220170378685,0.0028176952037029,0.0208092480897903,0.00179694523103535,0.00254452927038074,0.00318852136842906,0.0117439811583608,0,0.0109489050228149,0.00375939847435802,0.00792864244431257,0.0244776111794636,0.0517863014247268,0.0152671755058691,0.0360750360414386,0.67607526818756,2.71586215053685,0.0694444461259991,0.893333323765546,0.0639175281394273,0.439999979920685,0.131697869393975,0.403100785799325,0.00221238937228918,0.00647249165922403,0.00502933782991022,0.0277044866234064,0.0334128891117871,0.50996481499169,0.00372873456217349,0.0193285861751065,0.0093823301140219,0.353666043956764,0.00324464635923505,0.0119653006549925,0.394265219802037,0.160479044774547
6.54635344818234,0.00752115296199918,1.67745840037242,0.00500695395749062,0.0168184996582568,0.00855310074985027,3.12402916833526,0.00818553875433281,0.0840579739306122,0.00267379684373736,0,0.00230813608504832,18.0771124335006,0.000877577869687229,1.40239464549813,0.00504540861584246,7.40755711519159,0.00120120123028755,0.20237086788984,0.0110169490217231,0.108446299098432,0.0146904503926635,0.0427226648898795,0.0143641742761247,0.00327600329183042,0.00870827282778919,0.0218340614810586,0.00158730160910636,3.42037304677069,0.00391581002622843,0.139954856596887,0.00939518492668867,0.0488038271432742,0.0261665938887745,0.0131826739525422,0.00609756074845791,0.50314465072006,0.0027797082439065,0.222222213051282,0.00649772584438324,0.501123600639403,0,0.0208604950457811,0.000961076410021633,0.0132304304279387,0,0.0460081182536669,0.00333889806643128,0.0319452378898859,0,0.0410124957561493,0,0.0251046025659889,0,0.0544388603884727,0.00795861531514674,4.21913137333468,0.00291205593384802,0.233636365213897,0,0.66774065059144,0.00357781746424735,1.31100473646075,0,0.114649683237076,0,0.0535499412217177,0.00661157013382763,0.19797256635502,0.0117647061124444,1.01231194334105,0.0351123599102721,3.06506370881107,0.00814111274667084,0.54237288236618,0.00216450216248631,0.626395283499733,0.014454664546065,0.189066067105159,0,1.14830507111037,0.000665335974190384,2.47151516820304,0.0011904762359336,0.388745597127127,0,0.148443735321052,0.00125234818551689,0.0595549744321033,0,0.0221948206890374,0.12608158076182
0.00971706223208457,7.88998281850945,0.0207399113569409,1.71850696293404,0.00118343194480985,0.0600240076892078,0.00398936157580465,2.29779017608962,0,0.0386583299841732,0.00230813608504832,0,0.00222139956895262,8.95594027702464,0.00183150183875114,0.462360803154297,0.00343839533161372,8.85892162797973,0.739809515886009,1.7621045091073,0.037643208517693,0.0871710532810539,0.0462809909367934,0.0958174882689491,0.00808625319041312,0.0134064590092748,0.00366524141281843,0.0223243602085859,0.0271877646446228,13.1509109028266,0.201474197674543,0.526958296773955,0.13514662371017,1.12206571607385,0.0437735848827288,0.0176423415541649,0.0519480505026877,0.415981190744787,0.0331807765178382,0.01775804720819,0.0225498703075573,0.0172413792461157,0.00546021841000766,0.0213310573599301,0.00866634567501023,0.0262901661917567,0.0185483868117444,0.0180518995039165,0,0.00197726138867438,0.00295508274575695,0.00238189764786512,0,0,0.0150886457413435,0.0461095087230206,0.0227152658626437,2.68001070094761,0.0316686974256299,0.0277456648182124,0.0109249821980484,0.21030928613618,0.00310077506583184,1.00699874531711,0.00436442997306585,0.0727272749645635,0.109841087483801,0.206812650430948,0.301030938979238,0.837954389862716,0.209855062887073,2.02133973420132,0.0298151455353945,5.73517576802988,0.0347970180446282,0.685762411914766,0.305711096618325,1.13949584879447,0.0035056967753917,0.400343648390844,0.00228745717322454,0.859590125037357,0.00209095655009151,0.493052004603669,0.00132508834940381,0.157351885922253,0,0.0419354847399518,0.00903886713786051,0.0279329600743949,0.998137814924121,0.212686562212184
3.84919116308447,0.00144265449489467,4.73859107645694,0.0911680930294096,0.308141960646026,0.145086458651349,12.8226950766984,0.0484532228438184,3.19846669124672,0.0365259739919566,18.0771124335006,0.00222139956895262,0,0.00369571906048805,14.4520593485795,0.0237288136850111,2.71673469245434,0.00227876950521022,0.254654660820961,0.0162259621429257,0.239750916953199,0.0197813647100702,0.443967823404819,0.167316339793615,0.0685244420310482,0.0622335899970494,0.0973526869202033,0.0323159792460501,6.77083992096595,0.0172700094990432,0.81678828864824,0.0786222395254299,0.105297575704753,0.02943882253021,0.0187192123848945,0.00102459010668099,0.554397651285399,0.00664727855473757,0.308194041601382,0.00398883130401373,0.307857904816046,0.00214477209374309,0.0513918651267886,0.00131190556567162,0.0258806620258838,0.000724900339264423,0.116169545508455,0.00594530312810093,0.0279309072066098,0,0.0860846219584346,0,0.0324729389394633,0,0.0870083427289501,0.0126400464214385,1.87085281353211,0.00408905043150298,0.210227272531483,0.000606060610152781,0.577224020613357,0,0.842424215748906,0,0.14736012625508,0,0.062907736573834,0.0100175302941352,0.143667293596081,0.0154639177490026,2.43868312274572,0.0593645480112173,3.53820313478354,0.0163800164591521,0.804393284837715,0.0052854121895507,0.883982327766716,0.0273092375136912,0.0920910073909909,0,0.887019263813272,0.00251635618042201,2.49274262745166,0.00453172205016017,0.533919372799573,0,0.3971184156253,0.00467836274765432,0.121272360440344,0,0.0269814496859908,0.151941472431645
0.00889987649861723,1.59750007587718,0.0617404001823161,2.98319717933191,0,0.0813743239268661,0.0126532223075628,5.93931241991231,0.000913659227080643,0.255097613786347,0.000877577869687229,8.95594027702464,0.00369571906048805,0,0.000732600747141987,0.384808315546252,0.00261894363211468,0.913500402821228,1.31693471968174,2.26822351512965,0.0712669714121148,0.0692395039368421,0.318118161987513,0.71284631988965,0.00492610852234066,0.00914494739845395,0.00183234084397554,0.00966650550253689,0.01793103502132,8.80645154113881,1.07787678064778,1.55175161547959,0.102104177000001,0.952933561056852,0.0203099956270307,0.00892359204590321,0.0473214288358577,0.147686831536703,0.0523103750310838,0.013628619723022,0.0153031187364832,0.0105509961722419,0.00707395473727956,0.0089965399238281,0.00304994289763272,0.0130769230891019,0.011235955520533,0.0106084241415374,0,0,0.00101781170815229,0.000652528542559594,0,0,0.0156396621605381,0.0246839253231883,0.0138504157075658,1.07329717220273,0.0119641075143591,0.0108245781157166,0.00364520063158125,0.0659694307250902,0.00403063284466043,0.482016811380163,0.000840689346659929,0.0328454121481627,0.0725865000276826,0.105372973601334,0.175382145098411,0.430613187316339,0.201673278119415,2.75145542621613,0.0260908690397628,3.22996063891333,0.0627495744265616,0.356607025139965,0.426243579364382,0.597168617416173,0.00355660950299352,0.157894734875299,0.00252445577643812,0.355963322508615,0.00162667746189982,0.0618722389917821,0.00157666532322764,0.0733828186639585,0.000969932123553008,0.0199501253664494,0.0119016816024669,0.0121182740258519,0.575308667961508,0.312731764046475
0.52020614274079,0.00164744647918269,1.48615545826033,0.0420168045093305,4.97337584383786,0.317152091301978,1.30297869996866,0.0123736850218847,26.8661920311861,0.0688238288275898,1.40239464549813,0.00183150183875114,14.4520593485795,0.000732600747141987,0,0.0739827373763546,1.06363170966506,0.00189035921357572,0.0248844642192125,0.004268943448551,0.629787214100361,0.146723645972088,0.263927794061601,0.0965223573148251,0.587320552556776,0.223072706256062,1.94739727058914,0.202220917562954,10.1565697123879,0.0408981554210186,3.36032399529358,0.186629523290321,0.0220385668799281,0.00947521900525317,0.0105750169605017,0.00418118457309902,1.04038256022613,0.0137566139455885,0.131198341608979,0.00402010045945644,2.09246826253366,0.00593471806496382,0.107558139134198,0.00157977885100991,0.0503311244538054,0.000892060634214431,0.158170918759424,0.00351246941136196,0.0462794919731095,0,0.120940653607249,0,0.0848806370049715,0,0.293765411304776,0.00337381905410439,0.400603903923184,0.00257400271948427,0.112410410773009,0.00143729790579528,0.250170424231328,0.000939849647693336,0.17145548609551,0.00152846775017679,0.183077674009837,0.000818665546830744,0.0572185402270406,0.00920598395168781,0.0225563915446401,0.00441744877025485,4.98484041541815,0.185600002063438,2.96621980564669,0.0394805178511888,0.308243717299774,0.0130909087602049,0.38601825654041,0.0223010652698576,0.126410831697285,0,1.33973675227026,0.000578536302782595,11.7801050291746,0.0244016897631809,0.648006787523627,0.000459031434729695,2.63615027279593,0.0107421875,0.731109198299237,0,0.0190174332819879,0.0523809531005099
0.00320170749910176,0.103699699044228,0.0733560358639807,0.561967383662704,0.106240332825109,7.65013049531262,0.0344465459347703,1.35193481633905,0.0655391111504287,12.0557772517204,0.00504540861584246,0.462360803154297,0.0237288136850111,0.384808315546252,0.0739827373763546,0,0.0130391174461693,0.261828209040686,0.0828114144969732,0.153203340014443,1.42216180521064,4.26757673243992,0.213194875512272,0.332059752079658,0.968263087677769,1.57777779945172,0.549310739850625,2.75395040400326,0.0983480587601662,12.3138947825064,1.31698771566153,2.19322795822518,0.0299769403645769,0.106238858366851,0.0330368473660201,0.0695187179371715,0.0288214115425944,1.36032809945755,0.0190285431453958,1.22086787316948,0.00427960068918765,1.06600426975638,0.103803765028715,0.152718862518668,0.0447119532618672,0.0894485430326313,0.104800295724999,0.264786797051784,0.00176600436680019,0.00704225338995457,0.00385356438346207,0.00361271668225527,0.00102774926926941,0,0.00689655193127692,0.384132224775385,0.00594795565120876,0.102889005676843,0.0110619468614459,0.0182841065106913,0.00534223718568683,0.038373687537387,0.00183150183875114,0.0507841680664569,0.00384245906025171,0.0175718846730888,0.10166840540478,0.261803780391347,0.0392873467644677,0.125000006170012,1.1094225483248,4.34297502459958,0.0882658397313207,3.6777442060411,0.0892857165308669,1.22423396247905,0.199508595746011,1.6312684948789,0.00575539562851191,0.0169851374812424,0.00835654581896961,0.129050601564813,0.0564292324124835,1.55291969573591,0.0092108016833663,0.109551832487341,0.0317280455492437,1.4604078209959,0.00560538144782186,0.0574562547262758,1.1791383381933,0.142316427081823
3.50431028445018,0.0231033398886211,0.371419956441969,0.00887163821607828,0.027797082439065,0.0113074202090502,0.377845581824658,0.0104308391455561,0.0962643674574792,0.00663129962049425,7.40755711519159,0.00343839533161372,2.71673469245434,0.00261894363211468,1.06363170966506,0.0130391174461693,0,0.0405485979281366,0.075821396894753,0.020236087962985,0.107106081210077,0.0145077726338059,0.0353280454291962,0.00756620411993936,0.012976479716599,0.0100719423498958,0.031746031716466,0.0125786159187555,3.73941997997463,0.055474451452028,0.0829596454277635,0.00699708424508572,0.423406270565465,0.176138828566764,1.41899443091825,0.771084308624268,1.07415105157997,0.0923501024954021,0.125584507593885,0.0116054154932499,0.325942347524688,0.00440044002607465,0.329442275280599,0.0544672723626718,0.596933211199939,0.0876317253569141,0.252131001732778,0.0307308962801471,0.547308785724454,0.00338600459508598,1.13501439907122,0,0.117565701366402,0,0.11750000284519,0.0110891087679192,8.93748194171349,0.0388856648351066,1.7911392855458,0.00767918064957485,2.49539074103814,0.0284191835671663,3.20308802544605,0.0330578510183841,1.28950699931011,0.0119760478846729,1.05215829738881,0.377346053137444,0.17761989729479,0.0991253680549562,0.565807335893624,0.0557103054597974,2.53856940427795,0.0376850599423051,0.514644338283688,0.0235042746644467,1.17133548518177,0.281616683118045,2.58876407146454,0.0219058059155941,5.64080951968208,0.0251822409918532,4.8387486214051,0.0118203309830278,0.894084662431851,0.0102092907764018,0.385770743712783,0.00248601613566279,0.156453712843359,0.000600781000684947,0.0218712037894875,0.0633373963646591
0.00816088623832911,3.46190208743792,0.00457142852246761,0.16886543482542,0,0.0500625791028142,0.00180018006358296,0.230785984604154,0,0.0295683013973758,0.00120120123028755,8.85892162797973,0.00227876950521022,0.913500402821228,0.00189035921357572,0.261828209040686,0.0405485979281366,0,0.0829096604138613,0.248923688312061,0.0467937608482316,0.0923344957409427,0.0162326688878238,0.0226385632413439,0.0098870056681335,0.0114431020338088,0.00382409174926579,0.0206185563001782,0.0831146122072823,20.1215372963343,0.0620233833324164,0.086406740359962,0.179431076685432,0.467041792813689,0.18615751597099,0.125530110672116,0.0258302578004077,0.694002459291369,0.0142857148312032,0.0299884648993611,0.00368663598783314,0.0146520147100091,0.0136217950494029,0.048330404679291,0.0189148829085752,0.0956696877256036,0.0182421227218583,0.0223851792979985,0.00513347040396184,0.0184143225196749,0.00904704473214224,0.0097919215913862,0,0,0.00154858687892556,0.0627769558923319,0.0365788044873625,3.90355471655494,0.0826722333440557,0.105263156059664,0.0418222560547292,0.47542737389449,0.00749866082333028,4.53282518981723,0.0124645893229172,0.329218106344342,0.445581122301519,0.899999983026646,0.18482906895224,1.01993565575685,0.164152078330517,1.61457693390548,0.0198881290853024,5.20071919774637,0.0105355577543378,0.42359249771107,0.337601867504418,1.45835761167109,0.0316868599038571,10.9562042928301,0.0109589045168832,5.67635122220963,0.00433604326099157,0.353066670591943,0.00582959625171497,0.231650817295304,0.00138121552299708,0.0491071450524032,0.00369117187801749,0.0324601380270906,0.689860804472119,0.0358565747737885
2.06782944966108,0.293411715130787,12.076245294651,1.79719190485775,0.00517464440781623,0.0461873651947826,0.85236332603381,1.35274099075468,0.00264084502123296,0.0326633162330836,0.20237086788984,0.739809515886009,0.254654660820961,1.31693471968174,0.0248844642192125,0.0828114144969732,0.075821396894753,0.0829096604138613,0,12.8154979058309,0.0421393850119784,0.0747967462521046,7.77504110068548,1.24209879105911,0.015144344419241,0.0202643176889978,0,0.0102230482152663,0.238685892429203,0.738671239465475,8.47447467967868,2.93949904490728,17.3232723621186,13.7902669670875,0.696008177474141,0.122601282200776,0.179078781977296,0.05062205233844,0.0790912939701229,0.0148087211418897,0.0953984330408275,0.00670765782706439,0.00751644233241677,0.00874537468189374,0.0133037692867219,0.00447260518558323,0.022515278251376,0.0121654500253499,0.00378071825252846,0.000754147826228291,0.0239222534000874,0.000635323987808079,0,0,0.0225609756307676,0.0135095451259986,0.708946754457429,0.104022188315867,0.373868050053716,0.00868486345279962,0.0462222212227061,0.0101206693798304,0.0109204368200153,0.0425114436075091,0.0178716491209343,0.00693481299094856,1.13045539875748,0.305335729732178,11.3071232363582,3.08525761601049,3.38827516883612,2.32987909566145,0.468343460233882,1.09129331482109,0.10566448548343,0.386563860811293,1.08074534655316,1.11019057570957,0.0146892658667639,0.0278862251434475,0.0141451411764137,0.0430990266613662,0.0306845006416552,0.0163297047838569,0.0089199143985752,0.0108378488221206,0.00559440557844937,0.00482121342793107,0.0197568399016745,0.000475172244478017,0.826776273548603,0.386831264011562
0.116820161609212,2.36020585615188,0.247437430021819,9.51661068212707,0.00345274060964584,0.0601831659441814,0.0295777397695929,2.64107403479284,0,0.053646270185709,0.0110169490217231,1.7621045091073,0.0162259621429257,2.26822351512965,0.004268943448551,0.153203340014443,0.020236087962985,0.248923688312061,12.8154979058309,0,0.0648999447003007,0.11177428078372,0.40799563517794,1.07460851722863,0.00947418273426592,0.00529100513085723,0,0.0223255818709731,0.0556860129581764,1.30037499743048,1.68745304341428,2.14731976389885,1.74630879354663,6.13257908262312,0.0727458975743502,0.0298826033249497,0.105127099785022,0.0953198824427091,0.0858947352971882,0.0123507613898255,0.0415730341337621,0.011191942030564,0.00438733922783285,0.00538539234548807,0.00887573976069689,0.00596792250871658,0.0225297713768668,0.00973828323185444,0,0,0.00498628767672926,0.00317863945383579,0,0,0.0311165332677774,0.0282104015350342,0.137774760369211,0.39870490442263,0.0970873748883605,0.0167597772669978,0.0266824790742248,0.070899884623941,0.00624512089416385,0.126308901817538,0.00569105678005144,0.0249826500657946,0.401044136087876,0.22579821688123,5.80132462538313,4.50844449456781,0.915816307766363,3.3085566801019,0.0885416673263535,2.31979690678418,0.104689199477434,0.76626242895145,1.00290092348587,1.90630182443419,0.0033936653053388,0.043551086797379,0.00553846143884584,0.0929158143117093,0.0062992125749588,0.0459143968764693,0.00465567398350686,0.0333611341193318,0,0.0313630876480602,0.0192600109148771,0.00522937963251024,1.59435621276498,0.470865191891789
0.0814678879687563,0.0208955225534737,0.166070146020502,0.213359273620881,0.364628826733679,4.26457420550287,0.14285713766003,0.149215335841291,0.218642118852586,1.16142134927213,0.108446299098432,0.037643208517693,0.239750916953199,0.0712669714121148,0.629787214100361,1.42216180521064,0.107106081210077,0.0467937608482316,0.0421393850119784,0.0648999447003007,0,5.85520387347788,0.158151935203932,0.202586206141859,3.92394352401607,2.61361005622894,2.22711465647444,4.62750353710726,1.60506330197677,0.828981735976413,5.43061058223248,3.27516780048609,0.0113996198633686,0.0516273872926831,0.0290381126105785,0.0338266380131245,0.595652146730572,0.247844826662913,0.275154013652354,0.208171206177212,2.67018480598927,0.316062168218195,0.0324022336862981,0.0267515927553177,0.0107444355962798,0.0203125003026798,0.0879249681020156,0.04456233442761,0.0128824478015304,0,0.0191570885363035,0.00114613177720457,0.0173347778618336,0,0.104421951342374,0.110889107803814,0.073705181479454,0.0294218276976608,0.0260509182699025,0.00439319061115384,0.0446247453801334,0.00857632956467569,0.0378983644768596,0.0108761333394796,0.0472143525257707,0.00135043892078102,0.0291503723710775,0.047732696402818,0.0171526591293514,0.0871613698545843,8.53207104280591,5.18510426022112,1.93355483911,0.778816232923418,0.646651266142726,1.21549642039463,0.432806341443211,0.472799187293276,0.0817438680678606,0.0307692317292094,0.196863165590912,0.0144288574811071,1.79982444969937,0.378100947709754,0.103889186284505,0.00883652450283989,0.725067369407043,0.42909761343617,0.15874263830483,0.0156806847080588,1.01333335787058,0.590604029595852
0.0110334684723057,0.0718025453388691,0.0480631279642694,0.174788825213909,0.142857149476185,13.625282490626,0.0176848865230568,0.122133472294081,0.12977983430028,2.37180806533433,0.0146904503926635,0.0871710532810539,0.0197813647100702,0.0692395039368421,0.146723645972088,4.26757673243992,0.0145077726338059,0.0923344957409427,0.0747967462521046,0.11177428078372,5.85520387347788,0,0.0881959913531318,0.138378381729126,1.05397730413824,1.0569105448667,0.534422409022227,15.0201881770045,0.186785252415575,1.75229363632388,2.08286855753977,2.86677912808955,0.0292434829752892,0.0923423445783556,0.0110091743990779,0.0556745175272226,0.0547045958228409,2.45986988022923,0.0640495840925723,4.58708411455154,0.0214477218687534,6.0947371032089,0.0257847546599805,0.0434782605152577,0.012336160056293,0.0313971750438213,0.0458823511144146,0.093666847795248,0.00485436909366399,0.00160901050549001,0.00307219661772251,0,0.00654307496733963,0,0.0138963127974421,0.766533075948246,0.00998003961285576,0.050051424652338,0.0118835410103202,0.011019284138456,0.0122075281105936,0.0189655171707273,0.00519480532966554,0.0291085503995419,0.0113960111048073,0.00542372884228826,0.0520128238131292,0.106858052895404,0.0293103447183967,0.156583633739501,2.52486775955185,8.56008848687634,0.209587519522756,1.54231971222907,0.323184998240322,2.69287464208901,0.230616291984916,1.47860703454353,0.0110803321003914,0.0104166669771075,0.0162778078811243,0.0281237449962646,0.116504855453968,1.24849531031214,0.012806829996407,0.0277367961243726,0.0923913060687482,2.22777773835696,0.00630169361829758,0.0564285708242096,5.85034001618624,0.452054791152477
0.0918727922253311,0.0249832700937986,7.35958239692263,2.3196235683281,1.05332845682278,0.552875691500958,1.7256812780106,1.55184538321919,0.173652701079845,0.277618366002571,0.0427226648898795,0.0462809909367934,0.443967823404819,0.318118161987513,0.263927794061601,0.213194875512272,0.0353280454291962,0.0162326688878238,7.77504110068548,0.40799563517794,0.158151935203932,0.0881959913531318,0,11.1626123068854,3.06088345020544,0.823220982216299,0.293323332676664,0.108934166666586,0.32338160299696,0.382608690997586,14.0502613125136,3.52587654255331,8.4494378073141,1.10460246680304,0.795242115855217,0.117750440491363,0.0881380797363818,0.0212376415729523,0.0295282673323527,0.00494524918030947,0.0128322638338432,0.00365463690832257,0.0122460334096104,0.00711532775312662,0.00837089540436864,0.00454103155061603,0.00854944431921467,0.00921908905729651,0.00394088658504188,0,0.0167686385975685,0,0.000733675726223737,0,0.00869565177708864,0.00367936940165237,0.130841123464052,0.0173508249863517,0.112829329620581,0.00110375275835395,0.0291390714119188,0.00404176488518715,0.00539811048656702,0.00809716619551182,0.00628930813400075,0.00121802685316652,0.457538994960487,0.0926569395232946,0.700572580099106,0.187782808730844,0.604938273259904,1.12960235995706,0.135994086042047,0.250903835520148,0.0581395337940194,0.0469314076472074,0.612433385802433,0.184079606318846,0.0138248849543743,0.00091199268354103,0.0175246447324753,0.0107026522164233,0.0462270567659289,0.0275908474577591,0.0100773802259937,0.00346287040156312,0.0141453836113214,0.00969193479977548,0.00781968698720448,0.000433933601016179,0.0523062306456268,0.167539271526039
0.0169368500064593,0.0415851268917322,1.53403145491029,15.6046308465302,0.152323578775395,1.68260873149848,0.575592705281451,2.91293682809919,0.101010102080181,0.469703287351876,0.0143641742761247,0.0958174882689491,0.167316339793615,0.71284631988965,0.0965223573148251,0.332059752079658,0.00756620411993936,0.0226385632413439,1.24209879105911,1.07460851722863,0.202586206141859,0.138378381729126,11.1626123068854,0,2.04438146436587,0.603076935047284,0.0774989016354084,0.0788131641456857,0.134538151498418,0.668707492179237,6.35593832901213,3.28384615690447,1.02577838557772,0.269592480035499,0.164369581500068,0.0265816051978618,0.0420962205389515,0.0282534244470298,0.0352644830709323,0.00821018067654222,0.00895355362445116,0.00557413615752012,0.00813008105615154,0.00268636667169631,0.00663961615646258,0.00446428579743952,0.00963391154073179,0.0085028848843649,0.000754716980736703,0,0.00447984068887308,0,0.000858000887092203,0,0.00791476445738226,0.0146627571666613,0.0126696833176538,0.0295543745160103,0.0180820145178586,0,0.00710059166885912,0.00543900555931032,0.00233553908765316,0.00914136471692473,0.00324280513450503,0.00207684317138046,0.0682302759960294,0.0219275889685377,0.114996117539704,0.0513956565409899,0.296735906158574,2.0284360073274,0.0579835557728074,0.454660472169053,0.056491038762033,0.0966501934453845,0.413223140640184,0.198429096490145,0.00450704246759415,0.0077864290215075,0.00368437205906957,0.0169100682833232,0.0251276008784771,0.0372526198625565,0.00387446722015738,0.00291484480840154,0.00372093031182885,0.0144346430897713,0.00556539313402027,0.000949216890148818,0.0772833691444248,0.287221562466584
