0,0.0269655622541904,4.90814895689255,0.0118518515955657,0.035017509944737,0.0024758602376096,4.52134707593359,0.00881285622017458,0.0646319574443623,0.000495172047521919,4.43730225297622,0.00500113653833978,2.20380031576497,0.00905333616537973,0.401549395144684,0.00601762311998755,2.28850010869792,0.0171296293265186,1.41445314607699,0.0791546578402631,0.0188568066805601,0.00645539915421978,0.0602701748139225,0.0134413918131031,0.00371254305355251,0,0.0205128197558224,0.00314877997152507,2.01026910671499,0.0209133592434227,0.187855357857188,0.014918414875865,1.35895335429814,0.150839096051641,0.0344049650011584,0.00638792087556794,0.509018042590469,0.00401909090578556,0.365360599011183,0.0120279044494964,0.236002407968044,0.00238379021175206,0.00862406886881217,0.00165289256256074,0.00447227183030918,0.00224769610213116,0.0252403849444818,0.00618357490748167,0.0105263159784954,0.00184289331082255,0.0351742289785761,0.000792079197708517,0.00603015068918467,0.000497760076541454,0.0554175440629479,0.0441886383341625,9.4001217863115,0.029434310272336,0.718041339889169,0.00747002189746127,1.25409684583428,0.0101242523523979,0.432153733505402,0.0130532328039408,0.155800577340415,0.0033790918532759,0.406736992881633,0.023670611117268,6.08769509239937,0.118073539109901,0.663670444570016,0.084653467987664,3.4175333683379,0.0205529738450423,0.616612453246489,0.0206428780802526,0.658789485867601,0.0594976836000569,0.0646126235369593,0.00595415302086622,0.401163908245508,0.00950925459619612,0.515497553220484,0.00323101782123558,0.232650362886488,0.00476457423064858,0.0581913531641476,0.000476758053991944,0.0641389656811953,0.00158755356096663,0.0931523719918914,0.070435588946566
0.0269655622541904,0,0.0220764670812059,5.07388425394311,0.00103092787321657,0.0601887279190123,0.00565732756513171,7.21163502163836,0.0010579212103039,0.0265238462015986,0.00401103030890226,6.055127308995,0.00533333327621222,1.34716901212232,0.00309119012672454,0.100992281601066,0.014425553381443,2.05521185923135,0.398240704089403,2.29447619966231,0.0354090366745368,0.0443768976838328,0.0459688834962435,0.0837887075613253,0.00437996163964272,0.0228298374568112,0.00740349024999887,0.0227457352448255,0.0227320561534725,1.20928193838336,0.0701098397257738,0.122722916305065,0.197737745940685,1.00869210422388,0.0175029173260555,0.00601322914008051,0.0464636029209942,0.0253688850207254,0.042170224362053,0.0188165378058329,0.00998751539736986,0.0123533047735691,0.00361155698192306,0.00720033902325667,0.00597152055706829,0.0180096969706938,0.0102585145214107,0.00711884518386796,0.000470366881927475,0.0241534454980865,0.00402279593981802,0.0105433897697367,0,0.00102564098779112,0.0160312807711307,0.039863324345788,0.044582043774426,13.374863162986,0.0287769787246361,0.474542157637188,0.0188788283849135,0.893093660473824,0.0106049649766646,1.05747125373455,0.00394671922549605,0.133853155391989,0.192782677710056,0.376126522140112,0.396885314024985,1.49839750985848,0.157962441735435,1.12799597205594,0.037755100405775,1.15595874015708,0.0306278700008988,0.462572558200918,0.214941677288152,0.733617907273583,0.00620155013166368,0.102437515161,0.0131030378979631,0.324727076455019,0.00239635759498924,0.0384341632307041,0.00483416154747829,0.134511257288978,0.00162293744506314,0.0112828055280261,0.0126086213276722,0.0359165169938933,0.650448152795434,0.142353324685246
4.90814895689255,0.0220764670812059,0,0.510153376031667,2.44808223622385,0.208514759113314,14.5515250736207,0.375624111446086,0.829744631366339,0.078858249966288,1.11185152921826,0.0373831767356023,2.52718283209833,0.188562590628862,0.631800915871281,0.0294860987924039,0.395116018655244,0.00634201569482684,8.6841804968426,0.419999999779975,0.0412725708447397,0.00742220977554098,5.64832158124773,1.21148624178022,0.3466115007177,0.137688440736383,0.248310375027359,0.153609830886126,2.09387589982362,0.106672247493407,3.85574364103377,0.535005686804652,5.30098269850714,0.250387595966458,0.0812963470816612,0.00508618232561275,0.402740416058805,0.00490677135530859,0.303754267166369,0.00705550322891213,0.112964591477066,0.00173862656811252,0.00346353676286526,0.00121580544509925,0.00700678769499063,0.0022007041843608,0.018085316172801,0.00379506644094363,0.00761478149797767,0.000901713268831372,0.0258941575884819,0.000777453824412078,0.0044171781046316,0,0.037537538446486,0.0343003112939186,1.22373741626507,0.0172257484809961,0.384797166567296,0.00501736777368933,0.185418201988796,0.0112587258627173,0.0784044005849864,0.00960384146310389,0.0379657835292164,0.00248447206104174,0.486662527051521,0.0121430918807164,1.48416090320097,0.0490270415320992,0.978536586277187,0.366142692015273,2.5497217909724,0.0416068868944421,0.395629683509469,0.0212277680402622,0.619990557024721,0.0648236428387463,0.0250145444297232,0.00173711642855778,0.110095236916095,0.00401069526560605,0.200638390379027,0.00677506788633764,0.071018276270479,0.00470197753747925,0.0347826092038304,0.00279720278922468,0.0338704379682895,0.00187675945926458,0.0677255002665333,0.0732292893808335
0.0118518515955657,5.07388425394311,0.510153376031667,0,0.0259275815915316,2.17585830343887,0.205537549452856,19.3037109375,0.0187428571807686,1.57652274062275,0.00741872141952626,1.25538462249096,0.0492813158780336,2.07306107506156,0.0101503024925478,0.498732687527081,0.00938337811385281,0.090075062122196,1.38098645978607,8.6632636655122,0.0428940550773405,0.0566426391014829,1.19935996970162,11.6487805334036,0.0226041907444596,0.587021335959435,0.0210237666033208,0.123629580484703,0.0430308710201643,0.92096085823141,1.04740403406322,2.89341165771475,0.290611030650325,1.29471214060322,0.0263550460804254,0.0056122446549125,0.0474485218292102,0.0264752066868823,0.0517510594800115,0.0168357437651139,0.00947867310605943,0.0130480169900693,0.0068124775425531,0.0142964631086215,0.00323362974449992,0.0203045681701042,0.0142648137698416,0.0184038224397227,0.000412711524404585,0.0099647082388401,0.000914634147193283,0.0050669563934207,0,0,0.0126116661122069,0.036847491748631,0.0121916640782729,0.64866411179537,0.00842645153170452,0.105698365427088,0.00726015560212545,0.287432591052493,0.00210837024496868,0.159881024155766,0.00258175557246432,0.0640951852547005,0.0781959280720912,0.126332051091595,0.35016556258779,0.280313509516418,0.224949791561812,3.06421605375363,0.0403190064243972,0.790269575634738,0.0647836204734631,0.334109119023196,0.385463978833286,0.698710940574529,0.00314218376297504,0.0385919184191152,0.00532765072421171,0.125687348190695,0.00293685749056749,0.0490746505092829,0.0022385276388377,0.0696269047330134,0.00139827546081506,0.027403125539422,0.0117592448368669,0.0227306268643588,0.50188271451043,0.268246698891744
0.035017509944737,0.00103092787321657,2.44808223622385,0.0259275815915316,0,0.284741915413179,0.238131413294468,0.00808823545230553,10.2378309867345,0.0408394779078662,0.0338612763443962,0,0.175291075371206,0.00142602494452149,4.06495142000495,0.0462768209399655,0.0754060299368575,0.00195694714784622,0.0239099854370579,0.00682826910633594,0.198568869265728,0.049469965044409,1.25328758452088,0.200503057858441,2.90434775187168,0.386575509095564,6.273398906691,0.960260570165701,1.0759738041088,0.0423236518981867,2.38472413492855,0.194637536536902,0.257645268517081,0.00860523479059339,0.0393700785934925,0,0.0291375297820196,0.00351906171999872,0.0196418248815462,0.00531632103957236,0.00956022937316447,0.00370370363816619,0.00636942655546591,0.00390015600714833,0.00273224042030051,0.000920386577490717,0.0139911635196768,0.000689893087837845,0.00764087866991758,0,0.0152310932171531,0,0.00117370893713087,0,0.00202908361097798,0.000643086794298142,0.0395165040390566,0.00141276192152873,0.0199482815223746,0.0007114905747585,0.0217606326914392,0.000966183550190181,0.0160723254084587,0.0007613247144036,0.0232067499309778,0.000813338730949908,0.0412067680153996,0.00322320708073676,0.0211538461735472,0.00882723834365606,2.19548877701163,0.0464852614095435,0.395005694590509,0.0165654328884557,0.0758807603269815,0.00896860961802304,0.0374131498392671,0.0142465754179284,0.00374882854521275,0,0.0791941668139771,0.00332133960910141,0.295781649183482,0.0145843464997597,0.0336547540791798,0.00205761316465214,0.0883690714836121,0.00312662834767252,0.0145513333263807,0.000994282891042531,0.00828157365322113,0.0104058277793229
0.0024758602376096,0.0601887279190123,0.208514759113314,2.17585830343887,0.284741915413179,0,0.0689655184687581,0.807881800050382,0.143028851482086,11.0443458028603,0.00213675224222243,0.0850277275312692,0.00893712125252932,0.120168656751048,0.0646766169229522,6.25971887167543,0.0147308782907203,0.0805755404289812,0.0533795494120568,0.0942760903853923,1.42536674230359,7.21057129034307,0.462277460261248,1.16501414857339,0.824218774563633,12.4303031142335,1.64564568549395,11.6078677824698,0.0501138934632763,2.18523050181102,1.49953747115796,4.07591232773848,0.0910801684949547,0.0650176662020385,0.0488176979124546,0.0264681559056044,0.0250426856800914,0.729667847394012,0.0270880367606878,2.14672227087431,0.00183992634993047,0.620874201413244,0.0292989194858819,0.103646834904794,0.0295037997420877,0.0758807603269815,0.0435255712363869,0.125850341864862,0.00187353626824915,0.0246913573937491,0.00675500126089901,0.00781527522485703,0,0.00224341009743512,0.0020013342727907,0.302126316353679,0.0064471562509425,0.0433768646616954,0.0131004368886352,0.0308555397205055,0.0169160708319396,0.030317384749651,0.00590551178902388,0.032983509125188,0.00826019607484341,0.031999999191612,0.0728508966858499,0.134431454411242,0.0339462510310113,0.0799016578821465,1.15706217288971,3.98559554025996,0.0377149197738618,1.8444923912175,0.0400696868309751,0.382352953194641,0.169456062605605,0.491961388732307,0.00541516242083162,0.0320284694898874,0.0123287674505264,0.0837438429007307,0.00875486381119117,1.10200192825869,0.00750469043850899,0.0991634326928761,0.00379746838007122,1.7591835972853,0.00479744147742167,0.0561023619957268,0.345580932218581,0.169660678366199
4.52134707593359,0.00565732756513171,14.5515250736207,0.205537549452856,0.238131413294468,0.0689655184687581,0,0.153606415260583,1.660538049764,0.025249670696212,2.23404652427416,0.00564672658219934,6.82820971682668,0.0576468716317322,1.10160607891157,0.0097956424287986,0.290812442370225,0.00286327837966383,0.792423314385815,0.104433804168366,0.0154440159676597,0.00427716004196554,1.12070434499765,0.356883198983269,0.0555665820138529,0.0326023668749258,0.0363777079619467,0.0220515842083842,2.24018243700266,0.0322472294792533,1.08773166005267,0.169125589891337,0.783116868347861,0.0628454140678514,0.0195263807545416,0.00297113758279011,0.185931554617127,0.00114307488547638,0.157345972111216,0.00294930883683264,0.037908497848548,0.000432525965152308,0.00879120884928852,0.000654878851491958,0.00383275252534077,0.0010495015012566,0.0115015972405672,0.000620828825049102,0.00461156453820877,0.000356569798896089,0.0176822628418449,0,0.00228658528067172,0,0.0187663437391166,0.0132251279428601,0.756563818082213,0.00641766164335422,0.128939365706174,0.0028324153390713,0.371293895674171,0.00142500887159258,0.138753388077021,0.00194457953330129,0.0647058836184442,0.000666333478875458,0.112583654379705,0.00688041836838238,0.139402559027076,0.0163742696167901,0.622416076075751,0.123963825550163,1.48661890090443,0.0145658265973907,0.311760919430526,0.00600987335201353,0.475715589011088,0.021233005070826,0.0138798523694277,0.00259347312385216,0.141678345826222,0.00195612679817714,0.214427047059871,0.00285663269460201,0.156458734621992,0.00166587343846913,0.0275427894666791,0.00183049603947438,0.0261888350360096,0.00105722213629633,0.02439024465275,0.0284128747880459
0.00881285622017458,7.21163502163836,0.375624111446086,19.3037109375,0.00808823545230553,0.807881800050382,0.153606415260583,0,0.00823815737385303,1.65590226225322,0.00756893129437231,5.06933738637599,0.0417033784324303,6.46604343055515,0.00591230113059282,0.667104209132958,0.00588019099086523,0.197847975650802,1.00609568288201,1.96961037931032,0.0252274610975292,0.0301030921982601,1.34395785981906,3.34533150523202,0.00959140597842634,0.211751456488855,0.0127293149707839,0.0605368372926023,0.0332752331451047,1.5166449319222,0.834389454801567,2.27599435570301,0.2390274782083,1.0441063506878,0.0208500400185585,0.0057306588278152,0.0298122935055289,0.0320855607278645,0.0271609462797642,0.0142882659565657,0.00587741384515539,0.0104210084828082,0.00336185834021308,0.0133715376723558,0.00507270902744494,0.0156170426052995,0.00901460976456292,0.015717092435807,0.000344115629559383,0.0166003801859915,0.00265745416982099,0.00739371520467103,0,0.000366300373570994,0.0071910114493221,0.0351493852213025,0.0104738150839694,1.27181423202273,0.00902723701437935,0.129575735307299,0.00562879562494345,0.489633726829197,0.00175162029336207,0.364696618664311,0.00320626996108331,0.0793265343236271,0.0672225823509507,0.131433953996748,0.116936878388515,0.182880847860361,0.147237012366531,2.58737697126344,0.0339416044880636,0.725266773370095,0.0265284981578588,0.170080690673785,0.246555734862341,0.385350886266679,0.000835945655126125,0.060404083924368,0.00454752167570405,0.265448088175617,0.00348857487551868,0.0536796514643356,0.00244254474819172,0.148752624489134,0.00114133537863381,0.0212879193713889,0.00538430467713624,0.030228651186917,0.254056354024215,0.176533446385292
0.0646319574443623,0.0010579212103039,0.829744631366339,0.0187428571807686,10.2378309867345,0.143028851482086,1.660538049764,0.00823815737385303,0,0.0252403855556622,0.219399536726996,0.000988142332062125,3.99532246560557,0.0029563931748271,20.7649644019548,0.0184372260700911,0.232615380431525,0.00205655535683036,0.0189435338834301,0.00212014128919691,0.13150147232227,0.0542110367678106,0.346572535985615,0.0938897175947204,0.717765069217421,0.185430466663092,1.92393442802131,0.584958207327873,3.26142741367221,0.0294244909891859,1.10880311497021,0.119060051394626,0.096146205207333,0.00892193312756717,0.0136635350063443,0.00187090737745166,0.055658629280515,0.00124532997142524,0.0306372559862211,0.00112233450636268,0.00422386499121785,0.00203873589634895,0.0227356074028648,0.00162271806038916,0.00476871733553708,0.00289296044502407,0.0267481856280938,0.00142857141327113,0.0110275686020032,0.00101729400921613,0.0377460231538862,0.000747663551010191,0.0274143293499947,0,0.0181945420335978,0.00332115567289293,0.056626220990438,0.000964320148341358,0.0153374229557812,0.000737463124096394,0.044989776564762,0.00304413994308561,0.0391120502026752,0,0.0589872032869607,0.00169491523411125,0.0241327313706279,0.00772626930847764,0.0100959115661681,0.00672494934406132,2.29570551158395,0.0564564578235149,0.705953101045452,0.0140186911448836,0.218253980856389,0.00393700785934925,0.111738151637837,0.0115874852053821,0.0475206591654569,0.00203252024948597,0.190647480194457,0.00170745584182441,0.792275591637008,0.00408580200746655,0.103660886612488,0.000420079828472808,0.187500004540198,0.00329670344945043,0.0354374311864376,0.000509683974087238,0.0046136099845171,0.0116009276825935
0.000495172047521919,0.0265238462015986,0.078858249966288,1.57652274062275,0.0408394779078662,11.0443458028603,0.025249670696212,1.65590226225322,0.0252403855556622,0,0.00106837612111121,0.0397412204765715,0.00702202384127304,0.116654953337274,0.00829187396448106,5.81389587064041,0.0056657224195078,0.0422062354627997,0.0263431542553008,0.0343434329261072,0.19327006675303,0.462063092854805,0.207403212611098,0.475212458171882,0.0820312524447218,3.08242426323704,0.156156159937382,1.13578677875921,0.0151860283222049,0.918808642658405,0.36817761475686,1.78783451433992,0.0451637199148536,0.0424028257839382,0.0274599550757557,0.0132340779528022,0.00569151947274804,0.148911805590615,0.00790067738853395,0.16857441002503,0.00183992634993047,0.0945584272267297,0.0160446463851258,0.0514395402860828,0.0134108180645853,0.046973804011941,0.0210373594309203,0.0612244906369597,0.000936768134124577,0.0066476731444709,0.00363730837125331,0.00213143869768828,0.00114613177720457,0.00112170504871756,0.00133422284852713,0.0539511279202998,0.00506562276859768,0.0256529844773468,0.00509461434558034,0.0105189339956269,0.00520494487136602,0.0189483654685318,0.00196850392967463,0.0157421293552034,0.00516262254677713,0.0143999996362254,0.0271976680960506,0.0552603607065976,0.010372465592809,0.0356484319781885,0.211299439775757,1.65761771705002,0.0166389351943508,0.748380109551363,0.0139372823759913,0.143598620430566,0.0815899560693651,0.151125393924303,0.00722021656110883,0.0177935941610485,0.00205479457508773,0.0361247949767858,0.00291828793706372,0.476644432637841,0.0022514071315527,0.0416241569328122,0,0.247959172935225,0.000533049053046852,0.0211614172440022,0.0754716978408396,0.0838323351927102
4.43730225297622,0.00401103030890226,1.11185152921826,0.00741872141952626,0.0338612763443962,0.00213675224222243,2.23404652427416,0.00756893129437231,0.219399536726996,0.00106837612111121,0,0.00537634408101439,10.4186193319038,0.0089224431430921,2.30403222265886,0.00241351575823501,7.67375900014304,0.00836042716400698,0.189637653529644,0.020408162730746,0.0195599016733468,0.00483481062110513,0.0293873015907593,0.0131396960350685,0.00374064850620925,0.00232828874140978,0.0242354288930073,0.00121654500253499,1.88823087135097,0.00714569294359535,0.112107620225288,0.0122468204353936,0.0910091721452773,0.0262249817606062,0.0159535892307758,0.00313234142959118,0.204931507934816,0.00441014347597957,0.180434774374589,0.00301507534459233,0.105627708369866,0,0.0252129482105374,0.00149644596967846,0.00433839479228482,0.00175284838769585,0.0283185834996402,0.000664893595967442,0.0154335002298467,0.00183992634993047,0.0398263995302841,0,0.0110314390622079,0,0.0182648405898362,0.0155327739776112,3.12582178768935,0.00550964183639735,0.155539777362719,0.00136986305005848,0.637810284504667,0.00183570443186909,0.521904756315053,0.00146198831498623,0.168578547541983,0.00155763234943151,0.0688007650896907,0.0093945722328499,0.0867976265726611,0.0176991149783134,0.338411307311617,0.0320341705810279,1.38642443832941,0.00937500048894435,0.358552634250373,0.0114379086298868,0.3404040557798,0.0279214060865343,0.224489791318774,0,1.61445781798102,0.00376141874585301,2.86534834554186,0.00369344418868423,0.251574656460434,0.0012074864062015,0.0934466028120369,0.000986193306744099,0.0403141365386546,0.000484027113998309,0.0409302334301174,0.0504672912647948
0.00500113653833978,6.055127308995,0.0373831767356023,1.25538462249096,0,0.0850277275312692,0.00564672658219934,5.06933738637599,0.000988142332062125,0.0397412204765715,0.00537634408101439,0,0.00400801619980484,5.45477217016742,0.000721500720828772,0.638588895788416,0.0122352943872102,5.13701441464946,0.561479187279474,0.923723746091127,0.02106649056077,0.0247879979433492,0.0338548348518088,0.099246230092831,0.0031645568087697,0.0199004984460771,0.00987654319033027,0.0237603295827284,0.0193720782990567,10.1394521808834,0.103092782665044,0.173913044272922,0.12794166279491,0.678996874135919,0.0430879695340991,0.0114722752477974,0.0188946619164199,0.0246913573937491,0.0243902439251542,0.0166520596831106,0.00138217001222074,0.00675219460390508,0.00495816534385085,0.0195615520351566,0.00539083557669073,0.0240870246198028,0.00641642604023218,0.0145454546436667,0.00160320638678968,0.0137875096988864,0.00190068897791207,0.00692913396051154,0.000950118759647012,0,0.00297796301310882,0.0256337222526781,0.0123325540625956,1.45481926508364,0.0225225227768533,0.135740966885351,0.0168899244163185,0.45082963607274,0.00752508355071768,0.501321019954048,0.00435350462794304,0.0685314711881801,0.12818222574424,0.157129004015587,0.110439339943696,0.25264216051437,0.0882629131665453,1.42817552865017,0.0175681918044575,2.56690784031525,0.0225464187096804,0.333773100748658,0.110915490891784,0.345911956974305,0.0108991824090481,0.450134760932997,0.0121951219625771,0.393622336559929,0.00413907284382731,0.0821806337917224,0.00597539558657445,0.0942786540836096,0,0.019827586133033,0.00389105058275163,0.0271247746422887,0.377468918217346,0.0792951530311257
2.20380031576497,0.00533333327621222,2.52718283209833,0.0492813158780336,0.175291075371206,0.00893712125252932,6.82820971682668,0.0417033784324303,3.99532246560557,0.00702202384127304,10.4186193319038,0.00400801619980484,0,0.0244311378628481,9.89628437906504,0.00427008280530572,2.5429865027545,0.00761570013128221,0.229710487416014,0.0288439170108177,0.00964630208909512,0.00479616306256503,0.238701727736043,0.0992053912486881,0.0307155326008797,0.00335683114826679,0.0480961943976581,0.0103270224644803,4.13726958993357,0.0222222225274891,0.40389572881395,0.0555555556202307,0.169593578320928,0.0336619382142089,0.0181818176060915,0.00315208826214075,0.209980548592284,0.00325203262036666,0.158658492844552,0.00369117187801749,0.0438741721445695,0.00163265306036919,0.0386081990436651,0.00101677677594125,0.0117779030115344,0.00169348006602377,0.046010767808184,0.00187397515401244,0.0248267896822654,0.00116448325570673,0.0625724201090634,0,0.0195185432676226,0,0.041599259711802,0.0125000000698492,1.40126943984069,0.0042727435939014,0.165317628823686,0.00239177228650078,0.651374043489341,0.00116279069334269,0.442130317096598,0.00600450346246362,0.161665641702712,0.00313397753052413,0.10170736265718,0.0113881799334195,0.0881159380078316,0.0175913389539346,0.989996760734357,0.0536056144628674,1.99233711697161,0.00943099614232779,0.486879280011635,0.00965794734656811,0.52020979084773,0.0212832556571811,0.0951990147586912,0.00326131260953844,0.824664623010904,0.00642183423042297,1.9072377376724,0.00408520584460348,0.440606686257524,0.00256821839138865,0.14300446677953,0.000608087575528771,0.0767565457499586,0,0.0351027394644916,0.0360360372578725
0.00905333616537973,1.34716901212232,0.188562590628862,2.07306107506156,0.00142602494452149,0.120168656751048,0.0576468716317322,6.46604343055515,0.0029563931748271,0.116654953337274,0.0089224431430921,5.45477217016742,0.0244311378628481,0,0.00289519404759631,0.31560692936182,0.00641253992216662,0.441317560616881,1.09498343954328,1.33200400881469,0.0145388459786773,0.01264108333271,0.55708359729033,1.19917232636362,0.00543056637980044,0.0185735509148799,0.00221647572470829,0.0152788392733783,0.0201305761584081,5.75379354169127,0.459425708279014,1.42202128458302,0.177885909448378,0.666838815028314,0.0195495116058737,0.00621945812599733,0.0235798493376933,0.0164992827340029,0.0163468376267701,0.00944669335149229,0.00657585740555078,0.00647249171743169,0.00409311847761273,0.0115163153386675,0.0024397682864219,0.00982800964266062,0.00263227178948,0.00552486185915768,0.000629524700343609,0.00698856386588886,0.00081782863708213,0.00674099021125585,0.000717617513146251,0.000707964587491006,0.00445544568356127,0.0186024322465528,0.00742804084438831,0.89380863122642,0.00844327174127102,0.0708782714791596,0.00680272106546909,0.376149702060502,0.00325309054460377,0.490026953921188,0.00335683114826679,0.051948050968349,0.0437984494492412,0.0686641683569178,0.0910527985543013,0.142375416471623,0.0910384058952332,2.02388487482676,0.0309314595069736,0.941948863328435,0.0292237438261509,0.141947224270552,0.199052127893083,0.28473177656997,0.00465116288978606,0.141274240217172,0.00605754693970084,0.269591133896029,0.00129115558229387,0.028662420809269,0.00282485879142769,0.0955746294930577,0,0.00799467042088509,0.00333750527352095,0.0199764988501556,0.190336749656126,0.162426613271236
0.401549395144684,0.00309119012672454,0.631800915871281,0.0101503024925478,4.06495142000495,0.0646766169229522,1.10160607891157,0.00591230113059282,20.7649644019548,0.00829187396448106,2.30403222265886,0.000721500720828772,9.89628437906504,0.00289519404759631,0,0.020489095360972,1.6207331950427,0.00742666190490127,0.0320641295984387,0.00838457228383049,0.255800797604024,0.0291970812249929,0.197251024685102,0.0454545464599505,0.407649244240019,0.0504871556768194,1.96744391904213,0.155677656293847,7.24367650283966,0.0248447196790949,0.963176920311525,0.0743522341945209,0.0747320028021932,0.0157068069675006,0.017717560636811,0.00550357741303742,0.498942931299098,0.000849617645144463,0.102521009393968,0.00237154145725071,1.46902654320002,0.00809716619551182,0.059280572575517,0.00124494242481887,0.0210896314820275,0.00141743442509323,0.0760772675275803,0.00169109349371865,0.0379146933555603,0.00147383939474821,0.100964771263534,0,0.0433489170391113,0,0.0981697176466696,0.00585262017557397,0.312260159611469,0.00531045757816173,0.084624552517198,0.00115606933832169,0.178164045326412,0.00514895195374265,0.147727268049493,0.0036630037939176,0.188605114817619,0.000643500650767237,0.0596699103189167,0.0155535223311745,0.0219860760262236,0.0080536914174445,4.80908330215607,0.0613344366429374,2.61883027403383,0.0186991865630262,0.463553550071083,0.00907029490917921,0.328571433085017,0.0347615197533742,0.145687648910098,0.00577367201913148,1.03854876710102,0.00516189591144212,7.73198216920719,0.0133037692867219,0.567531152628362,0.0047195497318171,1.78884831489995,0.00467289704829454,0.221100919181481,0,0.0235294119920582,0.031055900035426
0.00601762311998755,0.100992281601066,0.0294860987924039,0.498732687527081,0.0462768209399655,6.25971887167543,0.0097956424287986,0.667104209132958,0.0184372260700911,5.81389587064041,0.00241351575823501,0.638588895788416,0.00427008280530572,0.31560692936182,0.020489095360972,0,0.0403530886396766,0.31863653101027,0.0588739652885124,0.0909598254947923,0.371122409356758,1.59261335094925,0.10161328909453,0.236183838103898,0.184186050435528,1.34010601736372,0.329091701132711,1.68219175399281,0.0381773392437026,9.66655782947782,0.346541776496451,0.825777415535413,0.0929379402659833,0.11149825528264,0.073766230721958,0.0724081217776984,0.0143399406806566,0.432203384698369,0.00922045268816873,0.380126190488227,0.00352733675390482,0.208645535400137,0.0735420882701874,0.213109658972826,0.0799719407223165,0.239038194180466,0.118065861519426,0.279122112318873,0.00945798441534862,0.0477941185818054,0.0143401296809316,0.0239136778982356,0,0.00750938686542213,0.00664451834745705,0.210358576616272,0.0133145045838319,0.0958792322489899,0.0297441991278902,0.0605885722325183,0.0509761394932866,0.0697247689822689,0.00680272118188441,0.0712979865493253,0.0266562128672376,0.0584457300137728,0.195688925159629,0.314298774115741,0.0416819024831057,0.0972780000884086,0.417785236844793,1.96444805525243,0.0273065784713253,3.14436324132839,0.017026107525453,0.349152550217696,0.129057798185386,0.65564515121514,0.00696864095516503,0.0794016115833074,0.0243350316304713,0.254451737506315,0.00823970045894384,1.97271385695785,0.0168236874742433,0.203807793266606,0.00273473106790334,0.492618503514677,0.00503893732093275,0.0615647728554904,0.240592219051905,0.0470297022257
2.28850010869792,0.014425553381443,0.395116018655244,0.00938337811385281,0.0754060299368575,0.0147308782907203,0.290812442370225,0.00588019099086523,0.232615380431525,0.0056657224195078,7.67375900014304,0.0122352943872102,2.5429865027545,0.00641253992216662,1.6207331950427,0.0403530886396766,0,0.0762463342398405,0.0653548834961839,0.0238826335407794,0.0321428573224694,0.0335096991620958,0.0165714283939451,0.00861759390681982,0.00801603239960968,0.0136561148101464,0.0319803191814572,0.0247234881389886,2.22042389836861,0.148424543964211,0.0471031555207446,0.0238095251843333,0.469060365692712,0.157649589236826,0.352201245725155,0.391452994779684,0.718277076724917,0.131224371492863,0.169648002251051,0.0392989899264649,0.108778626308776,0.0295748617500067,0.533946262148675,0.051441932679154,0.38398544001393,0.112183909048326,0.279617365449667,0.0255084443488158,0.446564886951819,0.0299951625638641,0.679265089333057,0.00792507181176916,0.147713946411386,0.00114678894169629,0.155457929358818,0.0340616965549998,4.04553898918675,0.0475405975594185,0.74270951480139,0.0561677906662226,1.0866556976689,0.0820463304989971,2.68740593339317,0.0532521883724257,0.618545812088996,0.0430719224968925,0.650649661140051,0.348993294755928,0.176753116771579,0.12216624210123,0.523396863020025,0.071347676566802,1.46031748037785,0.0860452246852219,0.541027961298823,0.0608773487620056,0.757074231398292,0.70060208439827,3.88587462296709,0.0442396318539977,7.42658822285011,0.0669432948925532,4.23599427938461,0.0388538115657866,0.694008689140901,0.0390785696799867,0.253082416020334,0.012493493501097,0.130352813517675,0.0119254658930004,0.123966936953366,0.0436137090437114
0.0171296293265186,2.05521185923135,0.00634201569482684,0.090075062122196,0.00195694714784622,0.0805755404289812,0.00286327837966383,0.197847975650802,0.00205655535683036,0.0422062354627997,0.00836042716400698,5.13701441464946,0.00761570013128221,0.441317560616881,0.00742666190490127,0.31863653101027,0.0762463342398405,0,0.0739102936349809,0.179637031396851,0.0541666679782793,0.0605226964689791,0.0251308903098106,0.028341384138912,0.00770500837825239,0.0186431903857738,0.0154162390390411,0.0430802349001169,0.0946826735744253,12.2833089326159,0.0270159630454145,0.0607876707799733,0.377127310959622,0.378013498149812,0.238693464780226,0.0563758411444724,0.0284592738607898,0.0473606307059526,0.0233804192394018,0.0190649120486341,0.00292397662997246,0.028530671261251,0.0127064797561616,0.0221760217100382,0.0158856238704175,0.0745490969857201,0.010533245280385,0.0124185031745583,0.00413907284382731,0.0636782571673393,0.0150121061014943,0.0226098197163083,0.000987166888080537,0.000968992244452238,0.00670936278766021,0.0413752922904678,0.0579584793304093,2.37732549593784,0.0897986101917922,0.277689124632161,0.0864381543942727,0.461538457777351,0.0311284039635211,5.46693816193147,0.0396753838285804,0.151743979309686,0.548306424112525,0.560692219412886,0.183180681196973,0.609014654066414,0.156996587524191,0.863854278053623,0.0508637222228572,4.03563048318028,0.0223932825028896,0.38413362018764,0.22161422210047,0.653004180872813,0.0273578106425703,11.2483986688312,0.0393626997247338,4.19923771836329,0.0102695762179792,0.395964682276826,0.0178221351234242,0.287919719936326,0.00752283749170601,0.0374832660891116,0.00793454051017761,0.0455696205608547,0.569875787012279,0.0670303971273825
1.41445314607699,0.398240704089403,8.6841804968426,1.38098645978607,0.0239099854370579,0.0533795494120568,0.792423314385815,1.00609568288201,0.0189435338834301,0.0263431542553008,0.189637653529644,0.561479187279474,0.229710487416014,1.09498343954328,0.0320641295984387,0.0588739652885124,0.0653548834961839,0.0739102936349809,0,11.197235584259,0.0214285715483129,0.0328305244329385,7.4528140462935,0.956722186645493,0.0114635081263259,0.0183083117008209,0.0145666429307312,0.0165600306354463,0.2734858635813,0.458097383670975,2.63891451252857,1.41836731787771,9.27340790233575,8.14778832311276,0.245819395990111,0.0244541491847485,0.136715991538949,0.0120268840692006,0.108657550590578,0.00666000647470355,0.0378228786867112,0.0063578566769138,0.00151975691551343,0.00434074876829982,0.0036166365025565,0.00849772407673299,0.0171964559121989,0.00746083067497239,0,0.0062754942337051,0.00770791078684852,0.00205338816158473,0.00141542812343687,0,0.0220642311614938,0.0311909270239994,0.294616518076509,0.213820086151827,0.134238704224117,0.0355962367029861,0.0389891706872731,0.0708020046004094,0.0147767423186451,0.082155242213048,0.0145791921531782,0.0134040769189596,0.415079826896545,0.111042315344093,10.1205500853248,1.78286554734223,0.657313232077286,2.09286204888485,0.539528450695798,0.469144204631448,0.138178556109779,0.34778721514158,0.561309729237109,1.26840857521165,0.00274097768124193,0.0290249437093735,0.0149962515570223,0.0384371698310133,0.0261396249406971,0.0163573450408876,0.0131024801521562,0.0207288527744822,0.00526118016568944,0.00920749770011753,0.0194496166950557,0.00621963059529662,0.837164730881341,0.312049934291281
0.0791546578402631,2.29447619966231,0.419999999779975,8.6632636655122,0.00682826910633594,0.0942760903853923,0.104433804168366,1.96961037931032,0.00212014128919691,0.0343434329261072,0.020408162730746,0.923723746091127,0.0288439170108177,1.33200400881469,0.00838457228383049,0.0909598254947923,0.0238826335407794,0.179637031396851,11.197235584259,0,0.0602150533813983,0.0572894414071925,0.661849080323009,1.34035083826166,0.00518134696176276,0.0248579552862793,0.00847757002338767,0.034281546715647,0.0699999968055636,0.603815319249406,0.924879842146765,0.796026053489186,2.22390803613234,4.75075068161823,0.0597496960544959,0.0117894734721631,0.112213482381776,0.0157967036939226,0.12797822104767,0.012953367549926,0.0284065697342157,0.00874508114065975,0.0024795439094305,0.00636435952037573,0.00235086679458618,0.00828402361366898,0.0178434862755239,0.0136385778896511,0,0.00366748182568699,0.00239282153779641,0.00150715908966959,0.000687049119733274,0,0.0312199798645452,0.0542043096211273,0.0766019225702621,0.496883032756159,0.0490546748042107,0.0681931304861791,0.0245283022522926,0.124504119157791,0.0106316444580443,0.159624405554496,0.00451176293427125,0.0256410260917619,0.473126419819891,0.159837728948332,4.71311213134322,4.13677037751768,0.47275203699246,2.85089207289275,0.106433141976595,0.932405607250985,0.128781333682127,0.764857901260257,0.717998705804348,2.14445919077843,0.00879507453646511,0.0532751107239164,0.0132158588385209,0.0950207478890661,0.0068280574050732,0.0337009815848432,0.00708128066617064,0.0425251362612471,0.000728332146536559,0.016634676954709,0.0244001619284973,0.0110898659040686,1.60331341798883,0.499077496817335
0.0188568066805601,0.0354090366745368,0.0412725708447397,0.0428940550773405,0.198568869265728,1.42536674230359,0.0154440159676597,0.0252274610975292,0.13150147232227,0.19327006675303,0.0195599016733468,0.02106649056077,0.00964630208909512,0.0145388459786773,0.255800797604024,0.371122409356758,0.0321428573224694,0.0541666679782793,0.0214285715483129,0.0602150533813983,0,4.42045467719436,0.16724257147871,0.0468104630126618,3.1515152938664,2.13532348326407,1.59215695690364,2.2706767488271,0.565108126262203,0.244739759131335,2.76334864459932,1.36453896388412,0.0506958228070289,0.0457665912108496,0.0300300307571888,0.0106382975354791,0.30395684146788,0.121707542100921,0.211180130136199,0.109631950035691,0.638009077403694,0.16386555461213,0.0117011704132892,0.03469387604855,0.0138190953293815,0.0458891009911895,0.0236742431297898,0.0435729860328138,0,0.00821355264633894,0.00436953798634931,0.00368663598783314,0.00181818183045834,0,0.0305992355570197,0.0486831605085172,0.0216333149001002,0.0214109246735461,0.0123632908798754,0.0108744904864579,0.0230547545943409,0.0341064122039825,0.011535688303411,0.0168067218037322,0.0201238384470344,0.0194070080760866,0.0501007798011415,0.0564283449202776,0.0379403801634908,0.0549898194149137,5.60177784005646,2.74827585183084,0.288428323925473,0.473902245750651,0.425447297282517,0.884540110826492,0.348855555756018,0.309582311077975,0.038876888807863,0.0375782889313996,0.0747252762084827,0.0279162508668378,0.829199138679542,0.231245703063905,0.0371398080023937,0.0258458653115667,0.183957222849131,0.188593151513487,0.0218860636232421,0.0134542268933728,0.878453072626144,0.778711502905935
0.00645539915421978,0.0443768976838328,0.00742220977554098,0.0566426391014829,0.049469965044409,7.21057129034307,0.00427716004196554,0.0301030921982601,0.0542110367678106,0.462063092854805,0.00483481062110513,0.0247879979433492,0.00479616306256503,0.01264108333271,0.0291970812249929,1.59261335094925,0.0335096991620958,0.0605226964689791,0.0328305244329385,0.0572894414071925,4.42045467719436,0,0.0529573594103567,0.0428636561264284,0.479557989165187,2.08439647173509,0.410058038774878,12.2730160416104,0.0619071393739432,0.360439577139914,1.29980399622582,1.19522473134566,0.0454096768517047,0.0691223272588104,0.0676470601465553,0.0449827003758401,0.0657193619990721,1.60538112162612,0.0508326032431796,5.79860563343391,0.0131578948348761,1.6204080930911,0.0232558135176077,0.0688956468366086,0.0286425893427804,0.094756786711514,0.0470366881927475,0.116067565511912,0.00664893595967442,0.020338983158581,0.00497203227132559,0.00457875459687784,0.00179533218033612,0.00347222224809229,0.00760456285206601,0.313492067798506,0.00377155171008781,0.0328137818723917,0.0207841281080619,0.0216118865646422,0.0171919764834456,0.0405405415222049,0.00571020692586899,0.0294550799299031,0.0153139361646026,0.0331728184828535,0.0688270688988268,0.115544210479129,0.0268456386402249,0.0883534103631973,2.56892016576603,3.36456549412105,0.0716723527293652,0.923832928296179,0.143133466364816,1.30666665267199,0.290398121578619,1.00080969859846,0.0125786159187555,0.048681540414691,0.0166011364199221,0.0542507444042712,0.0196491235401481,0.942058654734865,0.00510746974032372,0.0501170951756649,0,2.00902928947471,0.00512656196951866,0.0477716306922957,2.86170203704387,0.598382736090571
0.0602701748139225,0.0459688834962435,5.64832158124773,1.19935996970162,1.25328758452088,0.462277460261248,1.12070434499765,1.34395785981906,0.346572535985615,0.207403212611098,0.0293873015907593,0.0338548348518088,0.238701727736043,0.55708359729033,0.197251024685102,0.10161328909453,0.0165714283939451,0.0251308903098106,7.4528140462935,0.661849080323009,0.16724257147871,0.0529573594103567,0,8.50932207837468,2.61754817288602,0.310192011238541,0.521176449838094,0.24765930720605,0.191805905196816,0.343526042357553,7.09982068790123,3.74195249483455,5.04371581587475,1.23023004387505,0.376887728227302,0.0394021746469662,0.0332187874009833,0.0160873318091035,0.0165383515995927,0.00437517091631889,0.00566973770037293,0.00630252115661278,0.00217296823393553,0.00552995398174971,0.00402819737792015,0.00303874409291893,0.00400712387636304,0.00513368973042816,0.00206718337722123,0.00208279094658792,0.00573065923526883,0.000879120896570385,0.000574712641537189,0,0.00169025990180671,0.00409332773415372,0.0612043452565558,0.0408434346900322,0.0432745928410441,0.00741225187084638,0.0112289454555139,0.0109204364125617,0.0106185290496796,0.0263456726097502,0.00272331148153171,0.0033057851542253,0.202289422042668,0.033096925530117,0.313278024783358,0.233789405145217,0.353209710214287,1.08587573061232,0.089881292777136,0.161695001879707,0.038848421536386,0.0290556892286986,0.243487810017541,0.218272695376072,0.0105522337253205,0.0125918156700209,0.0154672390781343,0.0178140657953918,0.0269058307749219,0.0193060276797041,0.00792639749124646,0.00602772750426084,0.00542986445361748,0.00974289583973587,0.00218698749085888,0.00172443527844734,0.0554339904338121,0.0906101604923606
