0,0.0192628263030201,6.41178595775273,0.0277354988502339,0.0125714284367859,0.00283929577562958,8.16028114460642,0.0261748952325433,0.0483870967291296,0.00110619468614459,4.19629858725239,0.0077800833969377,2.04563704616157,0.00862460306962021,0.16455078125,0.00242895315750502,2.30898878769949,0.00685653975233436,2.58007675289991,0.109642471448751,0.0114671167102642,0.000669344037305564,0.060951633786317,0.019554342579795,0.00120481930207461,0,0.00526469748001546,0.00119976000860333,3.39995215577073,0.0121153381769545,0.4382428759709,0.00957701483275741,2.06015042774379,0.272483226290205,0.0468399100936949,0.0119482248555869,0.676834498532116,0.0011487650917843,0.108615300618112,0.00928707967977971,0.323659955640323,0.00203665980370715,0.0129608941497281,0.000475624256068841,0.0105131408781745,0,0.0242840784485452,0.00442282180301845,0.00468872085912153,0,0.0229237135790754,0,0.00576368882320821,0,0.0244274805299938,0.0236436570994556,12.8398762184079,0.0187110183178447,0.753157311119139,0.00265310634858906,1.13073295296635,0.00104986876249313,0.841231549507938,0.00327715359162539,0.0447110122768208,0.000486617995193228,0.38347227947088,0.0251265699334908,4.89918818377191,0.0693505704402924,0.902619627595413,0.0594563971390016,3.40198598708957,0.0134453787468374,0.52840336645022,0.00811633444391191,0.370637116546277,0.0469142692163587,0.0251615096349269,0.00472494104178622,0.367709031153936,0.0030710173305124,0.263677613227628,0.000528122531250119,0.370894848223543,0.00290416259667836,0.020983213908039,0.00108518719207495,0.0521706033032387,0.00179985596332699,0.0323488038266078,0.0392294232733548
0.0192628263030201,0,0.0161497518420219,5.20496874838136,0.00118238246068358,0.0622613818850368,0.00870376115199178,3.59376434329897,0.00238450081087649,0.0365818813443184,0.00463902577757835,5.57796207047068,0.00649913345114328,1.45861507649533,0.00351847207639366,0.104000004939735,0.026720883208327,2.4195919217309,0.384686771605629,3.22676746131037,0.0266853935318068,0.0397074180655181,0.0511169245291967,0.0775519738672301,0.00749297509901226,0.0114838323206641,0.0036341609666124,0.0248678890056908,0.0660749515518546,0.768079772824422,0.106581405270845,0.243822078919038,0.358540714834817,1.82402934908168,0.0673333326121792,0.0662983451038599,0.0589636676595546,0.0748885602224618,0.0305882340762764,0.0203160275705159,0.0220483639277518,0.0240367620717734,0.00734281772747636,0.0151663403958082,0.00618875725194812,0.00859983917325735,0.0211864402808715,0.01816118019633,0.00161203660536557,0.0520805378328077,0.00192122955922969,0.0252042000065558,0,0.000588581489864737,0.0147717096260749,0.0744588763918728,0.073800740938168,12.1952251871699,0.0481359120458364,0.316840681189205,0.0294570238911547,0.824262120062485,0.0110558315645903,1.06040917313658,0.00281610817182809,0.258953158103395,0.219218666199595,0.590490783797577,0.714208551100455,3.05356043588836,0.180854201491456,1.51566620892845,0.0340375591767952,1.39530847244896,0.0356892939889804,0.716197157918941,0.278843412757851,1.29445726668928,0.00424929172731936,0.148278284061234,0.0145719489082694,0.241507953760447,0.0016528926207684,0.0648501394898631,0.0153350716573186,0.188784741854761,0,0.0381059108767658,0.00545277504716069,0.074278358311858,0.620462060091086,0.146092043723911
6.41178595775273,0.0161497518420219,0,0.888143573654816,3.59436636790633,0.225083994213492,20.604151704465,0.694124624540564,0.639977267826907,0.180032736388966,1.44303096807562,0.0276497695595026,3.45808061945718,0.104578099504579,0.653642070537899,0.0460763135924935,0.433240994228981,0.00260281114606187,7.4000448838342,0.225509107636753,0.0305140967248008,0.00394996698014438,6.41627705539577,1.2981115404109,0.302670621313155,0.115074799396098,0.1660420820117,0.0614657211117446,1.8190859638853,0.042135504540056,6.87193847791059,0.59963247179985,9.12215497228317,0.261504423804581,0.148405435611494,0.0182827294338495,0.593475207220763,0.00339750840794295,0.0672834296710789,0.0080840740702115,0.141658274456859,0.000667556771077216,0.0066298343881499,0.000470035243779421,0.0291718174121343,0.00051440327661112,0.015402038116008,0.00437445327406749,0.00514271028805524,0,0.0152643338951748,0.000898472615517676,0.00340909080114216,0,0.0151024815568235,0.0200543138198555,1.16729260372813,0.00961868767626584,0.308740063337609,0.00262409797869623,0.165818490786478,0.00259067368460819,0.137912812060677,0.00138824616442434,0.0274341033655219,0.000480769231216982,0.362787354970351,0.0107746606809087,1.4510209125001,0.0254850862547755,1.70409887534333,0.256839742651209,1.96811196440831,0.0552486162632704,0.405289249203634,0.00997672090306878,0.568852479744237,0.0605893705505878,0.0180541620939039,0.00265516107901931,0.139065582246985,0.00342205315246247,0.194363982242066,0.00312744348775595,0.102870809612796,0.00224071706179529,0.0124040170339867,0.00214132759720087,0.0252734816167504,0.000713521207217127,0.0269523152383044,0.0530120486509986
0.0277354988502339,5.20496874838136,0.888143573654816,0,0.0882730344310403,2.99719316815026,0.476683952612802,19.3520582418132,0.113724474795163,1.93072520149872,0.0116073677199893,1.23489301063819,0.132163747621235,1.72767015857971,0.108168263715925,0.461231710854918,0.0146575691178441,0.116495583788492,3.44859038182767,10.7398244420183,0.0428316467441618,0.0449039863888174,3.99197511188686,11.6262771411566,0.145816524978727,0.516348443110473,0.0335429757833481,0.0712945580598898,0.0643326055433135,0.607869158557151,3.49003980442649,4.36862366949208,1.28433270589449,2.08999378600856,0.100170742720366,0.0504398846533149,0.0841942113474943,0.037638568202965,0.0362800199072808,0.00936421909136698,0.0204449790762737,0.014358360785991,0.00533661743975244,0.0065189047018066,0.00364298722706735,0.00519480524235405,0.0197396045259666,0.014230534870876,0,0.00518990322598256,0.0017485574062448,0.00458428842830472,0,0,0.0192693695425987,0.0397351001738571,0.0264302975847386,0.334251904976554,0.00841750821564347,0.0386178852932062,0.00671538608730771,0.0484906111378223,0.00338818979798816,0.0526879416138399,0.00196801964193583,0.0270690040488262,0.0794590020086616,0.130191973410547,0.45872864901321,0.498421029886231,0.29572781000752,3.00229058938567,0.0509943929500878,0.950844459352084,0.101423490035813,0.447227183030918,0.494634362868965,1.02664661372546,0.00179748359369114,0.0291666677803732,0.00611496114288457,0.0524344564473722,0.0115830113645643,0.0305927339941263,0.00540156362694688,0.0445792274549603,0.00107152422424406,0.0259613036760129,0.00672685413155705,0.0151184282731265,0.549213183694519,0.3357933514053
0.0125714284367859,0.00118238246068358,3.59436636790633,0.0882730344310403,0,0.557768940925598,0.203307606192539,0.0314358528703451,9.46565957868006,0.213749995222315,0.0206451620906591,0.00108695647213608,0.153846156608779,0.00334728043526411,6.67500000621658,0.103760117024649,0.0207253880798817,0.00225225230678916,0.00746578158577904,0.00230858026770875,0.141201258637011,0.0740740718320012,1.89055371412542,0.159529804368503,4.39417167683132,0.910638269037008,10.3178905379027,2.37784519954585,0.677793211652897,0.0502131684916094,7.07011838909239,0.484222600702196,0.132142857881263,0.00488997541833669,0.00544959143735468,0.00601805420592427,0.0589444834040478,0.0109140519052744,0.00266489014029503,0.00364741624798626,0.392113925889134,0.00215053767897189,0.00488003238569945,0.00182731845416129,0.0010106114204973,0,0.00425713078584522,0.00319233839400113,0,0.00109529029577971,0.0030248032999225,0,0.00275103165768087,0,0.0116776954382658,0.00147004774771631,0.00843881815671921,0.00212992541491985,0.00684053031727672,0.000797766260802746,0.00830188678810373,0,0.00232693436555564,0.00177304958924651,0.00242130761034787,0,0.0097087383037433,0.00241181789897382,0.00554631173145026,0,2.48262036941014,0.125329820439219,0.493041770998389,0.0772200780920684,0.0437956207897514,0.0255047818645835,0.0376411539036781,0.0115015972405672,0.00432432442903519,0.00211193249560893,0.0425190523965284,0.00187852227827534,0.395147300558165,0.0112930545583367,0.0333189089142252,0.00478240079246461,0.0606060586869717,0.00958083849400282,0.0191594559000805,0.000564971764106303,0.00241545890457928,0.0166865314822644
0.00283929577562958,0.0622613818850368,0.225083994213492,2.99719316815026,0.557768940925598,0,0.121132326079533,1.67695564875612,0.495263850549236,17.6892720891628,0.00127226463519037,0.0816326551139355,0.0547645133337937,0.217247097869404,0.316841096850112,10.3061704279389,0.0102171134203672,0.068965514190495,0.0345252774422988,0.0526516581885517,1.22142127226107,6.13279656507075,0.775549813173711,1.98835268616676,3.70135753112845,10.9497203491628,1.92982463340741,14.7895523558836,0.0807709950022399,2.71823716792278,3.96588495466858,4.45779039966874,0.0574712658999488,0.0621970936190337,0.0249332152307034,0.0902845929376781,0.0162052670493722,1.11290322476998,0.00919238361530006,2.07198553485796,0.00427807494997978,1.24159670225345,0.0451430878601968,0.0723654450848699,0.0289855080191046,0.027114967815578,0.0674820737913251,0.18591772619402,0.00108401081524789,0.014069264056161,0.0006009615608491,0.0107973419362679,0.00135501357726753,0.0118343200301751,0.00463141640648246,0.460809350013733,0.00209753541275859,0.0407623086357489,0.00338839483447373,0.0118623959133402,0.0052395211532712,0.0242290738970041,0.0034462952753529,0.0158033366315067,0,0.0160680533153936,0.0505107856588438,0.107816713862121,0.0252054795855656,0.0794890001416206,1.29117260919884,3.87776331184432,0.0444154129363596,2.73350248206407,0.0713557563722134,1.13811012171209,0.180693066446111,0.656584726413712,0.00422386499121785,0.0433436552993953,0.00715705775655806,0.0858208935242146,0.0239589284174144,1.936419473961,0.0060292852576822,0.211227397900075,0.00745156488846987,2.77659574791323,0.0067526088678278,0.116226842568722,0.769411734072492,0.225319390883669
8.16028114460642,0.00870376115199178,20.604151704465,0.476683952612802,0.203307606192539,0.121132326079533,0,0.355973707744852,0.671843805408571,0.09503332854365,2.44164315779926,0.0069515434151981,7.35020828910638,0.0455798563780263,0.655622696445789,0.0271739135496318,0.424374308204278,0.00248601607745513,0.737458795309067,0.0495575211243704,0.0260000012349337,0.00397713156417012,1.71507920202566,0.675501541118138,0.0399540768703446,0.0537995982449502,0.0237988332228269,0.00869764247909188,2.10215053567663,0.0278961639851332,1.8234454637859,0.306633297004737,1.26214325329056,0.0592188917216845,0.0327552992384881,0.00592885399237275,0.388470078469254,0.00265663058962673,0.0676625665510073,0.00298126056441106,0.0792129152687266,0.000502386363223195,0.00943738629575819,0.000763358781114221,0.00675944343674928,0.000820849556475878,0.0125925925676711,0.00467878367635421,0.00410340580856428,0.000820176326669753,0.0157306902110577,0,0.0079911210341379,0,0.0142348755616695,0.0148995145864319,0.727751014928799,0.00587630376685411,0.150649349496234,0.000719683361239731,0.230135067366064,0.00165118684526533,0.185324948921334,0.00150744302663952,0.0136083355173469,0.000777453824412078,0.0915611162781715,0.00471105522592552,0.220848781988025,0.00991437613265589,1.08115237869788,0.135318587359507,1.75877196626971,0.0299674262059852,0.415461331664119,0.0105210422188975,0.487836385436822,0.0238301559875254,0.0100603618193418,0.00100050028413534,0.157287157140672,0.00192153715761378,0.274362194817513,0.00124429693096317,0.159781058202498,0.000829531287308782,0.0201326926471666,0.00127091715694405,0.0295848569367081,0,0.0164990983903408,0.0457583566894755
0.0261748952325433,3.59376434329897,0.694124624540564,19.3520582418132,0.0314358528703451,1.67695564875612,0.355973707744852,0,0.0299145301687531,5.78689883981133,0.0100544616580009,4.10742501262575,0.0855074890423566,10.8222298753099,0.0282805434835609,1.64619717624737,0.00964765105163679,0.229999994189711,2.31801248725969,4.15249869780382,0.0345075493678451,0.0414680656394921,3.40768993040547,5.12557959204423,0.0790636048477609,0.265429434366524,0.0224767670733854,0.0845442563295364,0.0453447307809256,1.42305533785839,3.27215441130102,5.32635404448956,1.09224011725746,1.94258542367606,0.0910982638597488,0.0497512429137714,0.0576553479186259,0.0507462670793757,0.0292063500091899,0.0156089550582692,0.0149867050349712,0.0158883004041854,0.00985395058523864,0.0103454643394798,0.00653469143435359,0.0110978991724551,0.0157904179068282,0.0164048867300153,0,0.0118811879656278,0.00122511480003595,0.00962566837552004,0,0,0.0131192813860252,0.0544995818054304,0.0190992013085634,0.580229212209815,0.009347474493552,0.0603734065953176,0.00715015351306647,0.156237547053024,0.00242767558665946,0.141240870289039,0.00164068909361959,0.0740880042139906,0.0719595578266308,0.161137443297775,0.20887209175271,0.280633265094366,0.252966098691104,4.03080171498004,0.0439467574469745,1.24026786509785,0.108056421624497,0.326050417672377,0.499792440212332,0.840258938958868,0.00096408772515133,0.0728842010721564,0.006996676675044,0.167030228301883,0.0028254289063625,0.0564564564556349,0.00637267366982996,0.129084521206096,0.000880281673744321,0.0371883945481386,0.00681114557664841,0.0408042559283786,0.416584426769987,0.363770616182592
0.0483870967291296,0.00238450081087649,0.639977267826907,0.113724474795163,9.46565957868006,0.495263850549236,0.671843805408571,0.0299145301687531,0,0.258269720943645,0.244415236869827,0,2.65228707820643,0.0101608803961426,21.2163744270802,0.109985529212281,0.307387875393033,0.00228832941502333,0.0100713386200368,0.00311162974685431,0.149837139062583,0.0677966102957726,0.656804761674721,0.185216646641493,1.5250783333322,0.434153387323022,2.4072726664599,0.719379842281342,2.26209494750947,0.0547287577064708,4.4578315038234,0.3999999826774,0.0452079577371478,0.00247320695780218,0.0149114634841681,0.0103199179284275,0.0824598177568987,0.0152990266215056,0.021724371239543,0.00371057528536767,0.0248587576206774,0.00443458976224065,0.0246812019031495,0.00370198977179825,0.0112762690987438,0.00222965446300805,0.0180956483236514,0.00484261487144977,0.0100278554018587,0,0.0305064051644877,0,0.0182328189257532,0,0.0228256585542113,0.00742666190490127,0.0398512216634117,0.00160944205708802,0.0173085241112858,0.000806776923127472,0.0244088489562273,0.00113250280264765,0.0425783540122211,0.00359066436067224,0.0184729060856625,0,0.0178468629601412,0.00304043787764385,0.00563380308449268,0.00441501103341579,3.60899177519605,0.158602150389925,1.13977044913918,0.0655308016575873,0.206229865550995,0.0306681282818317,0.128991056932136,0.0156148346140981,0.0267558535560966,0.00217627850361168,0.191480731125921,0.00189513573423028,0.81855548673775,0.0149168099742383,0.147148456424475,0.00192585459444672,0.150154794566333,0.00974421482533216,0.0791770600480959,0.000569476105738431,0.00749999983236194,0.0246609118767083
0.00110619468614459,0.0365818813443184,0.180032736388966,1.93072520149872,0.213749995222315,17.6892720891628,0.09503332854365,5.78689883981133,0.258269720943645,0,0.00360144046135247,0.0685071558691561,0.0451817847788334,0.383080607280135,0.151183969923295,13.7852951967507,0.00481927720829844,0.0359408028889447,0.0213692121324129,0.0316758758272044,0.272300476790406,0.507352943066508,0.53421218477888,1.4307445679442,1.20422530977521,4.47313252114691,0.338380504632369,2.08786611340474,0.0483941929996945,1.30399644677527,1.81015233020298,3.5330821746029,0.0500848906813189,0.0287937743123621,0.0262941662222147,0.030548068927601,0.012698412174359,0.304677634150721,0.00494743371382356,0.103350366232917,0.00194363459013402,0.298279156442732,0.0287378646899015,0.0347071583382785,0.0124105013674125,0.0165118686854839,0.0446247466607019,0.0778032060479745,0,0.00617919699288905,0,0.00559552357299253,0.00127388536930084,0.0037151703145355,0.00223463686415926,0.11702502600383,0.00204708287492394,0.0253099162946455,0.0032586557790637,0.00457491434644908,0.00506146065890789,0.00418848171830177,0.002179836621508,0.0109612143132836,0.00113122176844627,0.00814479641849175,0.0165837473468855,0.0506845350028016,0.0145909322891384,0.0159680633805692,0.370967738912441,2.11274517280981,0.0258461533812806,1.27544912451413,0.0483720940537751,0.35193945094943,0.149707600474358,0.240333128953353,0.00192122953012586,0.0225776103325188,0.000766577257309109,0.0392749259481207,0.00974553299602121,0.491785893216729,0.0021105952328071,0.100046531588305,0,0.71220607124269,0.00119331746827811,0.0382932170759887,0.139830508735031,0.173821991309524
4.19629858725239,0.00463902577757835,1.44303096807562,0.0116073677199893,0.0206451620906591,0.00127226463519037,2.44164315779926,0.0100544616580009,0.244415236869827,0.00360144046135247,0,0.00314795365557075,11.4380167343188,0.0040716610965319,0.908667306066491,0,6.73291912768036,0.00434310548007488,0.261606777319685,0.0172607880085707,0.0295566511340439,0.00192678230814636,0.039540815516375,0.0220588237862103,0.00729926978237927,0,0.012253233930096,0,3.17228980117943,0.00367478188127279,0.191666676662862,0.0099502484081313,0.174327843531501,0.0325396829866804,0.020565552636981,0.018814675277099,0.455081967636943,0,0.0778557733865455,0.00350672111380845,0.161389179294929,0.00200803205370903,0.0182178215472959,0.00177383597474545,0.0156479217112064,0.00105932203587145,0.0273291926714592,0.00077760498970747,0.00952885136939585,0.00105708243791014,0.0379596687853336,0.000815660692751408,0.025000001071021,0,0.0235294119338505,0.0287047005258501,3.11612227879232,0.00418628985062242,0.147193352342583,0.00155460555106401,0.567746688087936,0.00107526883948594,1.07675074797589,0.000861326465383172,0.0442374860867858,0.000925925909541547,0.0426008990034461,0.00886786845512688,0.188336001709104,0.0110117001459002,0.792573635000736,0.041719344095327,2.31619038060308,0.00864197569899261,0.577560976147652,0.00595829193480313,0.485542178736068,0.0171673821751028,0.149344095028937,0.00394866755232215,1.13091053476091,0.00245398771949112,2.08569847093895,0.00217746314592659,0.3664675654436,0.000941619568038732,0.0476190475746989,0,0.0587522689602338,0,0.0223713647574186,0.0464088376611471
0.0077800833969377,5.57796207047068,0.0276497695595026,1.23489301063819,0.00108695647213608,0.0816326551139355,0.0069515434151981,4.10742501262575,0,0.0685071558691561,0.00314795365557075,0,0.00390497886110097,8.6999274903792,0.00246305420296267,0.674806698923931,0.0126315783709288,6.03752345778048,0.715576411457732,1.12013536010636,0.0199233720777556,0.0376506010070443,0.11500291666016,0.178962753561791,0.00481927720829844,0.0181200448423624,0.00341102911625057,0.0262843479868025,0.0191006767563522,9.52655078389216,0.252488688973244,0.638399229501374,0.281201859179419,1.01423488376895,0.0823610136285424,0.103473761118948,0.0495867786230519,0.0965971471741796,0.028002152685076,0.0229885063599795,0.00788022065535188,0.00622083991765976,0.0134991117520258,0.0149312382563949,0.00856531027238816,0.0358126719365828,0.00887245824560523,0.0181691123871133,0.00183570443186909,0.0293308887630701,0.00218459847383201,0.0218818383291364,0,0.00107816711533815,0.0129914528806694,0.0721481975633651,0.0115718417800963,1.80544747039676,0.0185528755537234,0.120153687428683,0.0119760475354269,0.365581403137185,0.00289156625512987,0.450995420047548,0.000996015965938568,0.139591836661566,0.0839813357451931,0.24938743095845,0.199166278471239,0.392426847014576,0.107991357799619,2.96474373608362,0.0300268093124032,2.67329845670611,0.0425855503417552,0.602929822751321,0.266666656825691,0.845393060240895,0.00156128022354096,0.521872586105019,0.00491400482133031,0.485633825883269,0.00287494005169719,0.145745182817336,0.00482121342793107,0.170559722464532,0,0.0286278397543356,0.00334075733553618,0.0595482566859573,0.685810827417299,0.222594148945063
2.04563704616157,0.00649913345114328,3.45808061945718,0.132163747621235,0.153846156608779,0.0547645133337937,7.35020828910638,0.0855074890423566,2.65228707820643,0.0451817847788334,11.4380167343188,0.00390497886110097,0,0.0176649186760187,8.19981909811031,0.016196760116145,2.76269349968061,0.00265869055874646,0.20417124289088,0.0260960339801386,0.0733272219076753,0.00544217694550753,0.437369285267778,0.190318127628416,0.0323216391261667,0.0348089282633737,0.0553869494469836,0.0164641314768232,5.47197638079524,0.0107655498431996,0.800777475116774,0.124999999883585,0.283904418873135,0.0341741261654533,0.020565552636981,0.0125560534652323,0.638930151471868,0.00444609113037586,0.114118510158733,0.005559416487813,0.128611372550949,0.000924641673918813,0.057963163475506,0.0023378140758723,0.029265254328493,0,0.0563930739299394,0.0042792190797627,0.0222513091284782,0.00196142523782328,0.0846001300960779,0.00221055536530912,0.0342389282304794,0,0.0620725937187672,0.0187152249272913,1.33890549628995,0.00160352780949324,0.167413219576702,0.00106951873749495,0.50733969459543,0.00132144032977521,0.941056929412298,0.00114646030124277,0.051299826707691,0.00300571089610457,0.0785638855886646,0.0118681321037002,0.169960476108827,0.0122137404978275,2.75632106448757,0.0727537262719125,3.45222469372675,0.0186580553418025,0.793795614154078,0.0055197790497914,0.886452102276962,0.0285918521694839,0.0676552367513068,0.000917431199923158,0.946859879186377,0.0022588660067413,1.88866390648764,0.00332889467244968,0.681127266492695,0.00258541080984287,0.154328246018849,0.00275576999410987,0.172298055986175,0.000838047359138727,0.0281416792422533,0.0897683380753733
0.00862460306962021,1.45861507649533,0.104578099504579,1.72767015857971,0.00334728043526411,0.217247097869404,0.0455798563780263,10.8222298753099,0.0101608803961426,0.383080607280135,0.0040716610965319,8.6999274903792,0.0176649186760187,0,0.00200937705812976,1.09411372570321,0.00734693877166137,1.09097685961751,0.744648776308168,1.11212556576356,0.0280323449987918,0.028753993101418,0.635311848891433,0.966545004514046,0.00814479641849175,0.0354058720986359,0.00519705517217517,0.0350719432462938,0.0202415933017619,9.79184611991514,0.899275393516291,2.02869012474548,0.36236489773728,0.795238125603646,0.061783759156242,0.040987913729623,0.0380549693363719,0.059021923225373,0.0174491062061861,0.0172481377376243,0.0109950522892177,0.0130718951113522,0.00832095113582909,0.0135702752158977,0.00901213171891868,0.0139296187553555,0.0141321041737683,0.0146541613503359,0.00073286920087412,0.0153733528568409,0.000949667592067271,0.0109356018947437,0,0.000831600860692561,0.00690647447481751,0.0523848918965086,0.0102171138860285,0.864435893745394,0.0141756545635872,0.0738353374181315,0.00731158634880558,0.231111110653728,0.00228571426123381,0.314357989060227,0.000781860842835158,0.0953333323122934,0.0589836662402377,0.12597679416649,0.107788856024854,0.220671608461998,0.114071606018115,3.71511158213252,0.0322981367935427,1.90731702942867,0.0557640744373202,0.363833231851459,0.279199992946815,0.549575085984543,0,0.202914190944284,0.0029420419014059,0.307317073456943,0,0.0806873389519751,0.00434153387323022,0.160377352964133,0,0.0302795036695898,0.00144857561099343,0.0526315806491766,0.376009213738143,0.265902572311461
0.16455078125,0.00351847207639366,0.653642070537899,0.108168263715925,6.67500000621658,0.316841096850112,0.655622696445789,0.0282805434835609,21.2163744270802,0.151183969923295,0.908667306066491,0.00246305420296267,8.19981909811031,0.00200937705812976,0,0.0637745665153489,1.17663555004401,0.00337268132716417,0.0152976387180388,0.00375586864538491,0.502265352755785,0.0510204071179032,0.489361710730009,0.15648085862631,0.674736811313778,0.238285148283467,1.70385198388249,0.34587250999175,6.83835823176196,0.0332471358706243,5.19999999727588,0.320649858622346,0.0451339930295944,0.00918032787740231,0.0141426050104201,0.0376647838857025,0.681265193270519,0.0126091176061891,0.0648545557633042,0.00267737614922225,1.7389000095427,0.00393184809945524,0.0903436972294003,0.00430879695340991,0.0349514570552856,0.00165425974410027,0.0828522937372327,0.00709219835698605,0.0289375765714794,0,0.102511537261307,0,0.0721951220184565,0,0.181990513578057,0.00964727159589529,0.151777574268635,0.000919117650482804,0.0695059653371572,0.002578150248155,0.138016017153859,0.000836820108816028,0.155507563613355,0,0.0551601418992504,0,0.053196681314148,0.0163557380437851,0.0208420169656165,0.00706001010257751,6.25621410179883,0.0871212147176266,2.89311162312515,0.0502325592096895,0.304823140497319,0.0234222519211471,0.203652964788489,0.0407218874897808,0.0907297868980095,0.0012961762258783,1.04176107002422,0.00369393138680607,11.7361406097189,0.0135192228481174,0.787658131885109,0.0029300962050911,1.6764092228841,0.00970873795449734,0.620041767368093,0.000483559007989243,0.0140449439641088,0.0348432047758251
0.00242895315750502,0.104000004939735,0.0460763135924935,0.461231710854918,0.103760117024649,10.3061704279389,0.0271739135496318,1.64619717624737,0.109985529212281,13.7852951967507,0,0.674806698923931,0.016196760116145,1.09411372570321,0.0637745665153489,0,0.0277649232884869,0.365231915609911,0.0396301201544702,0.083333331393078,0.334610464517027,1.62492133199703,0.139951183344238,0.547515831713099,0.543466967297718,1.24222987622488,0.273267335258424,2.19328156323172,0.0295602012774907,14.5982404556125,0.961554053239524,1.83050845284015,0.0476023810915649,0.0931292760069482,0.0582072185352445,0.151177202584222,0.0144508673110977,0.939030263805762,0.00661000935360789,0.473916900344193,0.00261437916196883,0.871363956714049,0.117685305071063,0.158945122268051,0.0539291236782447,0.0754407565109432,0.161834126338363,0.338776827673428,0,0.0360212840605527,0.00407851114869118,0.0219780213665217,0,0.00756143685430288,0.00125549279619008,0.486518892692402,0.00362894078716636,0.0777498297975399,0.0108254393562675,0.020486555993557,0.0122436485253274,0.0364993766415864,0.00342465750873089,0.041072050051298,0.00705156475305557,0.0346735510393046,0.101480941695627,0.226232832646929,0.0330578512512147,0.0928143711062148,0.698532886337489,3.02859815536067,0.0263405453879386,3.88208188919816,0.0304568521678448,0.983311967458576,0.105834463436622,0.780018323042896,0.00648508430458605,0.134271098650061,0.00964630191447213,0.283914994099177,0.00766609859419987,2.30234503396787,0.00534453132422641,0.465096898726188,0.00103252450935543,2.46961091412231,0.00155722821364179,0.190522006480023,0.449826996191405,0.0906593429390341
2.30898878769949,0.026720883208327,0.433240994228981,0.0146575691178441,0.0207253880798817,0.0102171134203672,0.424374308204278,0.00964765105163679,0.307387875393033,0.00481927720829844,6.73291912768036,0.0126315783709288,2.76269349968061,0.00734693877166137,1.17663555004401,0.0277649232884869,0,0.0501089312601835,0.132739785127342,0.041368936363142,0.0317145697772503,0.0135658914223313,0.0332268364727497,0.0122850123443641,0.00879765395075083,0.00408163270913064,0.0150375934317708,0.0116110304370522,5.63915190595435,0.108705662772991,0.104493205435574,0.0166389351943508,0.418260878475849,0.168655527289957,0.287683039437979,0.717123934999108,0.657011174364015,0.116644826950505,0.093529790872708,0.0187683291733265,0.248715323163196,0.00404040422290564,0.240571662434377,0.0809248557197861,0.1981363480445,0.0818278418155387,0.121212120051496,0.0576773184584454,0.164630903746001,0.027571581536904,0.430778361624107,0.0269828283344395,0.122853372478858,0.00513149471953511,0.0890072291367687,0.0676015831995755,5.10799606633373,0.0471698096953332,0.956231738382485,0.0272691863938235,1.49298890086357,0.0226537208072841,3.61214157671202,0.020725388545543,0.55257007596083,0.0334261832758784,0.596294235787354,0.319810488726944,0.319914108840749,0.164478231454268,0.664524419582449,0.0812182724475861,3.60866791405715,0.0954151196638122,0.783120708307251,0.0479520466178656,0.707376081263646,0.4443076843163,3.5492386687547,0.045680238166824,8.7191542040091,0.0381069445284083,3.1714124744758,0.0229382839752361,1.3165313526988,0.041018386662472,0.15217391832266,0.0104046240448952,0.210558254388161,0.0177777782082558,0.0945945968851447,0.055617350153625
0.00685653975233436,2.4195919217309,0.00260281114606187,0.116495583788492,0.00225225230678916,0.068965514190495,0.00248601607745513,0.229999994189711,0.00228832941502333,0.0359408028889447,0.00434310548007488,6.03752345778048,0.00265869055874646,1.09097685961751,0.00337268132716417,0.365231915609911,0.0501089312601835,0,0.0754716986557469,0.228986503207125,0.0241740531055257,0.0791139260400087,0.0279595471802168,0.037397159030661,0.00501253129914403,0.0164512335322797,0.00589970499277115,0.0409937880467623,0.0767660292331129,14.7607154643629,0.0512581557268277,0.112039309926331,0.312006323074456,0.381646044785157,0.261306529864669,0.387897598557174,0.0205596811138093,0.102389075327665,0.0156162860803306,0.0278781617525965,0.0066390042193234,0.0523731596767902,0.0261723019648343,0.0588472395320423,0.0361074428074062,0.0624408703297377,0.0212040888145566,0.0471765560796484,0.000945626467000693,0.0736543899402022,0.0100055584916845,0.0351008220459335,0.00114547542762011,0.00223338906653225,0.00279622501693666,0.0809824129100889,0.0372184123843908,3.27223333262373,0.0737362237414345,0.145051800471265,0.0346702925744466,0.439117934904061,0.0159124806523323,5.47723718639463,0.0123456786386669,0.301760269794613,0.284659992903471,0.590745337540284,0.139379476895556,0.556283490848728,0.136465325020254,1.77654866594821,0.0322043299674988,3.95449619973078,0.0271782573545352,0.556366567849182,0.134676571353339,1.09746898408048,0.00986031233333051,9.59322006034199,0.0272890473715961,6.58060809248127,0.00593178416602314,0.57101307209814,0.0191290198126808,0.672329012304544,0,0.110091738402843,0.0039682540227659,0.0929018809692934,0.492857145611197,0.0548187459353358
2.58007675289991,0.384686771605629,7.4000448838342,3.44859038182767,0.00746578158577904,0.0345252774422988,0.737458795309067,2.31801248725969,0.0100713386200368,0.0213692121324129,0.261606777319685,0.715576411457732,0.20417124289088,0.744648776308168,0.0152976387180388,0.0396301201544702,0.132739785127342,0.0754716986557469,0,16.6562676217291,0.018123667803593,0.0210637180134654,6.62646994611714,2.71864619886037,0.00448229489848018,0.00855798018164933,0.00429184554377571,0.0115812917938456,0.389105058275163,0.284397622570395,2.88816976733506,1.21273409482092,15.0331548711983,9.92191621963866,0.666666675359011,0.278586280532181,0.176865047018509,0.0200585033744574,0.0477759462082759,0.013219284825027,0.0782608659937978,0.00538502936251462,0.00590667477808893,0.00256739417091012,0.00688231259118766,0.0029101490508765,0.0134310139110312,0.0116516172420233,0.00145454541780055,0.00508536148117855,0.00283486896660179,0.001207364955917,0,0,0.0160183059051633,0.0317982458509505,0.429328235564753,0.170403583848383,0.11267605330795,0.027955736964941,0.0525580106768757,0.0235207639634609,0.0498866220004857,0.0251335208304226,0.00310197751969099,0.013240649132058,0.390155799686909,0.251178131555207,8.56410273408983,1.06655144807883,1.1432109226007,2.35038878495106,0.473727425036486,0.700523988401983,0.159066816559061,0.521413269918412,0.538675116375089,1.37158908491256,0.00539956788998097,0.0288153674919158,0.0245614032028243,0.0330016982043162,0.0218209173763171,0.0140845075366087,0.0183816902863327,0.0156586419325322,0.00178015127312392,0.0123219098895788,0.0100888783636037,0.00358182215131819,0.729344710707664,0.353340874426067
0.109642471448751,3.22676746131037,0.225509107636753,10.7398244420183,0.00230858026770875,0.0526516581885517,0.0495575211243704,4.15249869780382,0.00311162974685431,0.0316758758272044,0.0172607880085707,1.12013536010636,0.0260960339801386,1.11212556576356,0.00375586864538491,0.083333331393078,0.041368936363142,0.228986503207125,16.6562676217291,0,0.0377906975336373,0.0527072342811152,1.15221030646353,1.69059194391593,0.00909466692246497,0.0118811879656278,0.00476568716112524,0.0279490341199562,0.0721271425718442,0.513949170708656,0.843381606042385,1.04828553716652,3.6941878812504,5.56514413113473,0.258122742059641,0.132575761526823,0.173271177103743,0.0348702049814165,0.063455659605097,0.0195652180700563,0.040433925576508,0.0205378972459584,0.00503637391375378,0.00786924973363057,0.00517129944637418,0.00885257101617754,0.0242494224803522,0.0154653408098966,0.00136147043667734,0.00884053041227162,0.00361909065395594,0.00399885745719075,0.00077851302921772,0.000765110948123038,0.0200868628453463,0.047445255855564,0.149989813100547,0.7920345114253,0.0654313854756765,0.10104914061958,0.0339973457157612,0.0543141965172254,0.0303458016132936,0.0777217480354011,0.00216841336805373,0.0292926146648824,0.440112640382722,0.543321296223439,4.14256346155889,3.76338928309269,0.485637697041966,3.09616122988518,0.099085362162441,1.34657170210266,0.11378977750428,0.890077820804436,0.668143251386937,2.22611942060757,0.00294117664452642,0.0688651807722636,0.0238359199720435,0.07055001007393,0.00562192546203732,0.0332640325650573,0.0125501136062667,0.0336039257817902,0.000821355264633894,0.031597844325006,0.00965295330388471,0.0137486569583416,1.1250643862877,0.37871033186093
0.0114671167102642,0.0266853935318068,0.0305140967248008,0.0428316467441618,0.141201258637011,1.22142127226107,0.0260000012349337,0.0345075493678451,0.149837139062583,0.272300476790406,0.0295566511340439,0.0199233720777556,0.0733272219076753,0.0280323449987918,0.502265352755785,0.334610464517027,0.0317145697772503,0.0241740531055257,0.018123667803593,0.0377906975336373,0,3.96796320565045,0.0362919120816514,0.0433134799823165,3.4564369157888,2.31542854662985,0.999999999068677,2.37292459188029,1.22688036586624,0.210659894160926,4.9461714271456,1.69536423683167,0.0281524937599897,0.0250130267813802,0.028268551453948,0.0519480518996716,0.441558441147208,0.171858221292496,0.120082817971706,0.0486486498266459,1.78306872909889,0.217721520457417,0.0145530146546662,0.0278113672975451,0.0138504151254892,0.0217560222372413,0.0330760760698467,0.0426179592031986,0,0.00774593325331807,0.00433056650217623,0.00108049705158919,0,0.00622406671755016,0.0363815155578777,0.0667886547162198,0.00798280612798408,0.0167649792856537,0.00443458976224065,0.00304259627591819,0.00472813233500347,0.0111199367092922,0.00337837846018374,0.00581057509407401,0.00179051025770605,0.00898011575918645,0.0141557127353735,0.0388209930388257,0.0299684548517689,0.0469483574852347,4.45785662066191,2.89296623691916,0.381930198054761,0.55937193450518,0.712264161556959,1.26108372211456,0.392823413014412,0.520388360600919,0.0102564105764031,0.0388349518179893,0.0337078665615991,0.0112824371899478,1.25752507336438,0.153721687966026,0.0391485216096044,0.0241294226143509,0.249681532382965,0.167400885256939,0.0599777883617207,0.011980033130385,2.62798626674339,1.86184211913496
0.000669344037305564,0.0397074180655181,0.00394996698014438,0.0449039863888174,0.0740740718320012,6.13279656507075,0.00397713156417012,0.0414680656394921,0.0677966102957726,0.507352943066508,0.00192678230814636,0.0376506010070443,0.00544217694550753,0.028753993101418,0.0510204071179032,1.62492133199703,0.0135658914223313,0.0791139260400087,0.0210637180134654,0.0527072342811152,3.96796320565045,0,0.0242376861278899,0.0299465246498585,0.989898988977075,1.72383078513667,0.482603837735951,11.9230768259149,0.0462006058078259,0.566604110528715,1.6572280311957,1.14703493448906,0.0358796298969537,0.0576725052669644,0.0882852310314775,0.123711344785988,0.0485744473990053,1.39832280296832,0.0222446920815855,4.22418362274766,0.014962594024837,1.98564585996792,0.0451977383345366,0.0775193783920258,0.0231765515636653,0.0259541985578835,0.0326619471888989,0.129388165427372,0.00152555305976421,0.0167427703272551,0.00143163918983191,0.00853788666427135,0,0.0060790276620537,0.00388915906660259,0.37030330154812,0.00365853658877313,0.0351417994243093,0.00656814454123378,0.0150375935481861,0.00935453688725829,0.0156006240285933,0,0.0172018341254443,0.00701754400506616,0.0214917833218351,0.040133778238669,0.104099820950069,0.0387296662665904,0.109714284539223,2.83130070753396,5.08366549015045,0.0742226685397327,1.42802299372852,0.178970918059349,2.69463875424117,0.158964881906286,0.892687536543235,0.00484261522069573,0.11034482717514,0.00605754693970084,0.0477255769073963,0.0131255127489567,0.872120750485919,0.00486617995193228,0.101362402900122,0.00247524748556316,1.53195163665805,0.00220264313975349,0.0601056822342798,4.72784822015092,0.66055048070848
0.060951633786317,0.0511169245291967,6.41627705539577,3.99197511188686,1.89055371412542,0.775549813173711,1.71507920202566,3.40768993040547,0.656804761674721,0.53421218477888,0.039540815516375,0.11500291666016,0.437369285267778,0.635311848891433,0.489361710730009,0.139951183344238,0.0332268364727497,0.0279595471802168,6.62646994611714,1.15221030646353,0.0362919120816514,0.0242376861278899,0,11.7933464227244,2.26851214386988,0.505340475705452,0.304449651157483,0.151515153702348,0.201977015007287,0.249932366539724,9.8720929864794,3.23039944068296,7.98222662997432,1.29405944631435,0.538890957366675,0.206736348336563,0.044006566866301,0.0117955442983657,0.0129575643222779,0.00309501716401428,0.00400160060962662,0.00317965028807521,0.0039555006660521,0.0021192051935941,0.00280504900729284,0.000586854468565434,0.00711562915239483,0.0107526881620288,0.000586682290304452,0.00234466581605375,0.00327064585871994,0.00100704934448004,0,0,0.00433213007636368,0.0134664500365034,0.0383042020548601,0.0531636095838621,0.0244585974141955,0.00977278337813914,0.0108593010809273,0.0153846152825281,0.00665658095385879,0.0135346179595217,0.00494132190942764,0.00652173883281648,0.131682385399472,0.076687742723152,0.187075837689918,0.174907493637875,0.375730048399419,1.19600254110992,0.118255255452823,0.225477710366249,0.0581532437354326,0.0593589225900359,0.23647798364982,0.314185980241746,0.00159299082588404,0.01421239587944,0.0122579062008299,0.0146443519042805,0.0416038587572984,0.0113196303718723,0.011597937787883,0.0138696259818971,0.00481761881383136,0.00921375903999433,0.0045624220801983,0.00390167784644291,0.0712510369485244,0.141030925093219
0.019554342579795,0.0775519738672301,1.2981115404109,11.6262771411566,0.159529804368503,1.98835268616676,0.675501541118138,5.12557959204423,0.185216646641493,1.4307445679442,0.0220588237862103,0.178962753561791,0.190318127628416,0.966545004514046,0.15648085862631,0.547515831713099,0.0122850123443641,0.037397159030661,2.71864619886037,1.69059194391593,0.0433134799823165,0.0299465246498585,11.7933464227244,0,0.722979130689055,1.43067591037834,0.0843111674766988,0.126353789819404,0.0759410788305104,0.487205044890288,5.86264532699715,3.98561140825041,1.66794135130476,0.627088329580147,0.19109555426985,0.0696569918654859,0.0330929142655805,0.0194585444405675,0.0100041681434959,0.00550530885811895,0.00441744877025485,0.00547045958228409,0.0041703901370056,0.00323939108056948,0.00139033712912351,0.00367647066013888,0.00985525082796812,0.010575792985037,0.000735023873858154,0.00220264313975349,0.00142721214797348,0.00060901342658326,0,0,0.000576867605559528,0.0143686098745093,0.0123667373554781,0.0403953576460481,0.00494284834712744,0.0105726874899119,0.00563697831239551,0.0141158986953087,0.000764233875088394,0.0171211163979024,0,0.00668449210934341,0.0527272730832919,0.0355871881765779,0.0696038531605154,0.070897157129366,0.219715960382018,1.91549299331382,0.0440382204251364,0.438825452700257,0.0775444228202105,0.0793909769272432,0.25842696626205,0.269589937059209,0.00109709275420755,0.0108401081524789,0.00353877909947187,0.0288367546163499,0.0136934198671952,0.0284750832943246,0.0039855073846411,0.02637795265764,0,0.0155763234943151,0.00193517177831382,0.00766110882977955,0.103128618327901,0.229130692197941
