0,0.0233653669129126,5.95489249535603,0.0559511721075978,0.00867553520947695,0.00626423716312274,6.92731465605902,0.037558684241958,0.0242245189729147,0.000576701248064637,4.73632440110669,0.0194942036177963,2.88058741862187,0.0165213398868218,0.244049123837613,0.000998003990389407,2.82036447606515,0.0155955895315856,3.19660858003772,0.314009665162303,0.0356164393015206,0.00750853231875226,0.0585722993128002,0.0204271120019257,0.000616332807112485,0.002414729911834,0.00835571507923305,0.00248601613566279,2.81753620272502,0.0183032403583638,0.34187582146842,0.034211240708828,2.65654372665449,0.659803029964678,0.0844793718424626,0.0148448038380593,0.367192053701729,0.0070072989910841,0.350604501378257,0.0111420615576208,0.302797214535531,0.00069372181314975,0.0050274224486202,0.000961538462433964,0.00566280598286539,0.00316205550916493,0.034666049759835,0.0133303710026667,0.00267522729700431,0.00155400153016672,0.0244976077228785,0.000934797863010317,0.00465793302282691,0,0.0362821941962466,0.0356987379491329,14.5519906644768,0.0192479059332982,0.56559493925306,0.000905797118321061,1.75584184995387,0.00320684141479433,0.686413012153935,0.00571428565308452,0.238623759360053,0.00296442699618638,0.364912268589251,0.031481129990425,8.57408368057804,0.174763039685786,0.836384746187832,0.0694846571423113,3.55600111879176,0.0432900415034965,0.793138917768374,0.0337698135990649,0.886132990708575,0.0738007371546701,0.0784994811401702,0.00761772831901908,0.583883770275861,0.0066160733695142,0.416350826330017,0.00645334739238024,0.460058057389688,0.00360065459972247,0.0451219512615353,0.000555401260498911,0.0525394061696716,0.000365430285455659,0.0850450471043587,0.0823487265734002
0.0233653669129126,0,0.0166143622482195,4.33247389621101,0.00118448329158127,0.0495482378755696,0.00588782134582289,2.86813861588598,0,0.0218482442433015,0.00237107300199568,6.13781954860315,0.00219780224142596,1.08113166294061,0.00102301791775972,0.0784313719486818,0.00473933666944504,3.55964817863423,0.254961472121067,2.93136599776335,0.0239520958857611,0.0308880303055048,0.0194375519931782,0.0440028384618927,0,0.0136138611705974,0.000611620780546218,0.0146636920399033,0.0124937534565106,1.55931354139466,0.0674945986247621,0.123820096254349,0.132251725473907,1.76840666611679,0.0174907493637875,0.013874436262995,0.025112108560279,0.0915071736671962,0.0235779536888003,0.0210886293207295,0.000719683361239731,0.0142755173146725,0.00372526189312339,0.0127482224488631,0.0042060986161232,0.0129240704700351,0.00847856799373403,0.0113122172479052,0,0.00899470911826938,0.00155520997941494,0.00809909470262937,0,0,0.0045620437595062,0.0363394644809887,0.0281038777029607,11.1967445878545,0.0153110045939684,0.262514421367086,0.00444642064394429,0.476918856496923,0.00222283974289894,0.628793394716922,0,0.133602217247244,0.0832395919715054,0.31047766917618,0.372320230933838,2.73626715270802,0.111309528059792,0.772013061214238,0.0158357777399942,1.45271867781412,0.0289343689801171,0.38638779806206,0.133256416884251,0.745496784569696,0,0.188101171050221,0.00358663988299668,0.582443639345001,0.00166066980455071,0.0736668503377587,0.00216517169610597,0.179134184145369,0.000625195389147848,0.0187499994062819,0.00593119795667008,0.0307863499619998,0.392724584555253,0.0641592917963862
5.95489249535603,0.0166143622482195,0,0.771637785073835,1.34473100933246,0.225842068379279,12.2136939311167,0.347385672386736,0.112160234013572,0.0363331465632655,0.844319751195144,0.0419866871088743,1.8527736836113,0.0841539821121842,0.197512802114943,0.0184555604937486,0.356041482009459,0.00992426217999309,13.4917300002417,0.662521458871197,0.0257425750605762,0.00657894765026867,5.06067239446566,1.43911270858371,0.121609541354701,0.167104879627004,0.0913030920783058,0.06009615608491,1.11614593479317,0.0568263891618699,5.44749682833208,0.479304005624726,8.07936127530411,0.609436455415562,0.148546149430331,0.010409889742732,0.192873311520088,0,0.143415184982587,0.00378378387540579,0.110437705880031,0.00267290347255766,0.00267498887842521,0.000936768134124577,0.00350438029272482,0.00102432782296091,0.00946585508063436,0.00607243541162461,0.00155925157014281,0,0.0116213686706033,0.000455684668850154,0.000564174901228398,0,0.0179234976822045,0.0178571424912661,0.953380374092376,0.0125852128257975,0.269045983557589,0.00309323900728486,0.204307950771181,0.00363447575364262,0.0759894456714392,0.00556844542734325,0.0457727495813742,0.00144300147076137,0.18425338860834,0.026750881690532,1.27192988467868,0.065978197962977,2.45733599073719,0.214365890715271,1.51069142855704,0.0710489538032562,0.357685944240075,0.0371845960617065,0.587752841238398,0.0754197600763291,0.0160588826984167,0.00266844569705427,0.103181430604309,0.00876357412198558,0.101472129113972,0.00992426217999309,0.0621901775593869,0.00321543397149071,0.0129793509840965,0.0016168148140423,0.0148599735111929,0.000716460694093257,0.0714038128498942,0.0571822273777798
0.0559511721075978,4.33247389621101,0.771637785073835,0,0.0977822551503778,3.1879660456907,0.367920492310077,16.7555177470786,0.0415917846257798,0.664655643166043,0.0166456494480371,2.18485829886049,0.129546776617644,3.48767464156845,0.0279937791056,0.399734390142839,0.0100831862073392,0.222274773695972,1.32827246023226,12.3941549755982,0.0979591794312,0.0941860461607575,2.38474286848214,14.7106681862497,0.100665774894878,0.697358130360954,0.0606060596765019,0.269849784905091,0.0683649048733059,1.14605753537035,3.08870776713593,4.22513704717858,0.434857264684979,1.66050625813659,0.0258136936463416,0.00690846308134496,0.0868902406655252,0.0564167739939876,0.127008027397096,0.0209756097756326,0.0136498515494168,0.0123784256866202,0.00532132605439983,0.0197002136264928,0.00364050059579313,0.00696864095516503,0.0169526565878186,0.0187587305845227,0.000470809784019366,0.00594829555484466,0.000348735833540559,0.00292336608981714,0.000506970856804401,0.00050632911734283,0.0205025123432279,0.036050155875273,0.0231772090774029,0.675379826745484,0.00754558778135106,0.0572472607309464,0.00668107660021633,0.137347129522823,0.00286396185401827,0.190658168226946,0.00145843464997597,0.0640631844871677,0.047594937030226,0.10755662995507,0.210944806807674,1.19505924289115,0.415084774140269,2.75983851286583,0.0819795085117221,1.3866666124668,0.10218977695331,0.499413818819448,0.504682123661041,1.08554432354867,0,0.0788699196418747,0.00356294534867629,0.289962817565538,0.00713606073986739,0.085126509075053,0.00255065897363238,0.0924471333855763,0.000527704483829439,0.0350279733538628,0.0187643825775012,0.0160454618744552,0.538203983101994,0.219194670789875
0.00867553520947695,0.00118448329158127,1.34473100933246,0.0977822551503778,0,0.455120117403567,0.300542883109301,0.0124117265222594,8.0082472669892,0.0299089725594968,0.0288524590432644,0,0.171047766809352,0,3.92527905292809,0.0298363810870796,0.0301244271686301,0,0.00821692694444209,0.000762195093557239,0.446464666631073,0.0720000034198165,0.785403424466494,0.227922625897918,1.85855508991517,0.637744043022394,2.46446157514583,0.860248463228345,1.19182533904677,0.0170373874716461,3.79191374464426,0.233884777408093,0.075709781376645,0.00315208826214075,0.00177935941610485,0.00193423603195697,0.0414438510779291,0.00535117043182254,0.0246113983448595,0.00361445790622383,1.00430109607987,0,0.00408830732339993,0,0.00306905375327915,0,0.00250312895514071,0,0.00221238937228918,0,0.00910470436792821,0,0.00398671079892665,0,0.00394477305235341,0.00225225230678916,0.00742115010507405,0,0.000858000887092203,0,0.00604001525789499,0,0.00799999991431832,0,0.00477897236123681,0,0.00401721650268883,0,0.00217864918522537,0,2.43679680244531,0.0669291336089373,0.212684181984514,0.028664494631812,0.0791878192685544,0.0102880655322224,0.024721878580749,0.0075329567771405,0.0231822961941361,0,0.0359877499868162,0,0.945578244281933,0.00670765782706439,0.0277236308902502,0,0.251851851353422,0.00718132825568318,0.039264568593353,0.000564493355341256,0.00236686388961971,0.00231749704107642
0.00626423716312274,0.0495482378755696,0.225842068379279,3.1879660456907,0.455120117403567,0,0.156256707152352,1.21895493156626,0.283631556434557,11.4484923396958,0.0101329954341054,0.0791666707955301,0.0696914680302143,0.17888799298089,0.217494087410159,7.5675422209315,0.00885515462141484,0.0651112315244973,0.0827974262647331,0.125466768164188,3.40804589528125,10.3624287580606,0.537323258642573,2.12006580526941,1.2739226212725,17.8148925304413,2.24135594407562,23.8882267194567,0.179429093026556,2.85925234772731,4.10791006498039,7.51521894824691,0.0580730315996334,0.080246914178133,0.0203735148534179,0.0275735295144841,0.0270967752439901,0.565526145044714,0.060075094923377,2.12252044107299,0.00813008099794388,1.18570009502582,0.0175999995553866,0.099824866745621,0.00995520153082907,0.047941634664312,0.0277437778422609,0.078476189635694,0.0010741138830781,0.0110831235069782,0.00179157959064469,0.00582605064846575,0,0.00383631710428745,0.00540749309584498,0.378955113701522,0.00522602582350373,0.0348058884264901,0.00335429771803319,0.00866141729056835,0.00443951168563217,0.0171489808708429,0.00110864744056016,0.0146299482439645,0,0.0184162065852433,0.020344729302451,0.0694730633404106,0.0370370375458151,0.11333333211951,2.35654947906733,6.23320654127747,0.136222911532968,2.25173064519186,0.11164581310004,0.980506829917431,0.279904295923188,0.973891887580976,0,0.0217391313053668,0.00750187551602721,0.0594544910709374,0.0418041802477092,1.70157351717353,0.00470991220208816,0.0571563522971701,0.0185185184236616,1.97449266351759,0.00858106056693941,0.0583819847088307,0.55172411352396,0.307524523464963
6.92731465605902,0.00588782134582289,12.2136939311167,0.367920492310077,0.300542883109301,0.156256707152352,0,0.146580640925094,1.17740513011813,0.0281690144038294,2.81355926929973,0.0129476031288505,12.6521286000498,0.0250681198085658,1.37446475308388,0.0104752664628904,0.334926161973272,0.00205507603823207,1.24478313169675,0.105244695441797,0.0329481170629151,0.00588668114505708,1.18997366353869,0.614482129341923,0.0560109286161605,0.0995515667600557,0.0471320588258095,0.036655212752521,2.35066916249343,0.0211946050694678,1.25547441258095,0.219461698725354,0.993202415993437,0.112199463037541,0.0209473929135129,0.00437849666923285,0.125956702977419,0.000437445327406749,0.172689896804513,0.00675533059984446,0.0748689752072096,0,0.00362122023943812,0.00150744302663952,0.00357710657408461,0.00121408340055496,0.0182681775186211,0.0017705382197164,0.00409416592447087,0.000399361015297472,0.0153797867533285,0,0.000436490605352446,0,0.0131860303226858,0.0142832260171417,0.755912378663197,0.00355134671553969,0.132026628940366,0.000359518249752,0.721271408547182,0.00081816321471706,0.208825350506231,0.00224424916086718,0.125026308844099,0,0.0515086853702087,0.00809968821704388,0.204762875277083,0.0159186380915344,1.91543156572152,0.0891110641532578,1.84217340918258,0.0216825676034205,0.461349097953644,0.011854778509587,0.658146953210235,0.023126337735448,0.0228514665504918,0.000991325941868126,0.251713842153549,0.00190900411689654,0.209873991785571,0.00452116728411056,0.27423966632341,0.00110238394699991,0.0302688044903334,0.000842459965497255,0.0232262167555746,0,0.0336562993470579,0.0467005087994039
0.037558684241958,2.86813861588598,0.347385672386736,16.7555177470786,0.0124117265222594,1.21895493156626,0.146580640925094,0,0.00521739141549915,2.09481097437674,0.00813704475876875,4.98503287235508,0.0417379416176118,10.1805130722933,0.00653092577704228,0.836300965631381,0.00470890407450497,0.27847589092562,0.991217075788882,2.39140223409049,0.0449818630877417,0.0443908333545551,1.09099806737504,2.10139410494594,0.0152466363506392,0.157685513579054,0.0153307055006735,0.073088200238999,0.0256700648460537,1.85850137419766,1.91639995158766,2.8656595380744,0.266592089756159,1.10892136764596,0.0112438509240746,0.00574300065636635,0.040508511418011,0.0538793101441115,0.0754958398465533,0.0120707595488057,0.00736196350771934,0.00536847242619842,0.00572348432615399,0.0104186047101393,0.000392156856833026,0.01037924119737,0.00902201354620047,0.00874737597769126,0.000403795682359487,0.00315208826214075,0.00124223600141704,0.000728067010641098,0,0.000429645529948175,0.0109154925739858,0.0244448269659188,0.0179242552840151,0.770290087588364,0.00401753120240755,0.0543420373869594,0.00483258540043607,0.159370585170109,0.00163432070985436,0.23822713890695,0.000830047705676407,0.0395211847499013,0.0277526405407116,0.0856966687715612,0.106002807850018,0.414288812375162,0.263745708274655,2.12251016826485,0.0450488745700568,0.8205128274858,0.0518159791245125,0.211804715334438,0.304429986863397,0.431827784632333,0,0.0857908851467073,0.00138961267657578,0.327667606528848,0.00325931957922876,0.0693149597500451,0.00231898998026736,0.113583623431623,0.000444938807049766,0.016611295286566,0.0103871575556695,0.0203349274815992,0.197994981717784,0.14221556863049
0.0242245189729147,0,0.112160234013572,0.0415917846257798,8.0082472669892,0.283631556434557,1.17740513011813,0.00521739141549915,0,0.0177474400261417,0.219008267624304,0,4.90791481093038,0.000849256874062121,19.5352105807979,0.0259351611603051,0.121045392937958,0.00116550119128078,0.00338839483447373,0.000784006260801107,0.154852774227038,0.0474649388343096,0.214824977214448,0.0841648589703254,0.499194852309301,0.345038169063628,0.991097916848958,0.516872426960617,3.10480769519927,0.0156862754374743,1.13692485494539,0.133333338424563,0.00652376527432352,0.00324543612077832,0,0,0.0224877018481493,0.00140646973159164,0.0231135283829644,0.0037807181943208,0.0186697784811258,0,0.010113779688254,0,0.00212539848871529,0,0.0103270222898573,0.000800640496890992,0.00230547552928329,0,0.0130353823187761,0,0.011173184029758,0,0.00487408612389117,0,0.0194594599306583,0.000554323720280081,0.00354295829311013,0,0.0116459629498422,0,0.0119260582141578,0.000910332251805812,0.0174890700727701,0,0.00117233290802687,0.000611620780546218,0.00226885988377035,0.00145666429307312,3.62169684749097,0.0523776700720191,0.368279569549486,0.0218878258019686,0.0986842112615705,0.011123470030725,0.0634304182603955,0.00921052671037614,0.0296803640667349,0,0.0764080351218581,0,0.986398534616455,0.016317016677931,0.0475352103821933,0.000486973469378427,0.162881754338741,0,0.0165816323133186,0,0.00777202052995563,0.0151898735202849
0.000576701248064637,0.0218482442433015,0.0363331465632655,0.664655643166043,0.0299089725594968,11.4484923396958,0.0281690144038294,2.09481097437674,0.0177474400261417,0,0.00390879472251981,0.0533049053046852,0.0118037620559335,0.508613619022071,0.020280058553908,8.22222202504054,0.00130123621784151,0.0433574201306328,0.0531914902967401,0.0820045529399067,0.308000014629215,0.570297047495842,0.102769437595271,0.447236176114529,0.0935849056113511,1.80617370642722,0.15653389133513,2.12480747292284,0.0166435501305386,0.973151193058584,0.697050930466503,3.28644354164135,0.017945267027244,0.0400313981808722,0.00176366837695241,0.00766283506527543,0.0185922980308533,0.139534877962433,0.0321750325383618,0.10059880418703,0.00425531901419163,0.128764283843338,0.00488599331583828,0.0258928572875448,0.00508905854076147,0.0181333335349336,0.0116327374707907,0.0232468033209443,0.00110011000651866,0.00206079334020615,0,0.000847816874738783,0,0,0,0.0269259545020759,0.00105736183468252,0.0216743419878185,0,0.00160256412345916,0.00300864991731942,0.00439077941700816,0,0.0149122810107656,0.00118764850776643,0.00751879718154669,0.00686695310287178,0.0262451523449272,0.010834236163646,0.0329670337960124,0.374753467622213,1.88265967788175,0.0203691907227039,0.723624567501247,0.0422110548242927,0.329938916489482,0.117936115711927,0.293200242449529,0.00208550575189292,0.0185950405430049,0,0.0329294808325358,0.0101465609623119,0.667037232778966,0.00129673656192608,0.0267303106375039,0,0.316478278720751,0.00186393287731335,0.0146355190081522,0.142690056702122,0.148911805590615
4.73632440110669,0.00237107300199568,0.844319751195144,0.0166456494480371,0.0288524590432644,0.0101329954341054,2.81355926929973,0.00813704475876875,0.219008267624304,0.00390879472251981,0,0.00322061183396727,13.2683473893558,0.00329896900802851,1.95238094578963,0.000963855418376625,6.40419945120811,0.00111982086673379,0.24598931230139,0.0358641729690135,0.0567375915125012,0.0180541626177728,0.03686327196192,0.0218947364483029,0,0.00434782623779029,0.0112834982573986,0.00155642023310065,3.16279076505452,0.00568720372393727,0.195464357617311,0.023999999742955,0.17418772453675,0.0433925035758875,0.0142729701474309,0,0.171466842293739,0.00134048261679709,0.259571708738804,0.00844900403171778,0.207119733095169,0.00421052612364292,0.0130986487492919,0,0.0122950812801719,0.0021482277661562,0.0284043446881697,0.00467289704829454,0.00886426586657763,0,0.0334143391228281,0,0.0093209050828591,0,0.0276461298926733,0.0232995121623389,2.97241380711785,0.00163132144371048,0.0824742279946804,0,0.70672714500688,0,0.942186580272391,0.00176444638054818,0.13644523685798,0,0.0315910400240682,0.00838323368225247,0.0774686320219189,0.0166320162825286,1.20159149123356,0.0394477334339172,2.43774076527916,0.0130548304878175,0.708757672458887,0.0206398358568549,0.567182668019086,0.0213836474576965,0.175475684693083,0,1.21579153009225,0.00249532121233642,2.3532083388418,0.00223964173346758,0.394018203718588,0.000957625103183091,0.0979955485090613,0.00119904079474509,0.0467872727313079,0,0.0783848015125841,0.0906976740807295
0.0194942036177963,6.13781954860315,0.0419866871088743,2.18485829886049,0,0.0791666707955301,0.0129476031288505,4.98503287235508,0,0.0533049053046852,0.00322061183396727,0,0.00592300115386024,10.6189444623888,0,0.283940397086553,0.00321715814061463,6.72872598865069,0.567821067292243,1.37069550459273,0.0240963846445084,0.0418535126373172,0.0529323313385248,0.135493373032659,0.003629763959907,0.0139453802257776,0.00113700970541686,0.0196801964193583,0.0112404655665159,10.3108934357297,0.272685812378768,0.375896702287719,0.100117325782776,0.717663430608809,0.0287277713650838,0.0131195340072736,0.030534349847585,0.0632842346094549,0.0361317743081599,0.0140140138100833,0.00630914838984609,0.0185902398079634,0.00574712641537189,0.0451713381335139,0.00610553857404739,0.0408533829613589,0.0131627060472965,0.0213131657219492,0,0.0123402383178473,0.00110101839527488,0.00297729810699821,0.00108518719207495,0,0.00556909153237939,0.0159893408417702,0.00632449518889189,1.42323956242763,0.00899213156662881,0.0609065147582442,0.00200870441040024,0.154418607940897,0,0.246932509588078,0.00596421444788575,0.0456026042811573,0.0517917891265824,0.121706059202552,0.148114071169402,0.589686128310859,0.133044886635616,1.62406019121408,0.0168509744107723,4.08008552633692,0.0393046112731099,0.531297711655498,0.121676888782531,0.551009849179536,0,0.584876547567546,0.00338983052643016,0.532844672561623,0.00380589906126261,0.113775271747727,0.00161453080363572,0.0783532525529154,0.00118483416736126,0.010950721683912,0.00563856796361506,0.0123679465614259,0.540997460484505,0.0699417146388441
2.88058741862187,0.00219780224142596,1.8527736836113,0.129546776617644,0.171047766809352,0.0696914680302143,12.6521286000498,0.0417379416176118,4.90791481093038,0.0118037620559335,13.2683473893558,0.00592300115386024,0,0.0099972226889804,15.2782937375014,0.00676714844303206,1.86592592223315,0.00202565838117152,0.243415573553648,0.0431919960537925,0.0638002755003981,0.00920386577490717,0.36153846187517,0.230357648455538,0.0265273307450116,0.0492957741371356,0.0585967602673918,0.0268183668376878,5.94828626536764,0.0109555686358362,0.583883770275861,0.0963773033581674,0.266509437933564,0.0468876296072267,0.0104484111070633,0.00453103770269081,0.16860246687429,0.00374812603695318,0.242178878106643,0.00564772309735417,0.110318595543504,0,0.0315004139556549,0.00117543339729309,0.0102301789447665,0.00131665566004813,0.0492997220717371,0.00427350448444486,0.0107346531003714,0.00064432987710461,0.0613249763264321,0.000567859155125916,0.0253920840332285,0,0.0415318214800209,0.0104248116258532,1.0052567726234,0.0024721878580749,0.0742009101668373,0,0.639455774682574,0.000670016743242741,0.634279866877478,0,0.147523715277202,0.00121543603017926,0.0326320318272337,0.00575730722630396,0.0618145554908551,0.00992745294934139,2.76080479117809,0.0645161312422715,2.6430139564327,0.0147710484452546,0.778498614672571,0.0139860139461234,0.763883918756619,0.024584237486124,0.0914231848437339,0,0.889299857080914,0.00136923775426112,1.97480430360883,0.00270087784156203,0.589982737204991,0.000373622257029638,0.204518427606672,0,0.063897761865519,0,0.0485629349714145,0.0776031462009996
0.0165213398868218,1.08113166294061,0.0841539821121842,3.48767464156845,0,0.17888799298089,0.0250681198085658,10.1805130722933,0.000849256874062121,0.508613619022071,0.00329896900802851,10.6189444623888,0.0099972226889804,0,0.00270178983919322,0.552048351033591,0.0024721878580749,0.726664182671811,0.907618446508422,1.67366636975203,0.0158730160910636,0.0294736828655005,0.293799850915093,0.669920657412149,0.00180586904753,0.030661411001347,0.00344679015688598,0.0173674593679607,0.0104814935475588,7.52074375632219,0.834845710778609,1.04108554875711,0.145559480646625,0.617219340463635,0.0128458503168076,0.00723888305947185,0.0358931542141363,0.0308977033710107,0.0400982003775425,0.00625000009313226,0.006557377288118,0.00539665401447564,0.00239091459661722,0.00958466436713934,0.00280210166238248,0.00433996366336942,0.0048528965562582,0.00460962252691388,0,0.0035323208430782,0,0.00246229604817927,0,0,0.00815138278994709,0.0140291813295335,0.00599186797626317,0.705959386221366,0.00433302402961999,0.0342587137129158,0.00112707808148116,0.124631267972291,0.000754716980736703,0.2044164002873,0,0.0265076220966876,0.0291904211044312,0.0565637508407235,0.0994152054190636,0.329923278477509,0.143508912704419,1.76980203541461,0.0292564001865685,2.02710479311645,0.0381962866522372,0.321581212454475,0.174741862574592,0.338547926628962,0.00216333149001002,0.145317542483099,0.00170842831721529,0.248235573526472,0.00150150153785944,0.0476013384759426,0.00145006342791021,0.0586614171043038,0.000888888898771256,0.0101127966772765,0.00632757344283164,0.0108035111334175,0.304871052736416,0.106636414537206
0.244049123837613,0.00102301791775972,0.197512802114943,0.0279937791056,3.92527905292809,0.217494087410159,1.37446475308388,0.00653092577704228,19.5352105807979,0.020280058553908,1.95238094578963,0,15.2782937375014,0.00270178983919322,0,0.0337035625707358,1.01941749744583,0.000861326465383172,0.0350522410590202,0.00760215427726507,0.760341444751248,0.136986304423772,0.134090904844925,0.0549639295786619,0.199134198948741,0.20146138232667,0.834186271531507,0.275672710849904,11.1362623285968,0.0234315951820463,0.974036840489134,0.15748031786643,0.0363372091669589,0.00976880517555401,0.00603500287979841,0.00382897246163338,0.606209972756915,0.00493096653372049,0.298507462139241,0.00729594146832824,3.1428570272401,0.00672947498969734,0.0563947632908821,0.00217155274003744,0.0160771701484919,0.00166805670596659,0.0832764493534341,0.00064432987710461,0.0290474146604538,0,0.0992685451637954,0,0.0412168793845922,0,0.137548889208119,0.00688145135063678,0.182071524905041,0.00142382533522323,0.0293296080781147,0.000662470993120223,0.116279071080498,0,0.0902321523753926,0.00142704241443425,0.14318079140503,0.00150886457413435,0.0169238426024094,0.00464396306779236,0.0151962856762111,0.00505305710248649,7.50097841769457,0.178901317063719,2.37344793684315,0.0667311431025155,0.508563905255869,0.0212624575942755,0.336587634403259,0.0404515518457629,0.194331977516413,0,0.985055641212966,0.00106894713826478,14.5215500369668,0.0232558145653456,0.539805836742744,0.000848716299515218,2.83483794901986,0.0145190563052893,0.667557487846352,0.000490677135530859,0.0290275760926306,0.0429799442645162
0.000998003990389407,0.0784313719486818,0.0184555604937486,0.399734390142839,0.0298363810870796,7.5675422209315,0.0104752664628904,0.836300965631381,0.0259351611603051,8.22222202504054,0.000963855418376625,0.283940397086553,0.00676714844303206,0.552048351033591,0.0337035625707358,0,0.0115551275666803,0.212056439835578,0.116621987661347,0.214240697678179,0.874025957542472,3.08258076466154,0.079728581069503,0.202868846885394,0.140482572140172,0.958096267655492,0.182648396585137,2.85636553599034,0.0658527566702105,8.98610588017618,0.653638276504353,1.57533647632226,0.0469483554479666,0.100388598511927,0.0227001187158749,0.0391414141049609,0.0127077223733068,0.709046452539042,0.0324737343471497,1.09321267483756,0.0013513513840735,0.614770440151915,0.0467289739754051,0.192086329101585,0.0287425140850246,0.112629400100559,0.0400407201377675,0.162127522286028,0.00169635284692049,0.0161225313786417,0.00104031211230904,0.00344946543918923,0.000973235990386456,0.00873786426382139,0.00518638594076037,0.166148107324261,0.0060143418086227,0.0694871167943347,0.00347101711668074,0.0151515153120272,0.000625195389147848,0.0186282807262614,0,0.0283687934279442,0.00539568357635289,0.0374812603695318,0.055018589773681,0.147444131842349,0.0519698242424056,0.121242486522533,0.805434267967939,3.76952745986637,0.0521080050384626,3.43884895759402,0.0469055366702378,1.05256239103619,0.1476014778018,1.33084463747218,0.00133422284852713,0.0822281152941287,0.00569259939948097,0.20909815718187,0.0155574765522033,3.57161189190811,0.00309657445177436,0.126849897787906,0.00842105224728584,1.6794236851274,0.00532056379597634,0.0395797726814635,0.468817188637331,0.101910824887455
2.82036447606515,0.00473933666944504,0.356041482009459,0.0100831862073392,0.0301244271686301,0.00885515462141484,0.334926161973272,0.00470890407450497,0.121045392937958,0.00130123621784151,6.40419945120811,0.00321715814061463,1.86592592223315,0.0024721878580749,1.01941749744583,0.0115551275666803,0,0.0525727071799338,0.142211261845659,0.0373618004960008,0.0626895867753774,0.0140140138100833,0.0107166776433587,0.00588977721054107,0,0.00723588978871703,0.0267605624394491,0.00466200476512313,4.46282522997353,0.0719696991145611,0.0668824138119817,0.0136986295692623,0.774571697926149,0.197083165403455,0.708815690129995,0.439496619510464,0.770568542182446,0.0829986606258899,0.255346716498025,0.0301386375213042,0.187298165867105,0.00630252133123577,0.34355828887783,0.0637056979467161,0.220061409054324,0.087982832454145,0.212020027218387,0.035797665361315,0.222468189778738,0.018652850529179,0.625986618513707,0.00596252112882212,0.0984042522031814,0,0.134175213752314,0.0375516334315762,6.30010638118256,0.0288043465116061,1.10386267385911,0.0120724341832101,2.62235649302602,0.0143567085033283,3.01658088318072,0.015866020694375,2.30962350033224,0.0179499288205989,0.778415596112609,0.464392560534179,0.205994560732506,0.106574396020733,0.545695373322815,0.0748522665817291,2.31025648233481,0.0664928279584274,0.512195102870464,0.0205973233096302,0.915275237057358,0.36557788553182,4.56540062278509,0.0397074180655181,9.22022233327152,0.0554862861754373,5.23993190156762,0.0257270694710314,1.20060658620787,0.0258435029536486,0.174944409402087,0.0107784433057532,0.127805490628816,0.00564652727916837,0.0758293867111206,0.0487238962668926
0.0155955895315856,3.55964817863423,0.00992426217999309,0.222274773695972,0,0.0651112315244973,0.00205507603823207,0.27847589092562,0.00116550119128078,0.0433574201306328,0.00111982086673379,6.72872598865069,0.00202565838117152,0.726664182671811,0.000861326465383172,0.212056439835578,0.0525727071799338,0,0.121706863632426,0.409012131858617,0.0367705834796652,0.0507533699274063,0.0264778320561163,0.0538082597777247,0.00253807101398706,0.0145985400304198,0,0.0232408004812896,0.0430820223409683,13.0252735265531,0.0680529316887259,0.128103276598267,0.352419349423144,0.428724533412606,0.158844769466668,0.125096522737294,0.0307342051528394,0.199316637008451,0.0243767311330885,0.0447683517122641,0,0.0362438212614506,0.0221647572470829,0.122039340436459,0.0297833933145739,0.164628408674616,0.0150489085353911,0.0374293786007911,0.00579990330152214,0.0501824813545682,0.00674915662966669,0.0237547897850163,0,0.00225861091166735,0.00429184560198337,0.0868376060971059,0.0461080837994814,4.37037024495658,0.042438271921128,0.18565708771348,0.033676975290291,0.657018819241785,0.01292889053002,6.48202271398623,0.00723514182027429,0.390920546196867,0.326748539926484,0.735849081189372,0.329041496152058,1.44463973259553,0.125282170018181,2.09859953273553,0.0142700331052765,5.5489979343256,0.0208667736733332,0.408759111072868,0.147951043676585,0.981661234982312,0,11.5274815717712,0.0118343195063062,6.33141217229422,0.00197530863806605,0.28780487831682,0.00615006167208776,0.39540645229863,0,0.0351966880261898,0.00403458217624575,0.0520504703745246,0.459312850609422,0.0355871883220971
3.19660858003772,0.254961472121067,13.4917300002417,1.32827246023226,0.00821692694444209,0.0827974262647331,1.24478313169675,0.991217075788882,0.00338839483447373,0.0531914902967401,0.24598931230139,0.567821067292243,0.243415573553648,0.907618446508422,0.0350522410590202,0.116621987661347,0.142211261845659,0.121706863632426,0,12.5535411649034,0.0474683521315455,0.0356768080964684,3.83919859671732,1.39403173344908,0.00900495273526758,0.0262123206630349,0.00429737847298384,0.0218778485432267,0.319712313765194,0.518714787613135,6.18833774328232,1.98646110791015,16.3833595861215,10.1027872247505,0.627586225746199,0.114432993927039,0.205661946616601,0.0458142443676479,0.180408163170796,0.0179267341154628,0.0675381247419864,0.0182894022436813,0.00596658734139055,0.00892857124563307,0.00489339377963915,0.0115481773391366,0.0230093853315338,0.0212827149662189,0.000736919697374105,0.00211491010850295,0.00428469400503673,0,0,0.000827814568765461,0.0203429229441099,0.019047619891353,0.533874756743899,0.151297141128452,0.156935435021296,0.00943396240472794,0.0855133649893105,0.0367917586117983,0.039909637067467,0.0573047836660407,0.0178294572979212,0.00793650769628584,0.309724428225309,0.137444103835151,8.4347192812711,1.08758501172997,3.1195697223302,1.69382715714164,0.584515625494532,1.26095861481735,0.208355368464254,0.628327997401357,0.823296382499393,1.79991995421005,0.0150943396147341,0.0375536479987204,0.0380898251314647,0.0816524892579764,0.0471910117194057,0.0556586266611703,0.0170197351253591,0.0216279990854673,0.0079787231516093,0.0201785024255514,0.0233292826451361,0.00404585298383608,0.926327854627743,0.280384410172701
0.314009665162303,2.93136599776335,0.662521458871197,12.3941549755982,0.000762195093557239,0.125466768164188,0.105244695441797,2.39140223409049,0.000784006260801107,0.0820045529399067,0.0358641729690135,1.37069550459273,0.0431919960537925,1.67366636975203,0.00760215427726507,0.214240697678179,0.0373618004960008,0.409012131858617,12.5535411649034,0,0.0488974119652994,0.0973282445920631,0.233651733084116,1.37017851113342,0.00497718772385269,0.0330778538482264,0.00874056410975754,0.0327181209577248,0.0886426577344537,1.048924903851,1.17926126578823,1.37241134652868,3.71463060454698,5.18216849211603,0.154054057784379,0.0328638506471179,0.144290124531835,0.057120802346617,0.193939387798309,0.0413642959319986,0.0227048384258524,0.0419716935139149,0.00734048546291888,0.0210463019902818,0.00852179643698037,0.0182370814145543,0.032636703341268,0.0212707937462255,0.00137741048820317,0.00726792181376368,0.00455477100331336,0.00406386057147756,0.00153787003364414,0.00153491937089711,0.0308454977348447,0.034574466990307,0.202094891807064,0.949968591798097,0.0490224701352417,0.0469011703971773,0.0453938584541902,0.103851445077453,0.016865776386112,0.149732616730034,0.0108303251909092,0.044181706442032,0.400349262316013,0.222122095234226,4.2503410888603,6.14083403866971,0.922899891156703,2.53664122964256,0.145276632392779,2.66286589449737,0.172993753803894,1.05415863741655,0.825350061058998,2.89103754149983,0.00684596574865282,0.101265825331211,0.0221143465023488,0.232752607902512,0.00839160871692002,0.0956672444008291,0.00840189051814377,0.0712661119177938,0.00327064585871994,0.0433682673610747,0.0320557483937591,0.00905367560335435,1.49407517164946,0.322613588534296
0.0356164393015206,0.0239520958857611,0.0257425750605762,0.0979591794312,0.446464666631073,3.40804589528125,0.0329481170629151,0.0449818630877417,0.154852774227038,0.308000014629215,0.0567375915125012,0.0240963846445084,0.0638002755003981,0.0158730160910636,0.760341444751248,0.874025957542472,0.0626895867753774,0.0367705834796652,0.0474683521315455,0.0488974119652994,0,5.45887445379049,0.0449162937002257,0.0489130412461236,3.86357790720649,1.96449702838436,1.12570778583176,4.75466661574319,1.73622292699292,0.656507909414358,2.79878501978237,1.84691357659176,0.0202260554069653,0.0440000020898879,0.0170648458879441,0.0322580635547638,0.38413362018764,0.202716818545014,0.25248507829383,0.281639921944588,6.91836720518768,0.424096394330263,0.0188679238781333,0.0555555556202307,0.00988002843223512,0.0241145435720682,0.0182894022436813,0.0383669439470395,0.0078740157186985,0.00574300065636635,0.0152339499327354,0,0.0103412615135312,0,0.0400600908324122,0.0517403570120223,0.031530138105154,0.013999363523908,0.0133853880688548,0.00821355264633894,0.0123164375545457,0.0094191525131464,0.0231023109517992,0.00692840642295778,0.0299295769073069,0.017721519106999,0.0149304380174726,0.0491978605859913,0.0231124815763906,0.0682819355279207,5.9630012603011,3.84381329524331,0.981427174061537,1.51855567796156,0.724832218140364,1.9585253437981,0.383333326550201,0.733649280387908,0.0924574201926589,0.0380952395498753,0.0867888133507222,0.0262074131751433,2.74877653457224,0.457234211964533,0.0632507959962822,0.0203185065765865,0.733990135136992,0.372462492436171,0.143017597612925,0.014642262714915,1.12052113376558,0.855384616181254
0.00750853231875226,0.0308880303055048,0.00657894765026867,0.0941860461607575,0.0720000034198165,10.3624287580606,0.00588668114505708,0.0443908333545551,0.0474649388343096,0.570297047495842,0.0180541626177728,0.0418535126373172,0.00920386577490717,0.0294736828655005,0.136986304423772,3.08258076466154,0.0140140138100833,0.0507533699274063,0.0356768080964684,0.0973282445920631,5.45887445379049,0,0.0203334682737477,0.0410810820758343,0.543837333563715,1.62807015515864,0.743561055511236,13.9184216489084,0.184615381294861,1.06876969779842,1.83722678839695,2.1779591825325,0.0413956219563261,0.0577114454936236,0.0369127518497407,0.071146247908473,0.0805785090196878,1.00930712372065,0.175196849741042,7.39045942074154,0.0248756213113666,2.95529399998486,0.013555787387304,0.068155110348016,0.0182200412964448,0.0583395680878311,0.0203317274572328,0.0763582955114543,0.00468750006984919,0.0156806847080588,0.00216841336805373,0.00439319061115384,0.00204708287492394,0,0.00996512244455516,0.305243448819965,0.00616332807112485,0.0304471934214234,0.00443704938516021,0.00817160401493311,0.00848656275775284,0.0124610587954521,0,0.0149253727868199,0.00523560214787722,0.0188679242273793,0.0351707825902849,0.0703374770237133,0.0336391448508948,0.082788669038564,4.27263483870775,6.54417646303773,0.158760893391445,1.82125123473816,0.266958427615464,2.12162167299539,0.277064222376794,1.59061037132051,0.0095011880621314,0.0279069766402245,0.0047984643606469,0.0365535253658891,0.0598705521551892,0.923076915554702,0.00880410906393081,0.0317634185776114,0.0243309000506997,2.21347335667815,0.00745990313589573,0.0331674964400008,2.97791804000735,0.728358214721084
0.0585722993128002,0.0194375519931782,5.06067239446566,2.38474286848214,0.785403424466494,0.537323258642573,1.18997366353869,1.09099806737504,0.214824977214448,0.102769437595271,0.03686327196192,0.0529323313385248,0.36153846187517,0.293799850915093,0.134090904844925,0.079728581069503,0.0107166776433587,0.0264778320561163,3.83919859671732,0.233651733084116,0.0449162937002257,0.0203334682737477,0,10.1475116366055,2.68493145261891,0.567909906094428,0.205555560532957,0.11285038664937,0.163344409374986,0.235722292447463,8.33977047959343,3.40410947689088,3.90483976242831,0.70352765568532,0.215253576170653,0.0328920971369371,0.0548223348450847,0.00947867275681347,0.0313020304311067,0.00641231192275882,0.00502302206587046,0.00165837479289621,0.00204865564592183,0.00325291394256055,0,0.00120336946565658,0.00622406671755016,0.00893300282768905,0,0.000589970499277115,0.00126209511654451,0,0,0,0.00200300454162061,0.00436575303319842,0.0435779831022955,0.023735408554785,0.016886543482542,0,0.0116845183074474,0.00183430145261809,0.00311623560264707,0.00858138874173164,0.00319182901876047,0.00167738331947476,0.0457119756320026,0.0245730947062839,0.101365708629601,0.067469880101271,0.380471364769619,0.769024490495212,0.0966887433314696,0.152304615592584,0.0433715228573419,0.0542986441869289,0.222944430308416,0.132372219348326,0,0.00579230452422053,0.00442151783499867,0.0162810625042766,0.0179956565843895,0.00985221657902002,0.00493745872518048,0.00638411060208455,0.00213599146809429,0.00511182099580765,0.0034275921061635,0.00039984006434679,0.0381944447290152,0.0585701996460557
0.0204271120019257,0.0440028384618927,1.43911270858371,14.7106681862497,0.227922625897918,2.12006580526941,0.614482129341923,2.10139410494594,0.0841648589703254,0.447236176114529,0.0218947364483029,0.135493373032659,0.230357648455538,0.669920657412149,0.0549639295786619,0.202868846885394,0.00588977721054107,0.0538082597777247,1.39403173344908,1.37017851113342,0.0489130412461236,0.0410810820758343,10.1475116366055,0,0.858198619738687,1.0756829319289,0.113606344442815,0.103835359448567,0.108558105537668,0.440769500040915,4.5197781046154,3.46139066183241,1.09025741182268,0.329397865687497,0.0638297904515639,0.0169851388782263,0.0349531121901236,0.0110874196980149,0.0509607360581867,0.00557768932776526,0.00786516861990094,0.00110926234629005,0,0.000649350637104362,0.00213903741678223,0.00147329655010253,0.00554357859073207,0.00701549230143428,0,0.000719165778718889,0,0,0,0,0.00413589348318055,0.00455321557819843,0.0173047801945359,0.0560582638136111,0.00314366538077593,0.00299760198686272,0.00171477568801492,0.0135236664209515,0.00384615384973586,0.0230769237969071,0.00158478610683233,0.00471698102774099,0.0166089967824519,0.0200333885732107,0.0387192859780043,0.0653310111374594,0.232952144870069,1.38584664324299,0.0829531287308782,0.368972748983651,0.0523160789161921,0.0768386397976428,0.253646673751064,0.189930406864733,0,0.0221238937228918,0.00519930658629164,0.0325203262036666,0.00459066568873823,0.0219780215993524,0.00256081955740228,0.00954274367541075,0,0.0103133674710989,0.00886917987372726,0.001365809206618,0.119174040853977,0.148277872242033
0.000616332807112485,0,0.121609541354701,0.100665774894878,1.85855508991517,1.2739226212725,0.0560109286161605,0.0152466363506392,0.499194852309301,0.0935849056113511,0,0.003629763959907,0.0265273307450116,0.00180586904753,0.199134198948741,0.140482572140172,0,0.00253807101398706,0.00900495273526758,0.00497718772385269,3.86357790720649,0.543837333563715,2.68493145261891,0.858198619738687,0,4.99829064076766,11.2334436981473,3.84186054696329,0.0484536100411788,0.10105262696743,5.33495761686936,0.525974016054533,0.0618145572952926,0.00946236553136259,0.00439077941700816,0.00487210741266608,0.0031176928896457,0.0109204368200153,0,0.00967519008554518,0,0.00270270276814699,0.000895656063221395,0.00198314338922501,0.00114810559898615,0.00242130761034787,0,0.00169635284692049,0,0,0,0.000936329597607255,0,0,0,0.0048959607956931,0.00168539327569306,0.00115340249612927,0,0,0.000821018067654222,0,0.00130123621784151,0.00194457953330129,0,0,0.00122249394189566,0.00383386574685574,0.00246457173489034,0.00324411992914975,0.596302024670877,0.195270791649818,0.0192878337111324,0.0741301032248884,0.00518134701997042,0.0289855075534433,0.00996441289316863,0.0289855082519352,0,0.00268456386402249,0.00083368067862466,0.00200267031323165,0.0180528685450554,0.040609136223793,0.00136239785933867,0.00100831862073392,0.00527704472187907,0.0233196158660576,0.00200267031323165,0,0.0221518992912024,0.0153846153989434
