0,0.0438832544023171,9.37796529763727,0.0642097272211686,0.0323604054283351,0.0131086139590479,8.78849781001918,0.0453192194108851,0.132729036267847,0,6.0864121816121,0.0376920844428241,4.60174885709421,0.0435994936851785,0.671564649441279,0.00327958445996046,1.96355497121112,0.0257159548345953,3.80812371312641,0.278395358473063,0.0127915722550824,0.00822429906111211,0.0871660112752579,0.0244633050751872,0.00876601517666131,0.00526142725721002,0.0432816548855044,0.00543293729424477,3.37822200730443,0.0506465515354648,0.556628634687513,0.0291970791295171,2.82435245095985,0.377179884526413,0.0897116416599602,0.0162421563873067,0.761385529011022,0.00704676506575197,0.465412834309973,0.0140286676469259,0.281786933715921,0.00151515146717429,0.0197677290998399,0.00158688181545585,0.0118711141403764,0.00230614002794027,0.0344216641969979,0.0108267716132104,0.0111013731220737,0.00175592629238963,0.0366779094329104,0,0.00891435844823718,0,0.0743440230726264,0.0294047903153114,13.7931568245403,0.0376041882555,0.86822502722498,0.00931829359615222,2.14525410337956,0.0100147277698852,1.15024042746518,0.00833767559379339,0.162953920662403,0.0096644297009334,0.502933459036285,0.0674109952524304,6.75704235106241,0.17170732235536,1.18622446549125,0.15849776531104,3.98618526966311,0.0573047836660407,0.879162007186096,0.0172672676853836,1.17322587448871,0.14316837885417,0.0432145572267473,0.011278195597697,0.517283641675021,0.0179717583814636,0.640503320551943,0.0065011820406653,0.440279425820336,0.00606384870479815,0.0635130666196346,0.0042488620383665,0.0977891136426479,0.000403714162530378,0.0714566149981692,0.11428571853321
0.0438832544023171,0,0.0332990753813647,2.89621719057322,0.00197173847118393,0.0975767408381216,0.0114424414350651,5.03183411774808,0.00134228193201125,0.0137344663962722,0.00842787715373561,7.78023965953616,0.00824842322617769,2.09332639846252,0.00336511514615268,0.10760563891381,0.0125869488692842,2.43404775112867,0.432889320072718,2.85827754694037,0.0455080411629751,0.0724863596842624,0.042180837772321,0.0877598191145808,0.00910045520868152,0.0238744885427877,0.00468697695760056,0.0197461219504476,0.034660167992115,1.52706082299119,0.0846432917751372,0.15500603307737,0.365769120631739,0.960307334025856,0.025925925874617,0.0153846153989434,0.0412097036605701,0.127447731792927,0.0647291962523013,0.0397476333891973,0.00637450208887458,0.0110628206748515,0.00558659230591729,0.019063180370722,0.00291630218271166,0.0196428578929044,0.00937012012582272,0.0197218713001348,0,0.0187424431787804,0.0012944984191563,0.00824742298573256,0,0.000655308016575873,0.0164711745455861,0.100778970401734,0.0438388631155249,11.4257424269454,0.0264270609477535,0.36633914738195,0.0113216835889034,0.439440030837432,0.0111835972638801,0.351836938410997,0.00694444443797693,0.238384954864159,0.196938353823498,0.549805968330475,0.497726581408642,2.52124082657974,0.180376605014317,1.17111768666655,0.0286085824482143,1.58069778000936,0.0319812792586163,0.39060666813748,0.237973067618441,0.655283485015389,0.00316330557689071,0.0980007826001383,0.00654911843594164,0.507776574377203,0.00495509430766106,0.0561832052189857,0.00833333353511989,0.169152413582196,0.000686341780237854,0.0332705590990372,0.00652883551083505,0.0198142421431839,0.497949139913544,0.0735895318211988
9.37796529763727,0.0332990753813647,0,1.0237825862132,1.93345890613273,0.597899951040745,24.3715109192999,0.603618446912151,2.70957421150524,0.0543580139055848,2.10904589178972,0.078667817171663,5.95779591254541,0.224176935153082,1.48503639665432,0.0492824263637885,0.487666015222203,0.0185185186564922,11.0694341026829,0.858101641351823,0.0237741451710463,0.0118124773725867,6.8908697120205,1.95940600172617,0.379333329270594,0.518373999686446,0.119488815777004,0.0798925813287497,2.89728886581725,0.143085961928591,7.7195019624196,0.696733148943167,8.62865913659334,0.390810292330571,0.158986988128163,0.032081663608551,0.529187806416303,0.0088719897903502,0.261747082695365,0.010866284603253,0.11986430286197,0.00074794318061322,0.0196030386723578,0.00366972497431561,0.010638298233971,0.0011418784270063,0.0190715179778636,0.00829673011321574,0.00347121781669557,0.0028977109468542,0.0297195472230669,0.000994282891042531,0.00314960634568706,0,0.0395180721534416,0.0235238767345436,1.71077394543681,0.0308107072487473,0.388591797382105,0.00389105058275163,0.308606760809198,0.00408282305579633,0.180844730697572,0.00619834684766829,0.0501359085319564,0.00585262017557397,0.343580459448276,0.0430872215365525,1.52760019223206,0.0997105179703794,1.45488956500776,0.392947087995708,2.7791239200742,0.120249217376113,0.558551882626489,0.0192735366290435,0.861698867811356,0.12688635441009,0.0344311390072107,0.00222717155702412,0.173595917411149,0.0212404411286116,0.413997637690045,0.00234055006876588,0.124343558854889,0.00496365875005722,0.0562643115408719,0.00540702900616452,0.0379907141905278,0.000801924616098404,0.0433940328657627,0.0888373865745962
0.0642097272211686,2.89621719057322,1.0237825862132,0,0.097813579486683,5.00510210957145,0.432833408063743,19.9996861603868,0.182244364579674,0.773990254790988,0.0216031844029203,1.64219450182281,0.135675082186935,2.63480906654149,0.0590147563489154,0.600050239008851,0.0168018535478041,0.161238658591174,2.16509114048677,11.8408784333151,0.0871898024342954,0.112037344370037,4.41267902226537,20.6891456271987,0.139209720131475,1.69331355614122,0.0684210517792962,0.212297347607091,0.0901599587523378,1.3305253101862,2.29724671691656,6.17071225115797,0.967973224032903,1.25633933130302,0.0714969700202346,0.0270359375863336,0.110981984296814,0.0841555432998575,0.0941924304352142,0.0338606725563295,0.00815494428388774,0.00404858286492527,0.00960878512705676,0.0365408042853232,0.00517866399604827,0.023727921070531,0.0173099410894793,0.0483135821996257,0.00106752070132643,0.0155038759112358,0.00276243087137118,0.00463714357465506,0.000577200553379953,0.00286944035906345,0.0283783790655434,0.0770755323173944,0.0254684369429015,0.819624275987735,0.0142281243461184,0.137210358923767,0.0111209963506553,0.209733790252358,0.00657174177467823,0.179240750469035,0.00222160504199564,0.111138548527379,0.0987279275432229,0.212581351952394,0.363879937853198,0.822006507252809,0.449710972607136,3.31736858823569,0.0832145913736895,1.2308571296744,0.0814147492637858,0.243641229579225,0.622359905974008,0.901894232665654,0.00202565838117152,0.0475871328962967,0.00590506455046125,0.311724687489914,0.0147460396983661,0.0550161791034043,0.00742774122045375,0.126454226119677,0.00239020027220249,0.0436584684648551,0.023070803261362,0.0155361876823008,0.371995811350644,0.161167076323181
0.0323604054283351,0.00197173847118393,1.93345890613273,0.097813579486683,0,0.588983051944524,0.357055534259416,0.0460310018388554,13.807839915622,0.0696156620979309,0.0938833560794592,0.00120409391820431,0.471551354974508,0.00463606847915798,5.07790132414084,0.0534473569132388,0.0746268662624061,0.00244798045605421,0.0161797752371058,0.00851063814479858,0.199999999254942,0.101465609623119,1.1828653390985,0.506762857083231,3.05772502091713,1.31364724913146,7.60244673630223,0.789974087150767,2.15988082636613,0.0436590439639986,6.05279303970747,0.397067819721997,0.0752895738696679,0.00539083569310606,0.00783545523881912,0.0108577637001872,0.172932332498021,0.00749625207390636,0.0415122327394783,0.00134138157591224,0.00722021679393947,0.00234741787426174,0.00531208491884172,0.00602107378654182,0.00342857139185071,0,0.00462320836959407,0.00351493852213025,0.00366972468327731,0,0.0128552092355676,0,0.0088691795244813,0,0.00773195887450129,0.00411692046327516,0.037223041348625,0.00355977471917868,0.0123515438754112,0.00174672494176775,0.0159395973896608,0,0.0194805191131309,0,0.0120886500226334,0,0.00824088760418817,0.00473132828483358,0.00617283978499472,0.00466200476512313,5.94213646254502,0.14623337960802,0.808876142255031,0.0432276644278318,0.31638418789953,0.00684931478463113,0.132036141585559,0.0154385970672593,0.0235294108279049,0,0.0698384968563914,0.000693000678438693,0.446451630210504,0.0137844610726461,0.0338152417098172,0.00104739458765835,0.116599188186228,0.0106171201914549,0.0260631000855938,0.000631711911410093,0.0158102768473327,0.0338983044493943
0.0131086139590479,0.0975767408381216,0.597899951040745,5.00510210957145,0.588983051944524,0,0.251147066010162,2.97308582108235,0.552845523692667,9.03563935251441,0.0164609053172171,0.17980151437223,0.0857715416932479,0.396559525863267,0.142341416794807,7.28341106639709,0.0172413792461157,0.0948991719633341,0.253842778271064,0.290591171535198,3.17353583313525,9.53993593342602,0.949823297560215,3.87753313692519,3.61951211211272,23.7808434254257,2.76029417163227,14.5244005532004,0.153920622251462,2.5759109959472,4.70196299813688,10.3801067979075,0.251412424666341,0.180860408116132,0.0876048479694873,0.174717375775799,0.046309694647789,1.03751803655177,0.0342612415552139,2.3953336654231,0.0022650056052953,1.25442477408797,0.0778883585007861,0.241564791416749,0.0443951180204749,0.124639348592609,0.112866815470625,0.359106534393504,0.00118553650099784,0.0547293263953179,0.00398936157580465,0.00710164243355393,0,0.0112280705943704,0.00504201685544103,0.398226525052451,0.0139656672254205,0.0893952677724883,0.00927213695831597,0.0187873606337234,0.014778325217776,0.0132610005093738,0.00753768836148083,0.0180780205409974,0.00778715126216412,0.0231272008968517,0.134705326985568,0.225838585756719,0.0861243987455964,0.189693804248236,2.70999997097533,9.93029861804098,0.0579710123129189,3.15972229873296,0.110992526635528,1.15948275430128,0.418511051684618,1.35003381979186,0.0133037692867219,0.034632034599781,0.0102432779967785,0.0810074909823015,0.0349563038907945,2.39927186700515,0.00725865000276826,0.120382333174348,0.0139860142953694,2.45285447593778,0.00336927216267213,0.111870726104826,2.18002460990101,0.0683760708197951
8.78849781001918,0.0114424414350651,24.3715109192999,0.432833408063743,0.357055534259416,0.251147066010162,0,0.243734794436023,3.82911096024327,0.0238791424781084,3.09126126623596,0.0109439122024924,14.8808045377955,0.0667759110510815,2.42758026887896,0.0156657958868891,0.33456333912909,0.00412938755471259,1.30666670686333,0.173793108668178,0.00500695395749062,0.00775193807203323,1.51081229918054,0.76714548538439,0.0702024046913721,0.162895936751738,0.0684354119002819,0.0267903134226799,3.08292885587434,0.042159604432527,2.39733582979534,0.275103159947321,1.39754011970945,0.0908907320990693,0.0357714904821478,0.00438837101683021,0.268803945800755,0.00295639329124242,0.116347565723117,0.000948766595683992,0.0264341967995279,0.000559127773158252,0.0112359550548717,0.00169563374947757,0.0053631286136806,0.000907852954696864,0.0139116205391474,0.00319936010055244,0.00458715599961579,0.000918695470318198,0.0246435491135344,0,0.00784698408097029,0,0.0197902234503999,0.0116414437070489,1.38297869852977,0.00918635167181492,0.181780539132887,0.0011964107688982,0.67880212777527,0.00230840261792764,0.288862832123414,0.000418848154367879,0.0569530134089291,0.00214500221773051,0.102040817728266,0.0137227300729137,0.467203685548156,0.0189431707840413,1.27080775937065,0.138759498193394,1.83939837943763,0.0291757844388485,0.326315787213389,0.00222160504199564,0.562920252326876,0.0351807227707468,0.0234965044073761,0.00111203780397773,0.240829343092628,0.00427731242962182,0.496374256646959,0.00138856747071259,0.228915654122829,0.00305623485473916,0.0702020233729854,0.00141776941018179,0.0393547229468822,0.000339500926202163,0.0195177951827645,0.0458190171048045
0.0453192194108851,5.03183411774808,0.603618446912151,19.9996861603868,0.0460310018388554,2.97308582108235,0.243734794436023,0,0.0610250309109688,2.02480689418735,0.0134883723803796,4.04039516596822,0.0775716718635522,7.99128879985074,0.0280276101257186,1.34480587625876,0.00661313167074695,0.208480566972867,2.19964840944158,4.30434795812471,0.0308182780863717,0.0476064544636756,2.22778568719514,3.67644753624336,0.0722003955161199,0.841572220233502,0.0371251794858836,0.105652928352356,0.0607171947776806,1.78870899075991,1.73468936758582,4.3774000176345,0.796214273956139,1.12539064176963,0.0536398479016498,0.0178243784466758,0.0435606073588133,0.0818353830836713,0.0537355632986873,0.0228050164878368,0.00429530208930373,0.00427122274413705,0.0104793322097976,0.0257826896267943,0.00258397939614952,0.0157377052819356,0.0110737591749057,0.0266924556344748,0.000883197179064155,0.00928587222006172,0.0020512820337899,0.00196270848391578,0.000470920640509576,0.00140614013071172,0.0118728459056001,0.0755213234515395,0.0213409787102137,1.1454109948827,0.0148029609408695,0.133873457787558,0.00682076532393694,0.264830037252977,0.00541271979454905,0.235436901042704,0.00319415915873833,0.118401988293044,0.0932385521591641,0.173244488134515,0.239698708523065,0.465917241410352,0.259311639820226,2.43032010510797,0.0494057329487987,0.841662762279157,0.0338713936507702,0.108222812181339,0.328179095842643,0.440842777257785,0.00106837612111121,0.0695698335184716,0.00887174523086287,0.491349488147534,0.00990099034970626,0.0414253898779862,0.00516129046445712,0.167436318937689,0.00145313632674515,0.0286298565915786,0.00963855430018157,0.0161716176662594,0.143991238903254,0.0753892350476235
0.132729036267847,0.00134228193201125,2.70957421150524,0.182244364579674,13.807839915622,0.552845523692667,3.82911096024327,0.0610250309109688,0,0.045592705719173,0.500372311100364,0.00250312895514071,7.64789923356147,0.0019102196674794,23.7138159661554,0.0331858405843377,0.261550509370863,0,0.0305272896657698,0.0131176217109896,0.0768277586903423,0.050970874261111,0.556169447663706,0.656148486188613,2.09147976292297,0.902521017123945,4.9429719899781,0.378427798859775,4.73398279072717,0.022568512475118,4.85440601385199,0.42312577588018,0.0816326525527984,0.00647249171743169,0.0167014617472887,0.00233100238256156,0.0962904475163668,0.0015735641354695,0.026438569650054,0.00420168077107519,0.0182291672099382,0,0.0191256829421036,0.00207253894768655,0.00592768250498921,0.00370828178711236,0.0247619044966996,0.00180750107392669,0.0101781170815229,0.00255427835509181,0.0283442795043811,0,0.0170542635023594,0,0.0229580567684025,0.00507185119204223,0.120409391820431,0.00241837976500392,0.0391772761940956,0.000898069178219885,0.0387763892649673,0,0.0568720365408808,0,0.028050490655005,0,0.016817593947053,0.00552486209198833,0.0115606938488781,0.00490196084138006,6.1929961075075,0.133230051957071,1.07796104822773,0.0377358490368351,0.306569340638816,0.00984009820967913,0.165697673801333,0.0176211451180279,0.0381194392684847,0,0.195691207656637,0.00141693232581019,1.61398784257472,0.0117416832363233,0.0950721746194176,0.00159744406118989,0.372013640357181,0.00138504151254892,0.0448650531470776,0,0.0114942528307438,0.0369318192824721
0,0.0137344663962722,0.0543580139055848,0.773990254790988,0.0696156620979309,9.03563935251441,0.0238791424781084,2.02480689418735,0.045592705719173,0,0,0.0346062065800652,0.00650935713201761,0.0764272573287599,0.0126182958483696,7.66702055814676,0.00295202946290374,0.0169799877330661,0.0375000002095476,0.0490486271446571,0.289265543222427,0.594235028140247,0.118868596618995,0.535602325806394,0.502933782991022,2.84227134962566,0.399092976003885,1.85665523260832,0.0206998527282849,0.86126871756278,0.548661796143278,1.41041168302763,0.0277910871664062,0.0374832660891116,0.0347490340936929,0.0470085493288934,0.00743494427297264,0.206078583956696,0.00733137829229236,0.221779555082321,0,0.281430209055543,0.0263852236093953,0.0846613571047783,0.0135977338068187,0.0566037744283676,0.0284664828213863,0.132693144027144,0,0.0133819950278848,0.00134634808637202,0.00270758121041581,0.00146198831498623,0.00288184429518878,0.00170721299946308,0.121112931752577,0.00235294108279049,0.0171293568564579,0.00283018872141838,0.00520607375074178,0.00166736135724932,0.00616522796917707,0.00128617358859628,0.00484261487144977,0.00265957438386977,0.00717213074676692,0.0328075704164803,0.0618695339653641,0.0110091740498319,0.0215053763240576,0.299339696299285,1.1877283154754,0.00991501403041184,0.514611561782658,0.00888888910412788,0.141414147801697,0.0522696014959365,0.300000007264316,0.00462427735328674,0.00901916529983282,0.00173460540827364,0.0420544623048045,0.00511182099580765,1.2911235820502,0.0029296875,0.0464267061906867,0.0015999999595806,0.87910641648341,0.000682360958307981,0.0515561122447252,0.155038763768971,0.0127877236809582
6.0864121816121,0.00842787715373561,2.10904589178972,0.0216031844029203,0.0938833560794592,0.0164609053172171,3.09126126623596,0.0134883723803796,0.500372311100364,0,0,0.00469759246334434,12.4080478535034,0.0163710775086656,3.28045612713322,0,8.2315482236445,0.00238663493655622,0.502867218456231,0.0785953170852736,0.00219298247247934,0.00215285248123109,0.0432624099776149,0.0221238937228918,0.0114754098467529,0.0138996136374772,0.0607407406205311,0.00500417011789978,3.24416342336917,0.0172939981566742,0.371035293210298,0.0214413336943835,0.385052033700049,0.064373895758763,0.0507996232481673,0.00623052986338735,0.276967940153554,0.00290697673335671,0.143781455699354,0.00260926294140518,0.10538373934105,0,0.0234680569265038,0.000982800964266062,0.0122767862631008,0.00116076611448079,0.0299319732002914,0,0.0166964814998209,0,0.0547031367896125,0.00089166295947507,0.0215053756255656,0,0.0329113926272839,0.00890327827073634,4.45812677813228,0.00996191060403362,0.268281318247318,0.00343053182587028,1.09810388926417,0,1.43868526001461,0.00286806881194934,0.126714560436085,0.00303183426149189,0.103221770259552,0.0233255588682368,0.241877262596972,0.0571858524344862,1.03597121313214,0.0458452738821507,1.77762342197821,0.0307692319620401,0.463861902244389,0.00435729837045074,0.436191771412268,0.0558963890653104,0.313901361078024,0.00218818383291364,1.44963565084618,0.00819672108627856,3.05904519336764,0.0024420025292784,0.352655828348361,0.00103600102011114,0.170712607912719,0,0.0473292754031718,0,0.0349563038907945,0.0543881328776479
0.0376920844428241,7.78023965953616,0.078667817171663,1.64219450182281,0.00120409391820431,0.17980151437223,0.0109439122024924,4.04039516596822,0.00250312895514071,0.0346062065800652,0.00469759246334434,0,0.00510948884766549,12.2591683737701,0.00366300367750227,1.17250923928805,0.0268784370273352,6.89590897713788,0.923869936959818,1.98639968794305,0.0702656381763518,0.0591216230532154,0.0747967502684332,0.10099403723143,0.0176271187374368,0.0400000015506521,0.00872274115681648,0.022008253261447,0.0372133268392645,12.9662314435118,0.223260653438047,0.305067214649171,0.450823141727597,0.772096699569374,0.0789074348285794,0.0722495899535716,0.0577750449301675,0.0919681187951937,0.0643985444912687,0.0223713647574186,0.00709219835698605,0.00522193196229637,0.010954616474919,0.0646288228454068,0.0156326331198215,0.059656219673343,0.0162601622287184,0.0365332304500043,0,0.0321910709608346,0.00553335371660069,0.00800640496890992,0,0,0.0159999998286366,0.0777696269797161,0.0385659976163879,2.21264985145535,0.0424646124592982,0.154619244858623,0.0179037675261497,0.266806736355647,0.0152422420214862,0.305070293368772,0.00895856693387032,0.128021483425982,0.205098488135263,0.310810804949142,0.362023978610523,1.02525252429768,0.234650445287116,2.53422158071771,0.059031875571236,3.71632045228034,0.0507614202797413,0.436487644910812,0.20737327169627,0.630662006442435,0.00523103750310838,0.624465366126969,0.00927357003092766,0.67672004835913,0.00433134799823165,0.148969883099198,0.0123343995655887,0.100097181391902,0,0.0254988911328837,0.00746965454891324,0.0109731442644261,0.418560618534684,0.0770676711108536
4.60174885709421,0.00824842322617769,5.95779591254541,0.135675082186935,0.471551354974508,0.0857715416932479,14.8808045377955,0.0775716718635522,7.64789923356147,0.00650935713201761,12.4080478535034,0.00510948884766549,0,0.0327564891194925,12.5070807305165,0.0122033898951486,2.05622151237912,0.00442314776591957,0.59079905692488,0.117235347745009,0.010261673014611,0.00406917603686452,0.383717904333025,0.259629965759814,0.0824102768674493,0.102058321819641,0.138248847797513,0.0286225397139788,4.85030709364219,0.0259740252513438,1.43574590887874,0.123711340595037,0.547762628179044,0.0611195160308853,0.0352380948606879,0.0020000000949949,0.229140720097348,0.00165768747683614,0.111202633415814,0.00466926069930196,0.0408376967534423,0,0.0407429614569992,0.00065104168606922,0.012725344626233,0.00144927541259676,0.0302282531629317,0.00119225040543824,0.0198968318291008,0,0.0649318491923623,0,0.0254934212425724,0,0.0328734954819083,0.00798175577074289,2.29928315198049,0.00808988761855289,0.204145726456773,0.00178094382863492,0.85532771871658,0.00521221157396212,0.859106505231466,0.0019175456254743,0.0864485953934491,0.00132625992409885,0.0968351423216518,0.0212976717157289,0.165246387012303,0.0371935754083097,1.75195712875575,0.0756267982069403,1.72940230439417,0.0202675320906565,0.352342176251113,0.00511508958879858,0.490071496402379,0.0271565490402281,0.061171590234153,0.00205023074522614,0.716913942247629,0.00403530895709991,2.28451888117706,0.00299065420404077,0.411627905443311,0.0016333197709173,0.254969754605554,0.00232018553651869,0.0876095073181204,0.000471142528112978,0.0108813925180584,0.0455037918873131
0.0435994936851785,2.09332639846252,0.224176935153082,2.63480906654149,0.00463606847915798,0.396559525863267,0.0667759110510815,7.99128879985074,0.0019102196674794,0.0764272573287599,0.0163710775086656,12.2591683737701,0.0327564891194925,0,0.00597014930099249,0.901651673484594,0.0131270508281887,1.1462711035274,1.80185561202234,2.71333118481562,0.0372820206684992,0.0440476207295433,0.377485283766873,0.600464945659041,0.0294266861164942,0.0948191592469811,0.0161827705451287,0.0430769214872271,0.0448877794551663,8.14722134615295,0.623451710271183,1.46502057323232,0.668760914355516,1.06591582793044,0.0650496162706986,0.0455075850477442,0.0546396604040638,0.0526563241146505,0.0550887022982351,0.0210157614201307,0.00369458121713251,0.00851063791196793,0.00982962024863809,0.0272792531177402,0.00550530885811895,0.0226354082114995,0.0115020293160342,0.0345389377325773,0,0.0247729156399146,0.00106695119757205,0.00467601889977232,0.000931966467760503,0.00184672209434211,0.0108939441852272,0.0626939816283993,0.025370990857482,1.27905855968129,0.0234644573647529,0.114174507558346,0.011331444606185,0.228333338862285,0.00685812253504992,0.294759062060621,0.00438212096923962,0.0820512836799026,0.0987841995083727,0.188166315725539,0.23207624675706,0.514423077402171,0.158804294769652,2.80111779156141,0.0420091317500919,2.08161391026806,0.0464839091291651,0.207309774472378,0.237455196911469,0.463480620179325,0.00243457080796361,0.189789794385433,0.00518806744366884,0.405001345498022,0.0042680324986577,0.068647968233563,0.0045137463894207,0.111014746129513,0,0.0252173918415792,0.00916689133737236,0.0116190953995101,0.193298963131383,0.0576923094922677
0.671564649441279,0.00336511514615268,1.48503639665432,0.0590147563489154,5.07790132414084,0.142341416794807,2.42758026887896,0.0280276101257186,23.7138159661554,0.0126182958483696,3.28045612713322,0.00366300367750227,12.5070807305165,0.00597014930099249,0,0.0192147037596442,1.88835207198281,0.00649049587082118,0.0967976725660264,0.0215802296879701,0.458004302345216,0.0439716298133135,0.273250537458807,0.172929594526067,0.940623134374619,0.284909916808829,2.34516646165866,0.150000005727634,9.69728007051162,0.0179812017595395,3.05483268032549,0.144444441888481,0.188053950434551,0.0356493258732371,0.0414507761597633,0.00415512453764677,1.10199674975593,0.00323101761750877,0.107905988232233,0,3.27474144031294,0,0.105679369939025,0.00317965028807521,0.0175978883635253,0.00272232305724174,0.0677587504615076,0.00357270444510505,0.0379981466685422,0.000929368019569665,0.105202643782832,0,0.0543710034107789,0,0.150122765917331,0.00474254752043635,0.615660174633376,0.00770415994338691,0.149923897930421,0.000710984691977501,0.213278285809793,0,0.23557924706256,0.00233190832659602,0.101391645614058,0,0.0804785245563835,0.0183802414685488,0.0671955216675997,0.0176795572042465,6.02244817698374,0.0639318069443107,1.81354176125024,0.0324437463423237,0.39204546622932,0.0100071482593194,0.376146772876382,0.0287474342621863,0.193736350978725,0,1.15707181114703,0.00645350519334897,11.5002413000911,0.00094384141266346,0.483492630708497,0.000921234430279583,1.94766774401069,0.00591133022680879,0.303576607257128,0,0.0171606864314526,0.0263565890491009
0.00327958445996046,0.10760563891381,0.0492824263637885,0.600050239008851,0.0534473569132388,7.28341106639709,0.0156657958868891,1.34480587625876,0.0331858405843377,7.66702055814676,0,1.17250923928805,0.0122033898951486,0.901651673484594,0.0192147037596442,0,0.0216567399911582,0.527790744381491,0.142752562242094,0.23661183542572,0.352941177436151,0.95552367833443,0.180821926449426,0.438899072119966,0.503264091908932,1.58977267693263,0.342699736705981,1.34014428069349,0.047600157558918,19.128754181671,0.606741579249501,1.26305967208464,0.204730516299605,0.201975847827271,0.166230368195102,0.231092442409135,0.0272182893240824,0.79304727492854,0.00969827582594007,0.867867855238728,0,0.713760117068887,0.150397688150406,0.432799989066552,0.0815241448581219,0.24862889200449,0.200749065726995,0.676967313629575,0.00280112045584247,0.115168540505692,0.0109731442644261,0.0273264396237209,0.00107526883948594,0.0202127653174102,0.00352733681211248,0.587874651188031,0.00873586878878996,0.111397630535066,0.0344563563703559,0.0343224881216884,0.023521272232756,0.0274361399933696,0.00683927698992193,0.0179898319765925,0.0220440884586424,0.0450081840972416,0.261605667241383,0.481823407753836,0.0535966156166978,0.20512821059674,0.658760107471608,3.01773252524436,0.0294117662124336,4.23535618721507,0.0316091952845454,0.516268987208605,0.140801649889909,1.39337476715446,0.0176860727369785,0.0797679461538792,0.0114367408677936,0.335396391223185,0.0126397669664584,6.87303870683536,0.0161290323012508,0.29588533565402,0.0022962111979723,3.25918568833731,0.00408997957129031,0.199836653191596,0.423380732070655,0.0329670337960124
1.96355497121112,0.0125869488692842,0.487666015222203,0.0168018535478041,0.0746268662624061,0.0172413792461157,0.33456333912909,0.00661313167074695,0.261550509370863,0.00295202946290374,8.2315482236445,0.0268784370273352,2.05622151237912,0.0131270508281887,1.88835207198281,0.0216567399911582,0,0.0708074520807713,0.179009541112464,0.0490111795370467,0.0283687943592668,0.0347624556161463,0.026870007335674,0.0136736553395167,0.0277296360582113,0.0146460535470396,0.0607476616278291,0.03000882640481,3.34874368272722,0.117894731462002,0.130841117352247,0.0359578430652618,0.78125,0.131698459736072,0.910732203163207,0.343366787303239,0.434915787074715,0.065648855175823,0.134339622571133,0.0340831640642136,0.126394054619595,0.016908212332055,0.415212535299361,0.0761808041715994,0.276940896408632,0.0820760391652584,0.153342685429379,0.0754884563502856,0.249534461530857,0.0249221175909042,0.528649389161728,0.00643086829222739,0.127915722550824,0.00148257974069566,0.137152778799646,0.0482328499201685,5.93989882268943,0.0358530040830374,0.995675160782412,0.0229479260742664,1.24576269707177,0.0315855955705047,2.80343019403517,0.0138203364331275,1.01023889379576,0.0240460003260523,0.763334390358068,0.269846688956022,0.245614033658057,0.120348376221955,1.00453172111884,0.0781954894773662,1.78732708760072,0.0938416421413422,0.610917523736134,0.0258215966168791,0.980918703135103,0.314061380922794,3.84503648523241,0.0377358496189117,8.02117324597202,0.0649895173846744,6.10616009845398,0.038167939055711,1.18954895436764,0.0279314903309569,0.41948803816922,0.018880648072809,0.299446757009719,0.00509229768067598,0.057142857927829,0.0323014799505472
0.0257159548345953,2.43404775112867,0.0185185186564922,0.161238658591174,0.00244798045605421,0.0948991719633341,0.00412938755471259,0.208480566972867,0,0.0169799877330661,0.00238663493655622,6.89590897713788,0.00442314776591957,1.1462711035274,0.00649049587082118,0.527790744381491,0.0708074520807713,0,0.0873747480800375,0.256488550454378,0.0578947380417958,0.0691443402320147,0.0295275589451194,0.0385852083563805,0.00690607761498541,0.024950755527243,0.0101394169032574,0.0364400825928897,0.109457090729848,14.7174110304331,0.0494997373316437,0.0880964873358607,0.826643867883831,0.644230777630582,0.407436089124531,0.263643992482685,0.0299999993294477,0.0785536186303943,0.0160592962056398,0.0238500845152885,0.00363306095823646,0.0196078426670283,0.0276789237977937,0.109589039115235,0.0267326741013676,0.135315229184926,0.0172626387211494,0.0526315799797885,0.0031496062874794,0.089520801557228,0.00619962811470032,0.0113314450718462,0.00123228586744517,0.00243457080796361,0.0069284062483348,0.0874397922307253,0.104514361533802,3.87640757672489,0.125473681953736,0.177343752642628,0.0670685743098147,0.372935540508479,0.0441988930106163,5.88275859877467,0.0306992620462552,0.176710470404942,0.561167860869318,0.851656834129244,0.152380954474211,1.16506103565916,0.355995051562786,1.34852214425337,0.0695860804989934,4.19059111992829,0.0363636373076588,0.280977315269411,0.190754830604419,0.679646015167236,0.0125000000698492,13.3222414269112,0.0335806326474994,3.94106460758485,0.0164835172472522,1.36977484705858,0.0344748332281597,0.11151871480979,0.00265780719928443,0.0393922335933894,0.00816070317523554,0.0145518046338111,0.357628764584661,0.0462873671203852
3.80812371312641,0.432889320072718,11.0694341026829,2.16509114048677,0.0161797752371058,0.253842778271064,1.30666670686333,2.19964840944158,0.0305272896657698,0.0375000002095476,0.502867218456231,0.923869936959818,0.59079905692488,1.80185561202234,0.0967976725660264,0.142752562242094,0.179009541112464,0.0873747480800375,0,13.9227657436277,0.0762564965989441,0.0629290589131415,8.34405096864793,3.761610782356,0.0362923013744876,0.0870387889444828,0.020285846083425,0.0257680879440159,0.628173894889187,0.96947931451723,4.47148603643291,2.76301035477081,21.0671659914078,6.82734064140823,0.403825712855905,0.109988781623542,0.355088990938384,0.0337129833060317,0.214479639020283,0.0229591832030565,0.0862884161761031,0.00817279610782862,0.0102564105764031,0.021023124572821,0.00995787075953558,0.0180959875578992,0.0271164012956433,0.0344277987023816,0.00320512824691832,0.00963855441659689,0.0083835469558835,0.00195950351189822,0.00271002715453506,0,0.0539354007923976,0.0516717301798053,1.11681581739685,0.353969762742054,0.298718824866228,0.0634719152003527,0.10416024440201,0.0664505662862211,0.0783007085556164,0.0515286839799955,0.0263829782488756,0.036454611516092,0.807768948376179,0.492670162115246,10.398226612655,2.15642460761592,1.10366680828156,2.63837467844132,1.03454382158816,1.11160516098607,0.295532660325989,0.331606227904558,0.952173933328595,1.6010498983087,0.0175336055690423,0.0369301773607731,0.0450507604982704,0.094475582067389,0.0754873471450992,0.0227920236065984,0.0457304747542366,0.04102564137429,0.0133587786694989,0.0244932438363321,0.0360074141062796,0.00347653328208253,0.767901269253343,0.226044221781194
0.278395358473063,2.85827754694037,0.858101641351823,11.8408784333151,0.00851063814479858,0.290591171535198,0.173793108668178,4.30434795812471,0.0131176217109896,0.0490486271446571,0.0785953170852736,1.98639968794305,0.117235347745009,2.71333118481562,0.0215802296879701,0.23661183542572,0.0490111795370467,0.256488550454378,13.9227657436277,0,0.133620689157397,0.126001070952043,1.02072262420552,3.11048682656838,0.0240295751718804,0.0732469861395657,0.013077593757771,0.0615958948619664,0.151999998372048,1.5278350218432,1.33001909015002,1.57834544952493,3.85284483525902,3.40535480686231,0.150473348912783,0.0482433144934475,0.252158893970773,0.0620689652860165,0.25353318406269,0.0500605561537668,0.0352228954434395,0.00870511401444674,0.0129429889493622,0.0275260154157877,0.0116959065198898,0.0329958742950112,0.0400127011234872,0.0312691603903659,0.00228920252993703,0.0191204584552906,0.00304413994308561,0.00753059308044612,0,0.000847816874738783,0.0832830397412181,0.103074672631919,0.163349347159965,1.20862976764329,0.0679391782614402,0.200244207400829,0.0468842727132142,0.182028543204069,0.0261282658902928,0.144927537767217,0.0105050508282147,0.099897368461825,0.460275295976317,0.689480365253985,4.00767447741237,5.36471626762068,0.682090829126537,3.58632481680252,0.22408728429582,2.13142371270806,0.168893647845834,0.63802364654839,1.0878350303974,2.61302355502266,0.00544662296306342,0.0613562957150862,0.0213610008358955,0.184917347622104,0.0157728709746152,0.0588690927252173,0.014604301948566,0.0703433918533847,0.00270148582058027,0.0465302837546915,0.0425422879634425,0.00867052038665861,1.26303721847944,0.328579589724541
0.0127915722550824,0.0455080411629751,0.0237741451710463,0.0871898024342954,0.199999999254942,3.17353583313525,0.00500695395749062,0.0308182780863717,0.0768277586903423,0.289265543222427,0.00219298247247934,0.0702656381763518,0.010261673014611,0.0372820206684992,0.458004302345216,0.352941177436151,0.0283687943592668,0.0578947380417958,0.0762564965989441,0.133620689157397,0,4.40712469629943,0.0507880900986493,0.0429234324255958,3.92690061405301,3.53623192152008,4.19410311500542,4.52187036606483,0.748684242600575,0.351048964657821,3.82202652760316,1.98425200511701,0.0975918876938522,0.113163971574977,0.121442124247551,0.107728332746774,0.413875582860783,0.159523815615103,0.133333331672475,0.0982948853634298,1.81008900981396,0.134078208357096,0.0396600569365546,0.112074719276279,0.0398089177906513,0.0640269573777914,0.0551228302065283,0.120089792180806,0,0.0264317187247798,0.00406173843657598,0.0070298770442605,0,0,0.0185387124074623,0.0919896602863446,0.0145278446143493,0.042405282438267,0.0161390447756276,0.0167037866776809,0.0158730160910636,0.00539083569310606,0.00764818349853158,0.00514138815924525,0.0100502511486411,0.00970200949814171,0.071401730820071,0.129817444831133,0.0905861476203427,0.168978562578559,8.99063194380142,4.22558137960732,0.341085275169462,1.2505592899397,1.69820970483124,0.685863881371915,1.26560848299414,1.72073044069111,0.0224719103425741,0.0264550256542861,0.0378408473916352,0.0309364545973949,1.83143944852054,0.177858439739794,0.0239754657959566,0.0222556393127888,0.340080960653722,0.219151049153879,0.0338563180412166,0.00748503021895885,1.01886793971062,1.40659341216087
0.00822429906111211,0.0724863596842624,0.0118124773725867,0.112037344370037,0.101465609623119,9.53993593342602,0.00775193807203323,0.0476064544636756,0.050970874261111,0.594235028140247,0.00215285248123109,0.0591216230532154,0.00406917603686452,0.0440476207295433,0.0439716298133135,0.95552367833443,0.0347624556161463,0.0691443402320147,0.0629290589131415,0.126001070952043,4.40712469629943,0,0.0347674917429686,0.0631820800481364,1.4436519658193,3.91237101377919,1.23225033283234,14.3882355755195,0.11190631473437,0.554250174900517,2.13020834920462,1.76724137272686,0.102821317967027,0.117781588691287,0.176470588892698,0.319819827564061,0.0586166454013437,1.92065346124582,0.0504587134346366,4.3786982819438,0,3.17866663262248,0.0594837288372219,0.147757261991501,0.0471327581908554,0.122923585120589,0.0735468582715839,0.236798217636533,0.00172711571212858,0.0312500002328306,0.00564743846189231,0.00232018553651869,0,0.00892857182770967,0.00756347936112434,0.554303247714415,0.0110041266307235,0.0573600555071607,0.023341522901319,0.0176503024995327,0.0104876770637929,0.0141592919826508,0.0112888051662594,0.0114431020338088,0.015810277312994,0.0205479457508773,0.114264378149528,0.182917001831811,0.0804899402428418,0.241975319571793,4.35820885375142,8.9167614467442,0.117391298990697,1.78265644330531,0.406862759497017,1.80451126769185,0.609147613402456,2.23206740245223,0.0321715828031301,0.0405063293874264,0.0132304304279387,0.0423412200179882,0.0615097868721932,1.31009831570555,0.00776914565358311,0.070017950492911,0.0369393154978752,4.29320397495758,0.00820008222945035,0.145779099082574,13.5673754569143,0.344827584922314
0.0871660112752579,0.042180837772321,6.8908697120205,4.41267902226537,1.1828653390985,0.949823297560215,1.51081229918054,2.22778568719514,0.556169447663706,0.118868596618995,0.0432624099776149,0.0747967502684332,0.383717904333025,0.377485283766873,0.273250537458807,0.180821926449426,0.026870007335674,0.0295275589451194,8.34405096864793,1.02072262420552,0.0507880900986493,0.0347674917429686,0,23.9041840424761,1.34645062731579,1.401574751304,0.241734016162809,0.161804746836424,0.220536758308299,0.434391868475359,9.47748958482407,6.0950510208495,6.13998847478069,0.657692338165361,0.309650934766978,0.0959314750507474,0.0692419850383885,0.0225618635304272,0.0217155274003744,0.00619621347868815,0.00267260579857975,0.00088261254131794,0.0108902808278799,0.00880540057551116,0.00442477891920134,0.0103392573073506,0.0100642999168485,0.0281842811964452,0.00131190556567162,0.00328623078530654,0.00366132729686797,0.000553250371012837,0.00144560891203582,0.000717617513146251,0.0042757885530591,0.0197762154275551,0.0787664102681447,0.0455590382043738,0.0420574018498883,0.0107991357799619,0.0247498686658219,0.0112545517622493,0.0101557208108716,0.0127020784420893,0.0117120224749669,0.00775887828785926,0.192602323368192,0.0814086453174241,0.358602495864034,0.131062574568205,0.314989139442332,1.21387280523777,0.118818925984669,0.27980013936758,0.0417572865262628,0.0288209615391679,0.257273039140273,0.21415991615504,0.00618374563055113,0.0113735785125755,0.0167341439519078,0.0288372099166736,0.0452091753249988,0.0172757467953488,0.00946314813336357,0.0107013188535348,0.00755001907236874,0.013009243120905,0.00508083144086413,0.00174672494176775,0.0312931436346844,0.0651077478541993
0.0244633050751872,0.0877598191145808,1.95940600172617,20.6891456271987,0.506762857083231,3.87753313692519,0.76714548538439,3.67644753624336,0.656148486188613,0.535602325806394,0.0221238937228918,0.10099403723143,0.259629965759814,0.600464945659041,0.172929594526067,0.438899072119966,0.0136736553395167,0.0385852083563805,3.761610782356,3.11048682656838,0.0429234324255958,0.0631820800481364,23.9041840424761,0,0.990157476626337,3.18557188333943,0.13783533818787,0.187966177705675,0.148535565182101,0.703383710468188,5.43213865812868,6.52910471335053,1.92959664808586,0.442857134505175,0.201600002241321,0.0439436640590429,0.0558608060819097,0.0310786115005612,0.0281434415956028,0.00852878438308835,0.0106824925169349,0.0046893316321075,0.00578220351599157,0.0252897797618061,0.00537634408101439,0.00631163688376546,0.0139211135683581,0.0306709259748459,0.00160707114264369,0.00483286357484758,0.00104986876249313,0,0,0.000898069178219885,0.00565681967418641,0.0237587561714463,0.0198159941355698,0.0932544383977074,0.0108144646510482,0.0216284987982363,0.0111179742962122,0.0316944335354492,0.00417710951296613,0.0213498625671491,0.00853606499731541,0.0157649589236826,0.09678224415984,0.0760556026943959,0.165723524405621,0.13358243618859,0.368755687261,2.2364130851347,0.0728565094759688,0.544156986870803,0.0460034515708685,0.0531791895627975,0.361098995665088,0.303641942911781,0.00469483574852347,0.016222479287535,0.0120826708734967,0.0438502682372928,0.0391014963388443,0.0326530612073839,0.00607902722549625,0.0188315850682557,0.00382958352565765,0.0186361715896055,0.00795755971921608,0.0054726370726712,0.0619962811470032,0.0851326313568279
