0,0.016476774297189,2.11063036673295,0.0119540967716603,0.00512682131375186,0.00106937577947974,3.31793492287397,0.00884955783840269,0.0085094700625632,0.000268096511717886,2.41476004023571,0.00269938661949709,1.28616917695035,0.00405463087372482,0.272864620084874,0.000690607746946625,1.16990286740474,0.00697645440232009,0.873753430350916,0.074869592936011,0.00924155506072566,0.00126542232464999,0.0455893270263914,0.00986595189897344,0,0.000553250371012837,0.00578034657519311,0.000565450929570943,1.36819658707827,0.00640073139220476,0.122716049139854,0.0104895101976581,0.82124750452931,0.122331336853676,0.0148394906136673,0.00282441559829749,0.181298481649719,0.00189470825716853,0.129180146032013,0.00260010390775278,0.0894034418743104,0.00160771698574536,0.00229023520660121,0.000224618153879419,0.00217260108911432,0.000243932183366269,0.0135135139717022,0.00123992559383623,0.000992186483927071,0.000245428876951337,0.00941719993716106,0,0.00162954919505864,0,0.0249195308424532,0.00662185193505138,7.13893161329906,0.0138385504251346,0.0965112484409474,0.000209951715078205,0.574822324895649,0.00198757764883339,0.669285379291978,0.00573761449777521,0.0139049832941964,0.000917431199923158,0.134343787212856,0.0161090454203077,2.09860564023256,0.0549344377941452,0.369503844121937,0.0323145277798176,1.76875834353268,0.00867736036889255,0.29138231172692,0.00318928388878703,0.224724995903671,0.0306230211863294,0.0300873503729235,0,0.239891344623175,0.0032828742696438,0.312358985305764,0.00123319769045338,0.259328083338914,0.00152415785123594,0.0264676907099783,0.000767852528952062,0.0453242569055874,0.000685577164404094,0.0186387086287141,0.0777408605790697
0.016476774297189,0,0.00987611566961277,3.19229517443455,0.000837053608847782,0.0497443688800558,0.00398024599417113,3.00128619710449,0.000284010224277154,0.0174611971888226,0.00191335252020508,2.72501885634847,0.00326330820098519,0.668492553857504,0.000478411675430834,0.0665561337082181,0.00501952052582055,1.4991648530704,0.236985398456454,1.84810663634562,0.0169098140322603,0.0312602838675957,0.0225635190290632,0.0378812911221758,0.000590405892580748,0.00801603239960968,0.00113927654456347,0.0360175702662673,0.0177685475064209,0.856437395646935,0.0656822843011469,0.152498707175255,0.0976217415882275,0.730162213934818,0.00566037726821378,0.00750530255027115,0.0315359719097614,0.0338698376726825,0.0437813734752126,0.0166487651877105,0.0153974900022149,0.00769745642901398,0.00213629566133022,0.0106235566490795,0.00124362646602094,0.00276555615710095,0.00859030858555343,0.00551197802997194,0,0.00253004429396242,0.00127134037029464,0.000884368782863021,0,0.000833101890748367,0.0106530307675712,0.0296204870101064,0.0399767755880021,6.68039655465691,0.0113877417898038,0.0118508942978224,0.00229023520660121,0.191903653700138,0.00235355642507784,0.445855547004612,0.00106340553611517,0.029731004498899,0.0459183660132112,0.0683915349072777,0.352080109412782,2.01114129275084,0.112053384655155,0.938604997936636,0.03063759332872,1.10948112898041,0.0125474655069411,0.216359706944786,0.118235930625815,0.510911083722021,0.000673627480864525,0.038222968170885,0.00407419311522972,0.192501392913982,0.00258598389336839,0.0244119521230459,0.0037829187058378,0.0854169869853649,0,0.0100396299967542,0.00457875466963742,0.0215317292022519,0.310147431388032,0.0786011058371514
2.11063036673295,0.00987611566961277,0,0.210393493558513,1.01073556396295,0.0354609942587558,10.3792311247671,0.151833555893973,0.171182093763491,0.00684841279871762,0.536521963309497,0.0125558376312256,1.24344495360856,0.0488164126873016,0.289997711079195,0.00906926637981087,0.132732809957815,0.00245098053710535,5.73993113904726,0.288193748448975,0.00936183496378362,0.00588690949371085,3.03688797466748,0.576654691845761,0.0766219242941588,0.0301507531839889,0.0281119074206799,0.0108228116878308,1.06965945306001,0.0180139613803476,3.41163606650662,0.239036968763685,3.53361580277851,0.140827285707928,0.0691702520707622,0.0132185672118794,0.162566848099232,0.00345652768737637,0.0943171264370903,0.00332268379861489,0.0380982352944557,0.000314811913995072,0.00266967853531241,0.000885249522980303,0.00475172244478017,0.000480076821986586,0.00845934206154197,0.00305779227346648,0.00122010736959055,0,0.00807797009474598,0,0.00160064018564299,0.000527774100191891,0.0182302333851112,0.00415841578796972,0.561524869248387,0.00651837384793907,0.0486393815663178,0.000207060773391277,0.0488831021357328,0.000488818273879588,0.0767601275583729,0.00173988693859428,0.00531645573209971,0.000451824249466881,0.126351641723886,0.0118974713259377,0.717942400864558,0.0260233115404844,0.751387045020238,0.142063494015019,1.40049850422656,0.0235172513348516,0.178737952228403,0.00530918198637664,0.277770630083978,0.0422882336424664,0.0101346001029015,0.000946073792874813,0.0471970327780582,0.00216235691914335,0.0784120301250368,0.000242659545619972,0.0423422771709738,0.00105620516114868,0.00912106104078703,0.000755001849029213,0.0161104716098635,0.000677851203363389,0.0227938787429594,0.0656590302824043
0.0119540967716603,3.19229517443455,0.210393493558513,0,0.0322658311342821,1.48035818098288,0.09588575703674,7.65648921516549,0.0393643030547537,0.370840321207652,0.00756948534399271,0.43631137086777,0.026864035287872,0.638223242713138,0.0254763654229464,0.250469637103379,0.00288808671757579,0.0542540064489003,0.498449610546231,4.91425376676489,0.0365411422098987,0.0540465627273079,0.658223510719836,5.95733416275471,0.044483759906143,0.300837031856645,0.0176470598671585,0.128765055444092,0.03651198274747,0.321684115144308,0.739381796302041,2.06066058191936,0.115369181366987,0.828688378504012,0.00853560958057642,0.00522911795997061,0.0359179718070664,0.0258360505104065,0.0409145618323237,0.0125786162680015,0.0196822715224698,0.00421703676693141,0.00399999995715916,0.010002041439293,0.00239677530771587,0.00505883630830795,0.0103738502803026,0.0124858112249058,0.000446578109404072,0.00110582768684253,0.000329218106344342,0.000392772984923795,0,0,0.00893111647746991,0.0145474629971432,0.0122773773473455,0.34218198954477,0.00178306091402192,0.00268714016419835,0.00055845124006737,0.0489713765418855,0.00182107894215733,0.105654311104445,0.000692760630045086,0.00936134820221923,0.0164720931643387,0.0214895012322813,0.112704456711072,0.280378411203856,0.174528871692019,1.37098908424377,0.0436545802949695,0.47576471636421,0.026129255304113,0.128960227884818,0.188276667366154,0.465171196701704,0.000847936724312603,0.00788399297744036,0.00210224550392013,0.0630691419064533,0.00247971148928627,0.0173275572597049,0.00201558730623219,0.0281107294285903,0,0.0107946717762388,0.00680046439811122,0.00684549882134888,0.214109803317115,0.135088226699736
0.00512682131375186,0.000837053608847782,1.01073556396295,0.0322658311342821,0,0.148811366641894,0.09405371529283,0.00880352134117857,3.38764774543233,0.00683654437307268,0.0108466405654326,0.000511770718730986,0.0499311301973648,0.000779727124609053,1.91932152287336,0.0269905541790649,0.0132325136801228,0.00211360631510615,0.0108024692162871,0.00252935863682069,0.131760083371773,0.0519230769714341,0.404885489784647,0.134959668386728,1.59164562937804,0.311244977347087,1.97486766509246,0.314265537308529,0.289997857500566,0.0128688707773108,2.36443748354213,0.183749331277795,0.0848509932984598,0.00312134227715433,0.00423370016505942,0,0.0109500802354887,0.00317762955091894,0.000630119699053466,0.00115942023694515,0.0232675769366324,0.00202224473468959,0.00260999248712324,0.000858000887092203,0.00148404651554301,0,0.000393545837141573,0.00183958793058991,0.000523423193953931,0,0.00228115194477141,0,0,0,0.00111337911221199,0.00174672488356009,0.00992679037153721,0.000506457348819822,0.00322645693086088,0.000378501135855913,0.00356633390765637,0,0.00164383562514558,0,0.00397163140587509,0,0.00515603818348609,0.0017006802954711,0.00211081793531775,0.00266400258988142,0.905164343537763,0.0508634226280265,0.256773394590709,0.012485136569012,0.0194269057828933,0.000985707272775471,0.0229817331419326,0.00239952001720667,0.00824742298573256,0.00101677677594125,0.0195158560527489,0.00178465194767341,0.117773017846048,0.00413757422938943,0.00923266306926962,0.000225225230678916,0.0286613064236008,0.00223964173346758,0.0049118752067443,0.00026928773149848,0.00339558580890298,0.00112485943827778
0.00106937577947974,0.0497443688800558,0.0354609942587558,1.48035818098288,0.148811366641894,0,0.0232413357589394,1.07719821501814,0.0764535798225552,6.3030116923037,0.00059031875571236,0.0583354262635112,0.0125914586242288,0.173879593843594,0.0663357396551874,6.11694367104792,0.0037002774188295,0.0887389757554047,0.0133257189008873,0.037830120883882,0.524964351207018,3.36249412677716,0.0870222095400095,0.864906848408282,0.250175683060661,8.0896303744521,0.240543159423396,8.20062014943687,0.0219501904211938,1.72377620451152,0.693149981962051,3.43207317724591,0.0114262391580269,0.0269489889615215,0.00904977403115481,0.0163636364741251,0.00315059849526733,0.385572130326182,0.00185013870941475,0.716680861252826,0.000977517105638981,0.286272594006732,0.0191422780044377,0.0815895176492631,0.00486381322843954,0.0203676114906557,0.0166957869369071,0.0959128062240779,0,0.00804828945547342,0.000847098708618432,0.00234512414317578,0.000626762746833265,0.000611060182563961,0,0.410424574365607,0.00147637794725597,0.0341408315580338,0.00159108988009393,0.00224173354217783,0.00211379252141342,0.00825380440801382,0.00053777894936502,0.0184049083327409,0.000556483049876988,0.00527820526622236,0.0177443196298555,0.0510877201450057,0.0124384551309049,0.0416666679084301,0.384803935186937,1.79348490538541,0.0150738618685864,1.50946701370412,0.0131578950677067,0.172545284614898,0.0473577805096284,0.337349385023117,0,0.0137524562887847,0.00296406075358391,0.0527013093524147,0.00840998720377684,0.523882094305009,0.00203728224732913,0.0460386646445841,0.00136518769431859,0.993133753538132,0.000858246290590614,0.0245464241597801,0.155773416743614,0.0508933389792219
3.31793492287397,0.00398024599417113,10.3792311247671,0.09588575703674,0.09405371529283,0.0232413357589394,0,0.0624580681324005,0.504288899042876,0.00623895175522193,1.25293269753456,0.00349277179338969,5.57041047391249,0.011449388199253,0.585207201758749,0.00368833570973948,0.112817302288022,0.000589159477385692,0.525079865110456,0.0450812789931661,0.00735206912213471,0.0021228918194538,0.757278539793333,0.282529178046389,0.0150392328214366,0.018110152304871,0.0101878379937261,0.00888311141170561,1.34730750601739,0.00715202621358912,0.949595363490516,0.0979832751327194,0.539756050915457,0.0314099788229214,0.0173496171482839,0.00257913242967334,0.0843855198618257,0.000419023679569364,0.059751386026619,0.0010153315088246,0.0148042024229653,0,0.00170024650287814,0.00072326191002503,0.000574602556298487,0,0.0078390387352556,0.00219687371281907,0.000587084170547314,0,0.00477149011567235,0,0.00231068172433879,0,0.00576857832493261,0.00296931696357206,0.450961387541611,0.00223823171108961,0.0220109177462291,0,0.0896143919380847,0,0.122400242034928,0.000713012472260743,0.00443369612912647,0.000367748463759199,0.0397995486564469,0.00431066507007927,0.0794974966265727,0.00446713464043569,0.607671457182732,0.0536310501920525,1.13693378912285,0.00696507227257825,0.143296290276339,0.00403417178313248,0.233636277727783,0.0131511352956295,0.00695527040807065,0,0.0654843114316463,0.00106682920886669,0.0915638860315084,0.000194817839656025,0.0833591374830576,0.000654493123875,0.0107991363620386,0,0.0136626377206994,0.000144655001349747,0.0110213081643451,0.0428029830800369
0.00884955783840269,3.00128619710449,0.151833555893973,7.65648921516549,0.00880352134117857,1.07719821501814,0.0624580681324005,0,0.0056737587437965,1.50557545431366,0.00473139469977468,2.45593438384822,0.0167801174975466,5.5214118877775,0.00625614433374722,0.830198731389828,0.00179999995452818,0.0665347294707317,0.399000843171962,1.15767334260454,0.0218961622013012,0.0307657752273371,0.779754756003967,2.01377117080847,0.00479016969620716,0.0984308148472337,0.00426395931572188,0.0702008686348563,0.0212266206508502,0.88714372717368,1.02976414197474,2.43334591918392,0.11837364450912,0.585508696633042,0.00805398356169462,0.00468907014874276,0.0241667503723875,0.0224606432020664,0.023999999393709,0.00817438680678606,0.00886061548953876,0.00340754202625249,0.00262510264292359,0.0125348187284544,0.000920047823456116,0.00408049707766622,0.00671817280817777,0.010601859758026,0,0.000372682377928868,0.000578034669160843,0.000673740927595645,0,0.000199401794816367,0.00589439214672893,0.0140227864030749,0.0075243532191962,0.375305626759655,0.0027153161354363,0.00280759710585698,0.00176934218325187,0.038555576102226,0.00133638789702673,0.121748091856716,0.000966090228757821,0.00743099764804356,0.0138067064981442,0.0220429326145677,0.0521853794489289,0.0958388461003779,0.160862193501089,1.53171514972928,0.0321620021131821,0.479293411772233,0.0265616210526787,0.0763410488143563,0.189236797639751,0.278346455655992,0.000912616902496666,0.00864323880523443,0.000987248058663681,0.0673062717542052,0.00113614846486598,0.0192649402451934,0.00144805113086477,0.0345091038470855,0,0.00884785543894395,0.0042187953076791,0.00869992302614264,0.147096471395344,0.122036262473557
0.0085094700625632,0.000284010224277154,0.171182093763491,0.0393643030547537,3.38764774543233,0.0764535798225552,0.504288899042876,0.0056737587437965,0,0.00258732214570045,0.0306921395240352,0.000528820732142776,1.46497713407734,0.00119904076564126,6.91243787750136,0.00509259250247851,0.0229658791795373,0,0.00197706598555669,0.00110926237539388,0.00733752595260739,0.00409416574984789,0.188356158178067,0.128303407807834,0.164466238580644,0.136967154918239,0.614906809176318,0.0739098293706775,0.659916347562103,0.00547820131760091,0.805466195277404,0.0923076965846121,0.0148746283957735,0.0007999999797903,0.00268336309818551,0.000997506198473275,0.00402819737792015,0,0.00196850392967463,0.00180505419848487,0,0,0.00229095068061724,0.000440917094238102,0,0,0.00322840991429985,0.000753295666072518,0.000541271991096437,0,0.0040650405571796,0,0.00267022708430886,0,0.00228006835095584,0.000357206648914143,0.00983234602608718,0,0.00289675142266788,0,0.00656694662757218,0,0.00567536917515099,0.000851970165967941,0.00353045028168708,0,0.00358917712583207,0.000577200553379953,0.00163755461107939,0.00139033712912351,0.600195502862334,0.0156914019025862,0.199871881864965,0.00185299571603537,0.0279358522966504,0.00105097214691341,0.0201958387624472,0.00187032425310463,0.00661521521396935,0,0.0253699785098433,0.000303122156765312,0.0908587251324207,0,0.00976927881129086,0.000456933979876339,0.0168190132826567,0.000580383057240397,0.00294290744932368,0,0,0.00242130761034787
0.000268096511717886,0.0174611971888226,0.00684841279871762,0.370840321207652,0.00683654437307268,6.3030116923037,0.00623895175522193,1.50557545431366,0.00258732214570045,0,0,0.0298281098366715,0.00273224036209285,0.339513316517696,0.00680117882438935,4.40053394716233,0.000620732491370291,0.044873469742015,0.00344036708702333,0.0114633711054921,0.066282418789342,0.298872187966481,0.0254622611682862,0.13993373842095,0.0120353979873471,0.494071151479147,0.020833333954215,0.590972236532252,0.00720797126996331,0.561141602054704,0.12186379916966,0.898269540513866,0.00573770492337644,0.0123695395886898,0.00414937763707712,0.0119320788071491,0.00126863305922598,0.186541476054117,0.00186219747411087,0.109777014702559,0,0.137216197443195,0.0136733184335753,0.0416135868290439,0.000977756106294692,0.0114856435102411,0.0128654975560494,0.0714806718751788,0.000516929430887103,0.00252844503847882,0.000566411763429642,0.00156985875219107,0,0.000615006138104945,0.000367849919712171,0.107050061080372,0.00123350197100081,0.0171155304415151,0.000798881577793509,0.00112528132740408,0,0.00207468890585005,0.000540832872502506,0.00657219160348177,0.000559753680136055,0.00397702158079483,0.0124022647505626,0.030123874603305,0.00468994252150878,0.0216322524938732,0.104224480630364,0.626662550901528,0.00910194183234125,0.461312999308575,0.00949216890148818,0.0799229656695388,0.0400929681491107,0.226493188703898,0,0.00992555869743228,0.000371954607544467,0.0481393994414248,0,0.533333344850689,0.00102082485682331,0.0340501791797578,0,0.415469594299793,0,0.0168561872269493,0.0584022059338167,0.0230010962113738
2.41476004023571,0.00191335252020508,0.536521963309497,0.00756948534399271,0.0108466405654326,0.00059031875571236,1.25293269753456,0.00473139469977468,0.0306921395240352,0,0,0.00197190046310425,7.82272941432893,0.00416745600523427,1.13918436109088,0,3.44387587101664,0.00152516516391188,0.124882802803768,0.0172413788095582,0.00732936337590218,0.0017945267027244,0.034930585330585,0.0114678902900778,0.0020505809225142,0.000637551827821881,0.00441222812514752,0.00067091581877321,1.14943959048833,0.00214776635402814,0.0888445172458887,0.00868454680312425,0.082714312185999,0.0174407583544962,0.00637196330353618,0.00087719300063327,0.0590043012052774,0,0.0631959046586417,0.00111141987144947,0.0235183440963738,0,0.00798113574273884,0.000415713991969824,0.00190839695278555,0.000487092067487538,0.00573504090425558,0.00107430617208593,0.00554156175348908,0,0.0161943326820619,0,0.00733720581047237,0,0.00794510630657896,0.00238338450435549,0.804824567399919,0.00149123888695613,0.0289741582237184,0,0.130276188428979,0,0.37115032231668,0.000402414472773671,0.0174197051674128,0.000864491041284055,0.0130336486035958,0.00305343500804156,0.0634678872302175,0.00697969528846443,0.406100463529583,0.0131973600946367,1.09214010590222,0.00170794199220836,0.182971017900854,0.00367309455759823,0.151284219231457,0.0091874822974205,0.0794638581573963,0.00094517960678786,0.500912748626433,0.000872981239808723,1.29369376681279,0,0.0972011739359004,0.000664525403408334,0.0485049813869409,0,0.0181021075695753,0,0.0146137790288776,0.0518941378686577
0.00269938661949709,2.72501885634847,0.0125558376312256,0.43631137086777,0.000511770718730986,0.0583354262635112,0.00349277179338969,2.45593438384822,0.000528820732142776,0.0298281098366715,0.00197190046310425,0,0.00274977082153782,5.69700087333331,0.00039207999361679,0.672839511185884,0.00102249486371875,4.6084457274992,0.167848693759879,0.449226861441275,0.00721500720828772,0.0305180982686579,0.0219538970850408,0.0560041239368729,0.00113798014353961,0.0112721414188854,0.000531632103957236,0.0285714298370294,0.00924727210076526,4.78360337991035,0.11053089320194,0.274866791063687,0.0305206450866535,0.40859481820371,0.00709677446866408,0.00836528395302594,0.0208170688711107,0.0216216228436679,0.02453987672925,0.00811843358678743,0.0103130758507177,0.00589101621881127,0.00262209121137857,0.0199999999604188,0.00167329015675932,0.0110756121575832,0.00378006865503266,0.00777453859336674,0.000438692688476294,0.00430570507887751,0,0.00034566194517538,0,0,0.00522278435528278,0.00866470672190189,0.00500170511077158,0.443029175250558,0.00351061957189813,0.00232480897102505,0.000945477455388755,0.0303563574270811,0.00136736553395167,0.104335308133159,0,0.00536809803452343,0.0157868769019842,0.0428534789243713,0.0371024737833068,0.10371558368206,0.0727180264075287,1.3678306764923,0.0220772705506533,1.53193564596586,0.0171612440608442,0.179255505092442,0.106485965079628,0.27799608069472,0.00149365200195462,0.176709793391638,0.00164826109539717,0.183596888236934,0.000447027268819511,0.211943536065519,0.00152584398165345,0.0257849858608097,0,0.00510440830839798,0.00182767622754909,0.00587875046767294,0.331337315146811,0.0961844212142751
1.28616917695035,0.00326330820098519,1.24344495360856,0.026864035287872,0.0499311301973648,0.0125914586242288,5.57041047391249,0.0167801174975466,1.46497713407734,0.00273224036209285,7.82272941432893,0.00274977082153782,0,0.00437693120329641,7.25582069525262,0.000846979091875255,0.719545781408669,0.000622761959675699,0.113781641994137,0.0188425297674257,0.00898972596041858,0.00127172531210817,0.198519811034203,0.0955834765336476,0.00664819922531024,0.00888730864971876,0.0240197817329317,0.00475319940596819,2.95689070559456,0.00335899216588587,0.368534476408968,0.0446595896501094,0.126639886351768,0.0154559500515461,0.0087999997776933,0.00251625082455575,0.069650006480515,0.00138288678135723,0.0516173444339074,0.000985545309958979,0.0203683642612305,0,0.0149962515570223,0.00109589041676372,0.00179613829823211,0,0.0137305705284234,0.000990834785625339,0.00743149104528129,0,0.0306672183214687,0,0.00972222245763987,0,0.0104646816034801,0.00215233770722989,0.588015315297525,0.00189825354027562,0.0326444647507742,0.000252461497439072,0.126849379797932,0.00124107976444066,0.344147583818994,0.0013406622747425,0.0184974852309097,0,0.0223820942919701,0.00577676913235337,0.0566272575524636,0.00602729991078377,0.816389512474416,0.0302249698434025,1.40604831028031,0.00533155631273985,0.182243986986578,0.000857081613503397,0.267241374705918,0.0123911585251335,0.0358235049061477,0,0.346177990577416,0.00149540696293116,1.15657358727185,0,0.157758764617029,0.000173641252331436,0.0752864130190574,0.000322061183396727,0.0317991641350091,0.000397416792111471,0.00998864910798147,0.0457427544752136
0.00405463087372482,0.668492553857504,0.0488164126873016,0.638223242713138,0.000779727124609053,0.173879593843594,0.011449388199253,5.5214118877775,0.00119904076564126,0.339513316517696,0.00416745600523427,5.69700087333331,0.00437693120329641,0,0.00126522220671177,0.810802347172284,0.00116867941687815,0.531244571611751,0.214445695979521,0.381054020603187,0.0085127693018876,0.0193069312954322,0.210105753969401,0.458895336370915,0.000844416324980557,0.0226354082114995,0.00120385232730769,0.0375626032473519,0.00905113876797259,4.3940001167357,0.551735983608523,1.07684249518206,0.0394581877044402,0.290431831323076,0.00370198977179825,0.00146663415944204,0.0201382039231248,0.0144899155129679,0.0222049089206848,0.00443622912280262,0.00914401828777045,0.00203148811124265,0.00245767328306101,0.0096647534519434,0.000999500218313187,0.00405610946472734,0.00340812269132584,0.00621957803377882,0,0.000681779463775456,0.000445732119260356,0.000570776232052594,0,0,0.0032657504780218,0.00624593370594084,0.00279468999360688,0.287888011807809,0.00115623639430851,0.00165654328884557,0.000264270609477535,0.0273925113142468,0.000713012472260743,0.0973307740059681,0.000729261606466025,0.00341721027507447,0.00878885305428412,0.0164152622164693,0.022260868921876,0.0495667928480543,0.0830261860392056,1.4355684867769,0.0261136712506413,0.672426747041754,0.0293605364277028,0.0681875152513385,0.156518495467026,0.187004154722672,0,0.0417621590895578,0.000548772106412798,0.0656379531574203,0.000702247198205441,0.0350094392197207,0.000512470127432607,0.0201107007160317,0,0.00361532904207706,0.00135104710352607,0.00234366676886566,0.179769252135884,0.118780091986991
0.272864620084874,0.000478411675430834,0.289997711079195,0.0254763654229464,1.91932152287336,0.0663357396551874,0.585207201758749,0.00625614433374722,6.91243787750136,0.00680117882438935,1.13918436109088,0.00039207999361679,7.25582069525262,0.00126522220671177,0,0.00532009216840379,0.902679212274961,0.00200883892830461,0.0216402696969453,0.00356718187686056,0.343352950061671,0.0128322638338432,0.119075288093882,0.0771191836101934,0.179848867817782,0.0837120300275274,0.774958506051917,0.0571428574039601,4.10269526182674,0.00210526323644444,0.676301717874594,0.0907441011804622,0.0391701235203072,0.0123437256552279,0.0146272861165926,0.00361010839696974,0.189390410960186,0.00230414749239571,0.0302267011720687,0.000430755986599252,1.25993688695598,0,0.0427024561213329,0.000341588398441672,0.00916730356402695,0.000388349522836506,0.0299601592705585,0.000603409251198173,0.0147586758248508,0,0.0699402942555025,0,0.04217844773666,0,0.0583409294486046,0,0.24102896124532,0.00285997145692818,0.0546163846738636,0.000308784918161109,0.107043076888658,0.00079984002513811,0.132975429529324,0.0013302294537425,0.0644340824801475,0.000705342972651124,0.0263926187617471,0.00848587726068217,0.034115994349122,0.00810295535484329,2.82680034718942,0.0292370952665806,1.60684535512701,0.00570550811244175,0.150676503835712,0.00434512743959203,0.204926963488106,0.0141373975202441,0.123842965927906,0.00189873419003561,0.80159460514551,0.00151572556933388,6.15905867685797,0.00158102763816714,0.248788951241295,0.0011913034832105,0.759250111004803,0,0.129143558908254,0.000232018559472635,0.00608108122833073,0.0127903068205342
0.000690607746946625,0.0665561337082181,0.00906926637981087,0.250469637103379,0.0269905541790649,6.11694367104792,0.00368833570973948,0.830198731389828,0.00509259250247851,4.40053394716233,0,0.672839511185884,0.000846979091875255,0.810802347172284,0.00532009216840379,0,0.00314606740721501,0.7785022832104,0.0204334367299452,0.0596094542415813,0.132326288963668,0.806912986678071,0.0365448521915823,0.218587821582332,0.0335553898476064,0.639774859882891,0.0730232573696412,1.67575466725975,0.0195121959550306,6.77364679839229,0.164394237974193,0.839746112935245,0.0173542895645369,0.0509215877391398,0.0126443101326004,0.0311124153668061,0.00593471809406765,0.498756514396518,0.00674157301546074,0.351671599113615,0.0018444512388669,0.237861089233775,0.0466867479553912,0.20545638166368,0.0157924417289905,0.0538887842267286,0.0474992134841159,0.239570916281082,0.000392387679312378,0.0235384920961224,0,0.00442757731070742,0,0.00580357146100141,0.00150037507410161,0.282245397334918,0.00535618637513835,0.0568999334791442,0.00384923815727234,0.00457317073596641,0.00319581630174071,0.0114083399821538,0.00203004470677115,0.0524848280474544,0.00124973966740072,0.00938477562158369,0.0490400178241543,0.150024006870808,0.0177654948493,0.0710446375887841,0.203981209080666,1.14862142252969,0.0083996465546079,2.45732757705264,0.00719640171155334,0.18517397926189,0.0488222685526125,0.6885032535356,0.00186567159835249,0.114708599983715,0.00242240726947784,0.34150001622038,0.00319233839400113,2.98113934212597,0.00272133525868412,0.13351713353768,0.000483442097902298,1.16006604279391,0.000487923884065822,0.049178443296114,0.187972400919534,0.0196463655447587
1.16990286740474,0.00501952052582055,0.132732809957815,0.00288808671757579,0.0132325136801228,0.0037002774188295,0.112817302288022,0.00179999995452818,0.0229658791795373,0.000620732491370291,3.44387587101664,0.00102249486371875,0.719545781408669,0.00116867941687815,0.902679212274961,0.00314606740721501,0,0.0147796256933361,0.049344640225172,0.014804116130108,0.00392541708424687,0.00191938574425876,0.0039670430123806,0.00471790856681764,0.00215749733615667,0.00200534763280302,0.00726552202831954,0.00211565592326224,1.4256365877809,0.011084017023677,0.03003625117708,0.00477453583152965,0.140198513312498,0.0756335310870782,0.126796279801056,0.158313814667054,0.11257639125688,0.0196762937121093,0.0402769036591053,0.00521134928567335,0.0131246850360185,0.00201816344633698,0.208643816877156,0.0222888982389122,0.154188286978751,0.0232264577643946,0.0346047985367477,0.00992647078237496,0.167843134724535,0.00511378166265786,0.383585068455432,0.000395882816519588,0.11260396707803,0.000623441417701542,0.0430187283782288,0.00593471797765233,1.74054313942906,0.0154391287942417,0.391295576060656,0.0037821481237188,0.450819685356691,0.00891920202411711,1.08319650392514,0.00704663232318126,0.272031733766198,0.00535475229844451,0.236777874146355,0.125212465471122,0.0954138124361634,0.0425673425197601,0.255079718772322,0.0175603630486876,0.854858531965874,0.0118764850776643,0.182258841348812,0.00491883896756917,0.295467907912098,0.183942487754393,1.55864192813169,0.00101471331436187,2.77929865338956,0.0121878714126069,2.30320860119537,0.00878326036036015,0.554142741370015,0.00787933364335913,0.0991274006664753,0.00391498883254826,0.109442675689934,0.00242228514980525,0.0169395818375051,0.0235690246336162
0.00697645440232009,1.4991648530704,0.00245098053710535,0.0542540064489003,0.00211360631510615,0.0887389757554047,0.000589159477385692,0.0665347294707317,0,0.044873469742015,0.00152516516391188,4.6084457274992,0.000622761959675699,0.531244571611751,0.00200883892830461,0.7785022832104,0.0147796256933361,0,0.0293153997336049,0.0972357753489632,0.02416006103158,0.0756957322591916,0.0106071183108725,0.013338013086468,0.00176886795088649,0.0160976967890747,0.00604561722138897,0.0638236128725111,0.0249810749664903,6.87739166070241,0.0317460320075043,0.0931294223992154,0.0873875534744002,0.179062882263679,0.0214981529861689,0.0451565930852666,0.01989247353049,0.0627325882669538,0.00738981284666806,0.0201722013298422,0.0131172840483487,0.0177400698885322,0.0110386349551845,0.0591245046816766,0.00686990143731236,0.0389326341392007,0.00842548697255552,0.023136671516113,0.000450856634415686,0.0123839010484517,0.00209726043976843,0.00494437559973449,0.00053518865024671,0.000523697293829173,0.00266489014029503,0.0309148259693757,0.0281300446367823,1.55644309597847,0.0222461429075338,0.0111883366189431,0.005463602632517,0.0470269061625004,0.00937866338063031,2.07983811432496,0.00193236710038036,0.0212055764277466,0.100939261406893,0.227610491303494,0.0676503962313291,0.462133759399876,0.104461941868067,1.14105257950723,0.0150142380734906,3.14501139742788,0.00523560226429254,0.220877450425178,0.110251937934663,0.622436081699561,0.0054794522584416,2.88845851016231,0.0080753699876368,3.24567371921148,0.00275798665825278,0.572512266575359,0.00887773826252669,0.17145866699866,0.000575373996980488,0.0425125387555454,0.00398036369006149,0.0231285750924144,0.454240127175581,0.0610112810973078
0.873753430350916,0.236985398456454,5.73993113904726,0.498449610546231,0.0108024692162871,0.0133257189008873,0.525079865110456,0.399000843171962,0.00197706598555669,0.00344036708702333,0.124882802803768,0.167848693759879,0.113781641994137,0.214445695979521,0.0216402696969453,0.0204334367299452,0.049344640225172,0.0293153997336049,0,6.4003178103012,0.0108695656526834,0.0170981924748048,4.60719283414073,0.817246732185595,0.00208724697586149,0.00319872051477432,0.00277888058917597,0.00866694201249629,0.228939103108132,0.0935439371096436,2.45606263598893,1.15017302718479,8.34122119424865,5.50112069185707,0.215722126886249,0.0607961413334124,0.0742332500522025,0.0116256542969495,0.0582112552656326,0.00658857979578897,0.0400902051478624,0.00400801608338952,0.0035239901044406,0.00419412838527933,0.00165098230354488,0.00100485677830875,0.00732807180611417,0.0115436243650038,0.000685518432874233,0.000337780773406848,0.00199379702098668,0.000283205881714821,0.000778816174715757,0.000383288628654554,0.00918546580942348,0.00697764600045048,0.314901220728643,0.0807102478574961,0.0344184727873653,0.000822143076220527,0.0173182898433879,0.0109927859157324,0.0314265537308529,0.0310168264550157,0.00144430401269346,0.00184842880116776,0.279624897520989,0.109812568203779,4.60234316764399,0.530994601082057,0.930696877883747,0.667436051589902,0.468643112748396,0.227222014131257,0.084458630066365,0.0870640622451901,0.242603553459048,0.563949158182368,0.00202326755970716,0.00602863635867834,0.0147078857989982,0.0201419088989496,0.0173913038452156,0.00476109521696344,0.0119027380424086,0.00862860296911094,0.00451282053836621,0.00214822764974087,0.00962399263517,0.00296578751294874,0.239090193528682,0.126054846215993
0.074869592936011,1.84810663634562,0.288193748448975,4.91425376676489,0.00252935863682069,0.037830120883882,0.0450812789931661,1.15767334260454,0.00110926237539388,0.0114633711054921,0.0172413788095582,0.449226861441275,0.0188425297674257,0.381054020603187,0.00356718187686056,0.0596094542415813,0.014804116130108,0.0972357753489632,6.4003178103012,0,0.010911570629105,0.0386951636755839,0.730229948821943,0.900644490960985,0.00155581487342715,0.00485708934138529,0.00148450548294932,0.0250144321762491,0.0423656539060175,0.210419095004909,0.56114412919851,0.579677070461912,1.25218837929424,2.50861027103383,0.0241167758067604,0.00845195722649805,0.0658135302364826,0.0315674890007358,0.0881025447743014,0.0123817714629695,0.0428374010080006,0.00736817857250571,0.00258765678154305,0.00967696052975953,0.00218476899317466,0.000949066743487492,0.010474016686203,0.00846045382786542,0,0.00223214281140827,0.000639727062662132,0,0,0,0.019086922693532,0.0197775033302605,0.0798158072866499,0.605086241121171,0.0169306381721981,0.00522944203112274,0.00376269919797778,0.0615584006300196,0.0106400661170483,0.144447530445177,0.00135823432356119,0.021627941809129,0.073959938599728,0.055832715035649,2.3395614232868,2.34538004864589,0.317985608475283,1.25909912958741,0.10368786676554,0.690521891752724,0.0320976499933749,0.225762398447841,0.302483061561361,1.01280926330946,0.00232288031838834,0.016620498849079,0.00519885623361915,0.0946198677411303,0.00557285666582175,0.0170089863822795,0.00528357969596982,0.0458870610455051,0.000382701866328716,0.00707427973975427,0.00990632068715058,0.0116421569982776,0.515972903522197,0.210958243580535
0.00924155506072566,0.0169098140322603,0.00936183496378362,0.0365411422098987,0.131760083371773,0.524964351207018,0.00735206912213471,0.0218961622013012,0.00733752595260739,0.066282418789342,0.00732936337590218,0.00721500720828772,0.00898972596041858,0.0085127693018876,0.343352950061671,0.132326288963668,0.00392541708424687,0.02416006103158,0.0108695656526834,0.010911570629105,0,2.90466102235951,0.0184706310392357,0.0501646846532822,1.03229734371416,1.19330450368579,1.30826271430124,1.45754719153047,0.870082106208429,0.0765351564623415,1.67156500538113,1.36197715468006,0.0075757575687021,0.0150375935481861,0.00489396415650845,0.00603015068918467,0.210259019513614,0.0358030814677477,0.0706575075164437,0.0155574765522033,2.57312719384208,0.0285035641863942,0.00567644275724888,0.0153148042154498,0.00137598894070834,0.00425381062086672,0.00608210870996118,0.0181395352701657,0,0.00216528325108811,0.0020415106555447,0,0.00100704934448004,0.000967118015978485,0.0164589700580109,0.0156896926928312,0.00635562621755525,0.00828157318755984,0.00418519508093596,0.000482160074170679,0.00223613591515459,0.00299401208758354,0.0023866348201409,0.00542740861419588,0.00334868137724698,0,0.00769971124827862,0.00878378399647772,0.0120572717860341,0.0149973216466606,3.0859639836126,1.47486578836106,0.270833341404796,0.259425500058569,0.225352112203836,0.279955216683447,0.217006195452996,0.176524112233892,0.0223880591802299,0.00240673893131316,0.0534223695285618,0.00751610574661754,1.02923077018932,0.0285609662532806,0.0313516018650262,0.00464876013575122,0.221449265256524,0.0205254516913556,0.0255789839429781,0.00127165787853301,0.237717916024849,0.196261676028371
0.00126542232464999,0.0312602838675957,0.00588690949371085,0.0540465627273079,0.0519230769714341,3.36249412677716,0.0021228918194538,0.0307657752273371,0.00409416574984789,0.298872187966481,0.0017945267027244,0.0305180982686579,0.00127172531210817,0.0193069312954322,0.0128322638338432,0.806912986678071,0.00191938574425876,0.0756957322591916,0.0170981924748048,0.0386951636755839,2.90466102235951,0,0.0142857145692687,0.0485850219265558,0.161232964135706,0.883034736849368,0.215098239481449,6.65671626292169,0.0223526125773787,0.202516832388937,0.695086689665914,1.07772795041092,0.00641368282958865,0.0267591682495549,0.00943396193906665,0.0345821315422654,0.0168734497856349,0.789499290520325,0.027831093291752,1.74576269113459,0.00676437397487462,0.855855876579881,0.0168460453860462,0.0526315807364881,0.00609549600630999,0.0209277996327728,0.0165330663439818,0.0938794309040532,0,0.00638977624475956,0.000675219460390508,0.0010106114204973,0,0.00189214758574963,0.000930448935832828,0.303344129555626,0.00344382261391729,0.0240893062436953,0.00310157658532262,0.00524558906909078,0.00221336871618405,0.00515084620565176,0.00468750006984919,0.0166175285703503,0,0.00413223128998652,0.0140127390623093,0.0415688913781196,0.0103703703498468,0.0491374789271504,2.41615200578235,6.61670653673355,0.0463392032543197,0.677220739307813,0.212590309325606,0.707135237753391,0.165798612346407,0.508912643766962,0.00470588216558099,0.0228050164878368,0.00235904692090116,0.028753993101418,0.00377928954549134,0.339935175143182,0.00207900207897183,0.0256739411270246,0,0.67123287456343,0.00102880658232607,0.0160959437198471,0.936484471429139,0.267441859468818
0.0455893270263914,0.0225635190290632,3.03688797466748,0.658223510719836,0.404885489784647,0.0870222095400095,0.757278539793333,0.779754756003967,0.188356158178067,0.0254622611682862,0.034930585330585,0.0219538970850408,0.198519811034203,0.210105753969401,0.119075288093882,0.0365448521915823,0.0039670430123806,0.0106071183108725,4.60719283414073,0.730229948821943,0.0184706310392357,0.0142857145692687,0,8.30745581974043,0.81565698623308,0.0706658283888828,0.133978768950328,0.0379909868352115,0.124984476889949,0.103714976401534,5.23293718852801,2.77134047035361,2.65416467573959,0.446508344859467,0.199930333066732,0.0624206118518487,0.0289899766794406,0.0150145542866085,0.00884955748915672,0.00585651549044997,0.00261340307770297,0.00186636811122298,0.00274473923491314,0.00323302662582137,0.000269432843197137,0.00190813691006042,0.00165445516176987,0.010889292228967,0,0.00109784549567848,0.00173176838143263,0,0.000307597656501457,0,0.00228076183702797,0.0026359143666923,0.0491301695728907,0.0198616774287075,0.0105528240674175,0.000230840261792764,0.00534045381937176,0.000556483049876988,0.00654338582535274,0.00731618085410446,0.00115858076605946,0.00101807073224336,0.133023256566958,0.0527021864400012,0.196094831859227,0.0899263629980851,0.150266153330449,0.578217839822173,0.0887145423330367,0.0854092547670007,0.0213274494162761,0.0158994273806456,0.131089465459809,0.111111108650221,0.00300751882605255,0.00112212458043359,0.00597083460888825,0.00732383210561238,0.00702641918906011,0.00358769134618342,0.00441803762805648,0.00244698203459848,0.000640922924503684,0.00115074799396098,0.00194137057405896,0.00037013046676293,0.0318632207927294,0.0550601009745151
0.00986595189897344,0.0378812911221758,0.576654691845761,5.95733416275471,0.134959668386728,0.864906848408282,0.282529178046389,2.01377117080847,0.128303407807834,0.13993373842095,0.0114678902900778,0.0560041239368729,0.0955834765336476,0.458895336370915,0.0771191836101934,0.218587821582332,0.00471790856681764,0.013338013086468,0.817246732185595,0.900644490960985,0.0501646846532822,0.0485850219265558,8.30745581974043,0,1.01449890236836,0.871658815769479,0.147052863438148,0.107903055846691,0.0771801879163831,0.286915878765285,2.16669549839571,2.84240187407704,0.414232763287146,0.163375478587113,0.062222220672993,0.0232443115091883,0.0179354326974135,0.0162055332912132,0.0161195209366269,0.00671266077551991,0.00822622142732143,0.00462606037035584,0.00109935412183404,0.00821292740874924,0.000671591667924076,0.00272572413086891,0.00228734803386033,0.0127908560389187,0,0,0.00156827596947551,0,0.000794438936281949,0,0.000547795149032027,0.00680806481977925,0.00862414742005058,0.0230353684601141,0.00291036092676222,0.000555787119083107,0.00132961038616486,0.00104876773548312,0.001078554749256,0.00861300903488882,0,0.00125176028814167,0.0293008729349822,0.0194001564377686,0.0389268818835262,0.0284784374525771,0.170712607912719,1.08905450231396,0.0461150953778997,0.231191973434761,0.026183282956481,0.0268899028305896,0.142076505260775,0.117019248311408,0.00155722821364179,0.00257731968304142,0.00276166800176725,0.00903091375948861,0.00637280917726457,0.0166089967824519,0.00240116618806496,0.00407671651919372,0.00125680770725012,0.00546946204849519,0.00203735148534179,0.00149892929766793,0.0581521712592803,0.101869407342747
