0,0.0129753107903525,4.72267747289152,0.0213523129059467,0.00885445531457663,0.00278241524938494,6.12159342039376,0.0178725852165371,0.0261215211357921,0,6.76614487386541,0.00913010432850569,2.74710743897595,0.00615249393740669,0.185176304774359,0.00287287530954927,3.35029031074373,0.0123615763150156,2.00606984316255,0.0783222742611542,0.0362796848639846,0.00397482595872134,0.0640625009546056,0.0200726026087068,0.00237670820206404,0.00113346555735916,0.000568181800190359,0.00115307001397014,3.34348645876162,0.0134883723803796,0.740797982667573,0.0270891911350191,1.56315073379665,0.182905221881811,0.0334987590322271,0.00585937517462298,0.19860140630044,0.00390516023617238,0.267296479083598,0.0189496474922635,0.499003301665653,0.000666000647470355,0.0056731399090495,0,0.00955253950087354,0,0.023820224654628,0.00128755366313271,0.00851490075001493,0,0.043717853986891,0,0.00895856693387032,0,0.0642811210127547,0.0554300980002154,15.4430428619962,0.0115489132585935,0.601156071061268,0.00130861502839252,1.97094733297126,0.00206825230270624,1.71879938989878,0.00271125161089003,0.210108488739934,0.000472701474791393,0.388209930388257,0.0130572650232352,6.44130264566047,0.047855268465355,0.697867608396336,0.0974541464820504,3.0709006045945,0.0221914006397128,0.594451802317053,0.0416253703879192,0.432783318683505,0.0608199834823608,0.0713095656828955,0.00330578506691381,0.791265249950811,0.00263901989092119,0.397609150386415,0.001020408119075,0.668739787070081,0.00156225592945702,0.0303472434170544,0,0.0993858186411671,0.0017695983115118,0.11103495710995,0.157750342623331
0.0129753107903525,0,0.0159574463032186,4.2722260102164,0.000568666495382786,0.0125822133850306,0.00547029351582751,4.65458288436639,0.00116788316518068,0.0277699061552994,0,4.50337996822782,0.00253004429396242,1.3686574276071,0,0.0259803936933167,0.00965909060323611,2.19598512072116,0.336581037845463,1.97770976810716,0.00545144826173782,0.00684462720528245,0.0724666538299061,0.093763628101442,0.00367084750905633,0.010489510721527,0,0.00237247929908335,0.0201390555594116,0.771829667617567,0.0554382280097343,0.193920328747481,0.263364963611821,1.47454172949074,0.0434921653941274,0.0235294119920582,0.00517538830172271,0.108944949461147,0.0125642495695502,0.0116763969417661,0.00617919664364308,0.00481761881383136,0.00312082035816275,0.0167024572147056,0.0025766555336304,0.0108667527674697,0.00137835970963351,0.0122726279078051,0,0.0456996152061038,0.00149616610724479,0.0210526319569908,0.000575539539568126,0.000570776232052594,0.00262582063442096,0.0754084624350071,0.0171057137777098,12.2914864451741,0.00817995902616531,0.382798564794939,0.00300881155999377,1.27287190407515,0.00270197255304083,1.68583968581515,0.00162954919505864,0.465892605629051,0.374245486746076,0.707066877861507,0.814699808135629,2.43603609502316,0.0358565726783127,1.25421827367973,0.0134983132593334,1.02907636901364,0.00204708287492394,0.779522173455916,0.105555558111519,0.504182950593531,0.00137741048820317,0.228142070234753,0.0069960649125278,0.475038402015343,0.00213276455178857,0.0308658137219027,0.00330528858467005,0.366434002644382,0,0.0153298657387495,0.00151630025357008,0.131796900532208,0.252392763504758,0.113515434786677
4.72267747289152,0.0159574463032186,0,0.582443282764871,1.48124164529145,0.1579375906731,19.4793913902249,0.387252802174771,0.639357874752022,0.126446064095944,0.996782830567099,0.0366881527006626,2.57108089528629,0.112020680098794,0.501408464158885,0.0370196818839759,0.203344112960622,0.010065424721688,8.14285697601736,0.302686813025502,0.0634005783358589,0.0186495170346461,5.3490694424836,1.29325513076037,0.244720856077038,0.135359109845012,0.050401549495291,0.0533707870636135,2.3987153484486,0.0806194467586465,7.55432569014374,0.640859123028349,6.24706151359715,0.288257001433522,0.0536953262635507,0.0107492887182161,0.101472996873781,0.00598476588493213,0.126829265384004,0.0100396299967542,0.232828113483265,0.00452488701557741,0.00342319207265973,0.00319707693415694,0.00540673389332369,0.000986923230811954,0.00880863226484507,0.00378867602557875,0.00195886380970478,0,0.0104787714954,0,0.00163800164591521,0,0.0222782676864881,0.0241837970679626,0.880344705656171,0.00702458588057198,0.169535846041981,0.00171086401678622,0.114439164812211,0.00252589030424133,0.123425046913326,0.00619880470912904,0.018604650394991,0.00185099488589913,0.187444734910969,0.0135730009351391,1.15597242594231,0.0301307571935467,0.895732055767439,0.486645323166158,1.81623940588906,0.105519480421208,0.554023750126362,0.0500320735154673,0.323125671828166,0.0699523037765175,0.00905562750995159,0.00256739417091012,0.109617803856963,0.00593031896278262,0.0959634454920888,0.0129643479594961,0.077147864503786,0.00708564373780973,0.0125071067595854,0.00624837283976376,0.0186676427547354,0.00208986410871148,0.103024259151425,0.131692715920508
0.0213523129059467,4.2722260102164,0.582443282764871,0,0.0635823199991137,3.33229408354964,0.418577836244367,16.8199637666112,0.0603653707075864,2.39577431516955,0.0159219305496663,1.52691756011336,0.0906771319569089,2.36828958860133,0.0352622070349753,0.532490971381776,0.00774793355958536,0.206379892479163,2.60723091947148,9.49147726388765,0.0754487353842705,0.186316438484937,2.59051164257107,8.34305360159487,0.123722726479173,0.660676523693837,0.0397350973798893,0.14661654504016,0.0795931904576719,1.18375411513261,1.44444440753432,3.81957763107494,0.58720306167379,1.55942147481255,0.0569129056530073,0.0216411184519529,0.0120104437810369,0.0979166717734188,0.0295796585851349,0.0389972158591263,0.00306278700008988,0.0153468383359723,0.00372054555919021,0.0286154520290438,0.00614221609430388,0.0246620821999386,0.00892667353036813,0.0386571712442674,0,0.0249587939470075,0.0035093876067549,0.0135535793378949,0.00104520516470075,0.00155601667938754,0.00325071113184094,0.0628170133277308,0.0151661824493203,0.806120758526959,0.00547022940008901,0.098760330613004,0.00359640354872681,0.354596163029782,0.00345423130784184,0.352061524987221,0.000991571694612503,0.148907714232337,0.203127679094905,0.301994300447404,0.833017071010545,0.943508983938955,0.232798769138753,5.77840318519156,0.0296827016863972,2.1430052719079,0.0182759662857279,1.19073731382377,0.277834015083499,1.04164552903967,0,0.07987804885488,0.00446609835489653,0.221582731697708,0.00292468926636502,0.146107785258209,0.00428082174039446,0.204627411469119,0,0.0943820271058939,0.00319829431828111,0.0623095147311687,0.393948939745314,0.274992115795612
0.00885445531457663,0.000568666495382786,1.48124164529145,0.0635823199991137,0,0.341869403142482,0.359879475319758,0.0195678756572306,8.5812083913479,0.15432873100508,0.0360920982202515,0.0010465724626556,0.379629627685063,0.00238189764786512,3.71174533339217,0.0475524474168196,0.0517350148875266,0,0.00619914755225182,0.000757288886234164,0.0560000026598573,0.0182370829861611,0.959196867072023,0.163711806293577,2.53973020263948,0.655978651368059,1.42069892340805,0.328462081030011,0.939177084364928,0.0194003521464765,4.08958441216964,0.174375330097973,0.014249790518079,0.00322061195038259,0.00671140942722559,0.00192307692486793,0.0311082294210792,0.00515132024884224,0.0165922140004113,0.00120336946565658,0.0572597123682499,0.00205973233096302,0.00235201878240332,0,0,0,0.0107526883366518,0,0,0,0.0046893316321075,0,0.00649350637104362,0,0.00531309301732108,0.00140894681680948,0.00818205066025257,0,0.0089213298051618,0,0.00662251655012369,0,0.0090600224211812,0,0.0114481966011226,0,0.00283125700661913,0.000600781000684947,0.00311041984241456,0,1.28942366898991,0.0407156063010916,0.273904987843707,0.0190718367230147,0.220883525907993,0.00603015068918467,0.0324324332177639,0.0133252568775788,0.00412796717137098,0,0.0719969673082232,0.000611060182563961,0.435022008605301,0.00529661017935723,0.0478712129115593,0.00137331197038293,0.0917562693357468,0.00582072185352445,0.0167614491656423,0,0.00225733639672399,0.067873306106776
0.00278241524938494,0.0125822133850306,0.1579375906731,3.33229408354964,0.341869403142482,0,0.115866836975329,1.07245186634827,0.197278914274648,15.992375421105,0.00126023939810693,0.0243257536785677,0.0243902440415695,0.0408163262181915,0.0529050533659756,6.90070603438653,0.00638977624475956,0.0240305832121521,0.0304568528663367,0.0351011054590344,0.8530611875467,7.96483961772174,0.387874829757493,0.961611577658914,2.76712331408635,14.8977653814945,0.88964576413855,16.7819340084679,0.0424187722965144,2.49110318254679,2.86852159979753,3.66577124060132,0.044801352196373,0.0316558441263624,0.0443685993086547,0.0254901975858957,0.00919238361530006,0.837573404191062,0.00775694916956127,4.67844114301261,0.00626304815523326,1.49106195941567,0.0102726191980764,0.0456171726691537,0.0103842164389789,0.0335078537464142,0.014178482000716,0.0690184033010155,0,0.0123711344785988,0.000589622650295496,0.00496894412208349,0,0.00129115558229387,0.000764818338211626,0.392337721481454,0.00154202012345195,0.00886339944554493,0.00163532292935997,0.00552704284200445,0,0.0110132154077291,0.00343642628286034,0.0109519795514643,0,0.00642496551154181,0.0438496601418592,0.0725294672884047,0.0136196967214346,0.0305454537738115,0.685054545057938,4.23985027335584,0.016239850781858,0.883451422676444,0.00204918021336198,0.890256377402693,0.0924012116156518,0.701410186011344,0,0.0184994868468493,0.0053455515881069,0.0577928054844961,0.0055679288925603,2.26445393403992,0.00127632418298163,0.108070818678243,0,4.01413443870842,0.00180668465327471,0.11614337656647,1.06466512032785,0.113425926771015
6.12159342039376,0.00547029351582751,19.4793913902249,0.418577836244367,0.359879475319758,0.115866836975329,0,0.295106646604836,2.23495830211323,0.102189783880021,3.39798756688833,0.0213065324351192,11.7397818523459,0.0755866032268386,1.51778503265814,0.0364753314352129,0.318778233515332,0.00528992869658396,1.71868906798773,0.154951792326756,0.104330708272755,0.0128363370895386,1.95936280017486,0.776902862708084,0.0841291483084206,0.0815610634745099,0.0342706505907699,0.0364363474072888,4.12452829972608,0.0435108779929578,4.52023584904964,0.378564214333892,1.1831192378886,0.157894733652938,0.0277255646069534,0.00584795325994492,0.116778815339785,0.00433181732660159,0.14985964531661,0.00888700791983865,0.249381480272859,0.00247831485467032,0.004274265258573,0.00150375941302627,0.00319361267611384,0.000400480581447482,0.0138635539915413,0.00456781443790533,0.00159203982912004,0.000796178355813026,0.013588635250926,0,0.00651607319014147,0,0.0277241620933637,0.0250719982432202,1.5119713677268,0.00895953737199306,0.132730555371381,0.000712123932316899,0.35281908349134,0.00163265306036919,0.474120084982133,0.00403078060480766,0.0540428189560771,0.000760022783651948,0.0985445716651157,0.0100109493359923,0.346084523946047,0.019286835740786,1.12771917291684,0.339381004159804,2.32742796815,0.0668535698787309,0.789655196131207,0.0266075396211818,0.406005503609776,0.0369034984032623,0.0193404424935579,0.00295785069465637,0.307908128772397,0.00410288761486299,0.209016393637285,0.00726979016326368,0.291586395906052,0.00484326638979837,0.0291545191430487,0.00501882063690573,0.0493364550638944,0.000897800404345617,0.0648101270198822,0.176798387838062
0.0178725852165371,4.65458288436639,0.387252802174771,16.8199637666112,0.0195678756572306,1.07245186634827,0.295106646604836,0,0.0178645611158572,3.5266367373988,0.0101399309642147,3.72263620141894,0.0459882593422662,8.54492549225688,0.00549349933862686,1.10660086205462,0.00896312884287909,0.268985508475453,1.27688403561478,2.41307633268298,0.0351526365848258,0.101136629469693,1.83374917591573,2.85857749171555,0.0459424658620264,0.269238755689003,0.014546966413036,0.0617517347855028,0.0431654672138393,1.51895568930195,1.07398107880726,3.21844375762157,0.483712799468776,1.30716255330481,0.0438441088772379,0.0192483957507648,0.00575303047662601,0.0984211592003703,0.0114496009191498,0.024869634420611,0.00185960019007325,0.015366705309134,0.00510638288687915,0.0232974902610295,0.00151802657637745,0.015226494288072,0.00417972821742296,0.0325940859911498,0.000378429511329159,0.0234670704230666,0.00148456063470803,0.0121548876632005,0.000411184213589877,0.000408747204346582,0.00369189446792006,0.0597111803945154,0.0185210781637579,1.27576604834758,0.00552677037194371,0.0997107399161905,0.00331016228301451,0.46744185872376,0.00196463661268353,0.683805545413634,0.00118319861940108,0.197718625073321,0.196616104629356,0.303923037601635,0.404721119761234,0.566221641376615,0.158270447747782,4.41294246003963,0.0206268962938339,1.10108232474886,0.00740740727633238,0.530678385228384,0.195630392758176,0.570452255196869,0.000931749353185296,0.159369935980067,0.00301861486514099,0.469304236932658,0.00155642023310065,0.1327705255826,0.00149160961154848,0.362667358713225,0.000423818593844771,0.0618802048265934,0.00120030005928129,0.096212008560542,0.200475058285519,0.161121671728324
0.0261215211357921,0.00116788316518068,0.639357874752022,0.0603653707075864,8.5812083913479,0.197278914274648,2.23495830211323,0.0178645611158572,0,0.114513976732269,0.147854790091515,0,4.28792343026726,0.000824062619358301,19.0044009182602,0.0360448129940778,0.113864699960686,0,0.00562474899925292,0.00313848559744656,0.0506607908755541,0.0156424576416612,0.331108158454299,0.132082847529091,0.34782609064132,0.279003561008722,0.404011476086453,0.187360595678911,2.61007456609514,0.00735294120386243,1.65587729634717,0.164337616763078,0.0113339145900682,0.00167224078904837,0.00363636366091669,0,0.0275671947747469,0.00547570176422596,0.00949152547400445,0.00254777073860168,0.0135440183803439,0,0.00488003238569945,0,0,0.00108813925180584,0.0197764408658259,0.000788643548730761,0.00214018183760345,0,0.0198795184842311,0,0.0262430949369445,0,0.0141565084923059,0.000728067010641098,0.0204241944593377,0,0.00673967972397804,0,0.00913937576115131,0,0.0274790910771117,0,0.020543807419017,0.000949216890148818,0.00697674416005611,0.00061785604339093,0.0010887315729633,0.00306983874179423,2.00537989439908,0.0431654658168554,0.300850216299295,0.00540175568312407,0.128318583592772,0.0044296788983047,0.0356007618829608,0.00641436839941889,0.00684150494635105,0,0.201020807027817,0.000628733076155186,1.27030158124398,0,0.124432923272252,0,0.234842663747258,0.00246002455241978,0.0443213288672268,0,0.00251889158971608,0.0176767676603049
0,0.0277699061552994,0.126446064095944,2.39577431516955,0.15432873100508,15.992375421105,0.102189783880021,3.5266367373988,0.114513976732269,0,0.00123533047735691,0.0509620365919545,0.0319148926064372,0.246542860753834,0.027919962303713,12.0352337718941,0.00500939274206758,0.0397208792855963,0.0532202096655965,0.0603090832009912,0.205533605068922,1.05105103575625,0.361935497901868,0.865189634263515,0.719167891424149,3.70178942580242,0.233333330834284,1.24913728912361,0.0364768680301495,1.45000003004679,1.44235923304223,3.16006326489151,0.0642201831797138,0.0633012828766368,0.0215946838725358,0.0133079846855253,0.00257234717719257,0.246645363047719,0.00759974657557905,0.252090792055242,0.00202020211145282,0.2522889142856,0.00468201341573149,0.0396825384814292,0.00408580200746655,0.0175077248131856,0.0074074073927477,0.0499999984167516,0,0.00507099379319698,0.000584112131036818,0.00408663676353171,0,0.00126502208877355,0,0.0687478086911142,0,0.0201654599513859,0.00161420495714992,0.00545808987226337,0.000732600747141987,0.00865800864994526,0,0.0133000835776329,0,0.00814111257204786,0.0332957118516788,0.0676444198470563,0.0257599167525768,0.0326936752535403,0.263984918128699,3.28720138128847,0.00612369854934514,0.8580441493541,0.00396825419738889,0.349553126841784,0.0691711376421154,0.334335540188476,0,0.0199004984460771,0.000754432287067175,0.0383561662165448,0.00328227574937046,0.787368385121226,0.000845129950903356,0.0776078519993462,0,0.616184957325459,0,0.0324979351134971,0.193763925461099,0.06919643166475
6.76614487386541,0,0.996782830567099,0.0159219305496663,0.0360920982202515,0.00126023939810693,3.39798756688833,0.0101399309642147,0.147854790091515,0.00123533047735691,0,0.00309917342383415,12.5605361685157,0.00943396193906665,2.2044403416221,0.000921658996958286,11.9900618856773,0.0010660981060937,0.227935526578221,0.0255063767544925,0.0409756097942591,0,0.0674590410199016,0.0239162929356098,0.00294334068894386,0.00525624165311456,0.00660938560031354,0,5.54179571918212,0.0052333187777549,0.487752920016646,0.0146904503926635,0.202405634103343,0.0342766047106124,0.0262941662222147,0.00751173729076982,0.112244895659387,0.00253485422581434,0.130653264932334,0.00829875550698489,0.21535394154489,0,0.0108695654198527,0.000876808422617614,0.0131912730867043,0,0.0188293075771071,0.00301545416004956,0.00906344410032034,0,0.0395693904720247,0,0.0383386574685574,0,0.0225563911953941,0.0132681560353376,3.44562995294109,0.00206132442690432,0.142111600376666,0,0.563616499304771,0,1.12562808953226,0.00082678790204227,0.155756211373955,0,0.0725330323912203,0.00536672619637102,0.136131011182442,0.00845070392824709,0.325436420040205,0.0376670731930062,1.11786152701825,0.00750938686542213,0.305582754313946,0.0196078442968428,0.16094674449414,0.0250596668338403,0.261569407302886,0,2.1118619129993,0.000606428133323789,3.01466601085849,0.00209095655009151,0.439949416439049,0.00182066450361162,0.18309858511202,0,0.062982767354697,0.00054884742712602,0.054884742712602,0.0770077004563063
0.00913010432850569,4.50337996822782,0.0366881527006626,1.52691756011336,0.0010465724626556,0.0243257536785677,0.0213065324351192,3.72263620141894,0,0.0509620365919545,0.00309917342383415,0,0.00382531096693128,7.56179783027619,0,0.496362165780738,0.00626959232613444,5.4394495843444,0.660481086815707,1.15555550786667,0.00902934512123466,0.00759878428652883,0.152765587437898,0.173154369229451,0.00360793748404831,0.00657174177467823,0,0.00339750840794295,0.0132553611183539,10.0346553663258,0.123739686969202,0.436199097079225,0.329281778947916,0.989690691232681,0.0775805424200371,0.0423666926799342,0.00106837612111121,0.0605738569283858,0.00632911361753941,0.00803616270422935,0,0.00615384615957737,0.00694444461259991,0.0154738873243332,0.000879120896570385,0.0168216022429988,0.00218420103192329,0.0108217792585492,0,0.0262123206630349,0.00160384923219681,0.00578871183097363,0,0.0010537407360971,0.00202429143246263,0.0435606060200371,0.0113207548856735,1.56702513268101,0.00500894436845556,0.0742539876955561,0.00328191672451794,0.387066977040377,0.00477326975669712,0.824825529532973,0.00192678230814636,0.159018991340417,0.191142188210506,0.262438477948308,0.362267485470511,0.631090465933084,0.0461215917021036,1.58871789008845,0.0174358967924491,1.77076751738787,0.00301886792294681,0.705438065808266,0.0862587769515812,0.380808098008856,0.0015408321050927,1.03933430439793,0.00336927216267213,0.581898927688599,0.00186480185948312,0.0577356778085232,0.00277227719197981,0.243082167871762,0,0.0175867122597992,0.001089918310754,0.0734549175831489,0.186008230084553,0.0972794736735523
2.74710743897595,0.00253004429396242,2.57108089528629,0.0906771319569089,0.379629627685063,0.0243902440415695,11.7397818523459,0.0459882593422662,4.28792343026726,0.0319148926064372,12.5605361685157,0.00382531096693128,0,0.0122830440523103,13.6931307351915,0.010679324157536,2.31661331141368,0.00194995128549635,0.19017599883955,0.0268942324910313,0.0907457341672853,0.00361500214785337,0.411219274101313,0.176940931996796,0.0382812505704351,0.0279103919165209,0.0390567439608276,0.015771686041262,8.81975707254605,0.0125930162612349,1.20623574906494,0.116511103406083,0.189922482764814,0.036657681921497,0.0198511169292033,0.00264783762395382,0.128566265688278,0.00143936672247946,0.129609734867699,0.00692520756274462,0.160617060377263,0,0.0264760397840291,0.000574382545892149,0.00756620429456234,0.000633713556453586,0.0411635570344515,0.00311364827211946,0.00941324135055766,0,0.0616645125264768,0,0.0325379613786936,0,0.0404040397843346,0.0127921276725829,1.78080594469793,0.00236127502284944,0.10834236163646,0,0.408215000352357,0,0.905748680816032,0.00165745848789811,0.10023544827709,0.000583941582590342,0.0546448075328954,0.0035126234870404,0.0925515069393441,0.0076306750997901,0.798573968932033,0.106779070105404,1.73375490144826,0.00643086800118908,0.738073826069012,0.0135074291029014,0.291940496535972,0.0229405626305379,0.074715260299854,0.00270392076345161,1.17619662097422,0.00222271613893099,2.25246557907667,0.00256904307752848,0.60366570862243,0.00107238601776771,0.225104915443808,0.00135869567748159,0.107291436579544,0.000825593422632664,0.0397727284580469,0.133649287512526
0.00615249393740669,1.3686574276071,0.112020680098794,2.36828958860133,0.00238189764786512,0.0408163262181915,0.0755866032268386,8.54492549225688,0.000824062619358301,0.246542860753834,0.00943396193906665,7.56179783027619,0.0122830440523103,0,0.00260247243568301,0.295911747962236,0.00475812843069434,0.992109044396784,0.974985822394956,1.32252653490286,0.0206504901871085,0.0135135136079043,0.638012425275519,0.876254203962162,0.00352267734706402,0.0180772392777726,0.00164948450401425,0.00336983986198902,0.0138670026790351,6.17410285037477,0.40501790761482,1.37402414530516,0.252181752875913,0.692195240408182,0.0394551444333047,0.0192210418172181,0.00725806440459564,0.0417670691385865,0.00479233218356967,0.00615621404722333,0,0.00209643598645926,0.00172018341254443,0.0112746634986252,0.00346860906574875,0.00697593321092427,0.00178837560815737,0.00897615682333708,0,0.00759406277211383,0.00183950329665095,0.0047449585981667,0,0.00239425379550084,0,0.0185381356277503,0.00495049520395696,0.757354451052379,0.00470173358917236,0.0435530075337738,0.00273597805062309,0.179588892613538,0.00295967445708811,0.475532867945731,0.000745156488846987,0.0554846927407198,0.0841351546114311,0.110173462308012,0.22958827012917,0.307890231371857,0.072337044053711,3.068803808128,0.0109460517996922,0.887649415875785,0.00517330598086119,0.391304355114698,0.11913912196178,0.340030901134014,0.0020986357703805,0.245595865300857,0.00111856823787093,0.258432302623987,0.000726480211596936,0.0339823001995683,0.00176740897586569,0.12476441587205,0,0.0158192089875229,0.000467508187284693,0.0272168575320393,0.190894139232114,0.113124658237211
0.185176304774359,0,0.501408464158885,0.0352622070349753,3.71174533339217,0.0529050533659756,1.51778503265814,0.00549349933862686,19.0044009182602,0.027919962303713,2.2044403416221,0,13.6931307351915,0.00260247243568301,0,0.00888888887129724,0.888785073941108,0,0.00765306106768548,0.00250312895514071,0.385852076578885,0.00389105058275163,0.139994507480878,0.0461634424282238,0.0794070947449654,0.0799220278859138,0.403328432701528,0.0361445769667625,9.11429602501448,0.00425079697743058,1.49003318720497,0.0550082105328329,0.0285617136396468,0.00855544611113146,0.0137378359213471,0.00250783702358603,0.23832221631892,0.00189753319136798,0.100848255446181,0.000902119965758175,1.29549905040767,0,0.032195751555264,0,0.00879648141562939,0,0.0793810932664201,0.000628338020760566,0.0174880765844136,0,0.0741114186239429,0,0.04964200546965,0,0.156112854718231,0.00117855041753501,0.115091804123949,0,0.0569347912678495,0.000643500650767237,0.0959364486625418,0,0.152520464442205,0.00135639205109328,0.124239795492031,0.000726216414477676,0.0313188172876835,0.00205973233096302,0.013687600789126,0.00102564098779112,2.04779759282246,0.0284926471649669,1.48713235848118,0.00657894753385335,0.193423591554165,0.00387096789199859,0.100000002421439,0.00815956480801105,0.0590551178902388,0.00129198969807476,1.00250472250627,0.00052246602717787,8.59805972693721,0.00409332773415372,0.671721012331545,0.000812347687315196,1.5599999424303,0.000879894418176264,0.292607813025825,0.000479156675282866,0.00416377501096576,0.033356498926878
0.00287287530954927,0.0259803936933167,0.0370196818839759,0.532490971381776,0.0475524474168196,6.90070603438653,0.0364753314352129,1.10660086205462,0.0360448129940778,12.0352337718941,0.000921658996958286,0.496362165780738,0.010679324157536,0.295911747962236,0.00888888887129724,0,0.0139664806192741,0.313173162401654,0.038167939055711,0.0449438192881644,0.326295586419292,2.1070968558779,0.215831288718618,0.375233365979511,0.337374806404114,1.48058255581418,0.102389078820124,1.80700008582789,0.0192926040035672,13.6057934233686,0.846026489278302,1.19639936636668,0.0522210939670913,0.0590745010413229,0.0569800555240363,0.0449157818220556,0.00759734073653817,0.878071854705922,0.00563380296807736,1.60988763609203,0.00259571708738804,1.04693609511014,0.0154142584651709,0.0752039755461738,0.00557991239475086,0.0312876045936719,0.0221402220195159,0.141021618037485,0,0.0158541416749358,0.00100628926884383,0.0106737827882171,0.000951022375375032,0.00562851782888174,0.00125078170094639,0.295708397869021,0.00134108180645853,0.0199140073964372,0.0033014194923453,0.0192554562818259,0.00121914048213512,0.0150062522152439,0,0.0196144749061204,0.00173160177655518,0.0181028241058812,0.0874236926320009,0.150051393313333,0.025682182982564,0.0377936685690656,0.607843138917815,2.48168499150779,0.0100732601131313,2.13576781214215,0.00128287367988378,0.667522484436631,0.110412929090671,0.874435428529978,0.00130548304878175,0.109254498383962,0.0024984385818243,0.223670491890516,0,6.59159521793481,0.00340651022270322,0.332522292737849,0.00102145050186664,2.60938186571002,0,0.142037303536199,0.659765330608934,0.0566689705010504
3.35029031074373,0.00965909060323611,0.203344112960622,0.00774793355958536,0.0517350148875266,0.00638977624475956,0.318778233515332,0.00896312884287909,0.113864699960686,0.00500939274206758,11.9900618856773,0.00626959232613444,2.31661331141368,0.00475812843069434,0.888785073941108,0.0139664806192741,0,0.0312837096862495,0.0526315774768591,0.0121028739959002,0.0179461617954075,0.00808080844581127,0.0148819152382202,0.00602863589301705,0.00149588636122644,0.00666666659526527,0.0187793420627713,0.00555555569007993,6.65386341162957,0.0704535469412804,0.109913792693987,0.007430998259224,0.560904130688868,0.150381984363776,0.465271980501711,0.25695110601373,0.426908154040575,0.133676092140377,0.142675161361694,0.0156156159937382,0.258919458836317,0.00205338816158473,0.180109632201493,0.133687470457517,0.25141098885797,0.124159343540668,0.146220566122793,0.0843785653123632,0.157841148320585,0.0254712183959782,0.466178633039817,0.00738310092128813,0.169799085590057,0.00127226463519037,0.108415468130261,0.0724841639748774,3.07102703722194,0.0191759516601451,0.921020626730751,0.010954616474919,1.65968390717171,0.0304513336159289,2.12210297537968,0.0200250316411257,0.940571418497711,0.031789283384569,0.809618070430588,0.26290515367873,0.282608700916171,0.0572246080264449,0.399494325276464,0.0640394077636302,1.74753691570368,0.0609137043356895,0.310310305794701,0.0701402814593166,0.889688269700855,0.661426865728572,3.9506171643734,0.0361445769667625,8.88039364945143,0.0256410265574232,4.16932382807136,0.0137493390357122,1.12785772397183,0.0411710885236971,0.467811170616187,0.00581057509407401,0.179425830719993,0.0209828816587105,0.0944881928153336,0.0563697831239551
0.0123615763150156,2.19598512072116,0.010065424721688,0.206379892479163,0,0.0240305832121521,0.00528992869658396,0.268985508475453,0,0.0397208792855963,0.0010660981060937,5.4394495843444,0.00194995128549635,0.992109044396784,0,0.313173162401654,0.0312837096862495,0,0.075789476512,0.173195872921497,0,0.0127388536930084,0.0458742915070616,0.0534246589522809,0.00374298181850463,0.0203850504476577,0.00113830389454961,0.0046893316321075,0.0638722535222769,14.8931806432083,0.0320452400483191,0.106976746465079,0.5536723145633,0.483109340711962,0.405201930552721,0.276546990848146,0.00662251655012369,0.0965971471741796,0.00326797377783805,0.0113930607913062,0,0.00967741920612752,0.00354609917849302,0.0411881182808429,0.00902934523764998,0.0409276937716641,0.00297729810699821,0.0234725576592609,0.000896860961802304,0.0421713775140233,0.00217332248575985,0.0251479293219745,0.00110558315645903,0,0.000688705244101584,0.0501930507598445,0.0377990425913595,3.13357574111433,0.0212065819650888,0.14032600808423,0.0154000671464019,0.291686459211633,0.0255528250709176,7.34284640121041,0.00793650839477777,0.187196107464842,0.629834285122342,0.731517498614267,0.304822564939968,0.766826951643452,0.0746753246057779,1.10052911564708,0.0179894182365388,3.67861034162343,0.0126482211053371,0.625000015716068,0.154084796551615,0.441666689701378,0.0145395803265274,11.0253569452325,0.0103163687163033,5.12817607494071,0.00383693049661815,0.0936485832789913,0.0108216431108303,0.373005617730087,0.0012019231216982,0.0231504768598825,0.0016620498499833,0.0694444423425011,0.183549788314849,0.0624457946978509
2.00606984316255,0.336581037845463,8.14285697601736,2.60723091947148,0.00619914755225182,0.0304568528663367,1.71868906798773,1.27688403561478,0.00562474899925292,0.0532202096655965,0.227935526578221,0.660481086815707,0.19017599883955,0.974985822394956,0.00765306106768548,0.038167939055711,0.0526315774768591,0.075789476512,0,16.0582425022731,0.0320160090923309,0.0140986908227205,6.20650874468265,1.89260274975095,0.0445777964778244,0.0160256412345916,0.0217129068332724,0.0114942529471591,0.319010809063911,0.358738901792094,2.34502101875842,3.17083341011312,10.5116687084665,9.98679325729609,0.226380642037839,0.0971064280020073,0.0306845006416552,0.0180250779376365,0.0475448165670969,0.00450958299916238,0.0687910970300436,0.00304568535648286,0.00169014092534781,0.00552995380712673,0.00203735148534179,0.00341413455316797,0.00409716134890914,0.00661703897640109,0.000675675692036748,0.00337952020345256,0.00136023576487787,0.00232964474707842,0,0,0.00770500837825239,0.0125065133906901,0.244806515402161,0.131822861731052,0.0554112531244755,0.0152027030708268,0.0290556913241744,0.0465608459198847,0.0267631092574447,0.068376065697521,0.00218499643960968,0.0162601621123031,0.383138370001689,0.179297599359415,8.91120194096584,1.88053470273735,0.281613656552508,2.93816794850864,0.393129772273824,0.947122877463698,0.0952380924718454,0.973921772325411,0.29429430142045,0.84452830144437,0.00101626012474298,0.0371485929936171,0.0230896098073572,0.0468164798803627,0.00923623435664922,0.0173190157511272,0.00944055980653502,0.0331594637536909,0,0.00662495411233976,0.006451612978708,0.0112602862063795,0.474270559265278,0.243228883598931
0.0783222742611542,1.97770976810716,0.302686813025502,9.49147726388765,0.000757288886234164,0.0351011054590344,0.154951792326756,2.41307633268298,0.00313848559744656,0.0603090832009912,0.0255063767544925,1.15555550786667,0.0268942324910313,1.32252653490286,0.00250312895514071,0.0449438192881644,0.0121028739959002,0.173195872921497,16.0582425022731,0,0.026226322806906,0.0127077223733068,1.55148299856228,1.10835579456761,0.0183869614265859,0.0172143973177299,0.00157047505490482,0.00721153855556622,0.0406676795100793,0.51938684284687,0.69024727010401,1.68027213192545,2.15790996345459,4.69658471643925,0.081741449655965,0.0390662215068005,0.0215219059027731,0.0260336914798245,0.0388423469848931,0.00514516711700708,0.00883652397897094,0.00394088681787252,0.00221606646664441,0.00723981927148998,0.001331114792265,0.00535296089947224,0.00460166810080409,0.00542446447070688,0,0.00993706489680335,0.000447327212896198,0.00457927864044905,0.000769526755902916,0,0.00757985899690539,0.0159055931726471,0.0470824933145195,0.375584937457461,0.0198581570293754,0.0393134002224542,0.00476568716112524,0.1374784130021,0.00849557504989207,0.129742257297039,0.00213827518746257,0.0595457327435724,0.229143969831057,0.197812213911675,5.24966528458754,3.34963316156063,0.150113725103438,3.92985077737831,0.0522388063836843,1.72036476247013,0.0223844277788885,1.63485885318369,0.307635825185571,1.29667894158047,0.000986193306744099,0.0623781681060791,0.00378583010751754,0.07433056429727,0.00208695646142587,0.0223956570262089,0.00311418689670973,0.0589535757899284,0,0.00648181478027254,0.00454545457614586,0.0205215909518301,0.648843215079978,0.372619677800685
0.0362796848639846,0.00545144826173782,0.0634005783358589,0.0754487353842705,0.0560000026598573,0.8530611875467,0.104330708272755,0.0351526365848258,0.0506607908755541,0.205533605068922,0.0409756097942591,0.00902934512123466,0.0907457341672853,0.0206504901871085,0.385852076578885,0.326295586419292,0.0179461617954075,0,0.0320160090923309,0.026226322806906,0,2.19753096345812,0.14285714313155,0.102464958326891,1.8031914322637,1.11693993140943,0.295805739238858,0.753216364886612,1.40266026370227,0.227758012712002,2.64830843999516,1.49653574964032,0.0254988911328837,0.031545739620924,0.0229508196935058,0.00873362459242344,0.26847035670653,0.135942333843559,0.243654828518629,0.151851849164814,6.32323231734335,0.190231361892074,0.00101574405562133,0.0107526878127828,0.00439882697537541,0.0103857566136867,0.0108932459261268,0.0195503421127796,0,0.00145137880463153,0.000706713763065636,0.00215866160579026,0.00417536543682218,0,0.0759863625280559,0.0434204684570432,0.0210273350239731,0.00488698855042458,0.0106157117988914,0.00101471331436187,0.00842696637846529,0.00478468893561512,0.0152027030708268,0.0022075055167079,0.0171673821751028,0.00247371685691178,0.0162711865268648,0.0211139433085918,0.0207869345322251,0.0196801964193583,5.57673023082316,2.67179980315268,0.848893165122718,0.115035316441208,0.111111109610647,0.353510911110789,1.24653741368093,0.757717487867922,0.0155038763768971,0.00973236002027988,0.0447253292659298,0.00668896303977817,1.47001618589275,0.203675350989215,0.0217443829751574,0.0216530237812549,0.177121767774224,0.213028165046126,0.0492932230699807,0.0118538027163595,0.888157901354134,2.49668873939663
0.00397482595872134,0.00684462720528245,0.0186495170346461,0.186316438484937,0.0182370829861611,7.96483961772174,0.0128363370895386,0.101136629469693,0.0156424576416612,1.05105103575625,0,0.00759878428652883,0.00361500214785337,0.0135135136079043,0.00389105058275163,2.1070968558779,0.00808080844581127,0.0127388536930084,0.0140986908227205,0.0127077223733068,2.19753096345812,0,0.145206575165503,0.207198443531524,0.887686027213931,1.45898003177717,0.266517366282642,13.1543948720209,0.0158439970109612,0.781829073093832,1.02543721790425,2.21306380070746,0.0346175305312499,0.0296453153714538,0.0536013394594193,0.0674157310277224,0.021097045391798,2.30480172112584,0.051440327661112,5.23898789193481,0.0313315931707621,3.24999989708886,0.0112474435009062,0.0481637567281723,0.00592153938487172,0.0284644197672606,0.0175534840673208,0.0846040302421898,0,0.0102564104599878,0.00141995027661324,0.0163043470820412,0.00211640214547515,0.0061601644847542,0.01372549100779,0.237076643155888,0.000603136315476149,0.00551977922441438,0.00106894713826478,0.00919305451679975,0,0.0112812247825786,0,0.0122290159342811,0.00694444449618459,0.00374064850620925,0.0422199540771544,0.0577907839906402,0.016491754562594,0.0249999994412065,1.11991865746677,6.22612090408802,0.0233918130397797,0.750511229969561,0.014962594024837,2.51999994367361,0.383177581825294,1.13257579132915,0,0.0150753767229617,0.00195694714784622,0.0298730400390923,0,1.29930390045047,0.00145419288310222,0.0911499715875834,0,2.07479969598353,0.00582665717229247,0.0760581987560727,13.7800689274445,0.615916974376887
0.0640625009546056,0.0724666538299061,5.3490694424836,2.59051164257107,0.959196867072023,0.387874829757493,1.95936280017486,1.83374917591573,0.331108158454299,0.361935497901868,0.0674590410199016,0.152765587437898,0.411219274101313,0.638012425275519,0.139994507480878,0.215831288718618,0.0148819152382202,0.0458742915070616,6.20650874468265,1.55148299856228,0.14285714313155,0.145206575165503,0,13.1869133222499,3.36830974073382,0.831834808690473,0.424849717179313,0.215426444832701,0.357028344180435,0.47588764235843,10.7567728474969,7.64806647133082,4.84583780460525,1.84812024707207,0.250555976177566,0.074626867135521,0.00655952782835811,0.0477280141203664,0.0175724048749544,0.0119949494837783,0.0120772948139347,0.00565199827542529,0.00197190046310425,0.0138224347028881,0.00289687130134553,0.00582072185352445,0.00101936794817448,0.0125786165590398,0.00115373521111906,0.00519330619135872,0.00325335492379963,0.00152245623758063,0,0.000650406524073333,0.00144892538082786,0.0165707711130381,0.0310134761966765,0.0339425592683256,0.0176233635284007,0.00640551879769191,0.00615530321374536,0.0185517646605149,0.00855745759326965,0.0323076911154203,0.0018444512388669,0.00863697752356529,0.16315998887876,0.07735263829818,0.5018922832096,0.219924155331682,0.20162075344706,3.27406462724321,0.112567957490683,0.539785625995137,0.0439648280735128,0.209516193717718,0.18606117926538,0.387709868140519,0.000808080832939595,0.0240096036577597,0.0125452355132438,0.030131827108562,0.0198675496503711,0.0707130250521004,0.00899309478700161,0.0350638291565701,0.0034470870741643,0.0434243172639981,0.00123787909979001,0.00975609727902338,0.136287624307442,0.154811720130965
0.0200726026087068,0.093763628101442,1.29325513076037,8.34305360159487,0.163711806293577,0.961611577658914,0.776902862708084,2.85857749171555,0.132082847529091,0.865189634263515,0.0239162929356098,0.173154369229451,0.176940931996796,0.876254203962162,0.0461634424282238,0.375233365979511,0.00602863589301705,0.0534246589522809,1.89260274975095,1.10835579456761,0.102464958326891,0.207198443531524,13.1869133222499,0,1.30503534525633,1.20031176251359,0.280797812156379,0.315243416407611,0.159757942892611,0.671860936272424,3.50718697998673,4.64542375341989,0.644283678615466,0.568533623008989,0.0610349408816546,0.029397819773294,0.00842266489053145,0.0503432509722188,0.0144157813629135,0.0241669714450836,0.00390815827995539,0.00980392214842141,0.00331491697579622,0.0150375941302627,0.00199004978640005,0.00800266745500267,0.00401491235243157,0.0254260199726559,0,0.00396170339081436,0.000446328951511532,0.00228310492821038,0,0.00075815012678504,0.00161987036699429,0.0240532237803563,0.0100401608506218,0.0458883240644354,0.00339462503325194,0.0088348975405097,0.00316873518750072,0.0289156629005447,0.00211640208726749,0.0398498396971263,0,0.0134638925082982,0.0560747671988793,0.0586630277393851,0.201467650127597,0.143668831035029,0.162386706797406,3.72936804732308,0.0483271377743222,0.726722180843353,0.0154963675886393,0.22093023173511,0.16020483156899,0.376470595598221,0.000981354271061718,0.0174587782239541,0.00323624582961202,0.0465223387291189,0.00554592721164227,0.110923237400129,0.00483592407545075,0.0559029069263488,0.00162337662186474,0.0609974886174314,0.00181405898183584,0.0204778150655329,0.110485935118049,0.154633896425366
0.00237670820206404,0.00367084750905633,0.244720856077038,0.123722726479173,2.53973020263948,2.76712331408635,0.0841291483084206,0.0459424658620264,0.34782609064132,0.719167891424149,0.00294334068894386,0.00360793748404831,0.0382812505704351,0.00352267734706402,0.0794070947449654,0.337374806404114,0.00149588636122644,0.00374298181850463,0.0445777964778244,0.0183869614265859,1.8031914322637,0.887686027213931,3.36830974073382,1.30503534525633,0,7.50680529884994,18.3241932668025,4.12783855316229,0.0553319900063798,0.222772284178063,6.45981287956238,1.38273113244213,0.104770813137293,0.0223613591515459,0.019067796645686,0.0075757575687021,0.00463320454582572,0.0321839087409899,0,0.0325318252434954,0.00273972610011697,0.0193637625779957,0.000868432456627488,0.0029880478978157,0,0.00237812125124037,0,0.00672268914058805,0,0.00116822426207364,0,0,0.0015479875728488,0,0,0.0131223464850336,0.000546000548638403,0.000554323720280081,0,0,0,0,0.00131752307061106,0.00186393293552101,0.00133422284852713,0,0.00426309398608282,0.00778967840597034,0.0130874476162717,0.0104620750062168,0.180315552279353,0.426802637870423,0.0101966500515118,0.111698113149032,0.00267379684373736,0.0642570275813341,0.00705716316588223,0.0698503227904439,0,0,0.00250941031845286,0.00330578506691381,0.0140306119574234,0.0951219513081014,0.0017885088454932,0.0121329772809986,0.00523103750310838,0.0748299330007285,0,0.00652625365182757,0.0532915347721428,0.0125786159187555
