0,0.0201144977472723,5.77405752814957,0.0426546921953559,0.0774530758499168,0.0118343195936177,6.75435712188482,0.0236336784437299,0.163839064829517,0.00514018707326613,4.95318357134238,0.00695803435519338,3.88297683928977,0.0121534373611212,0.690715300443117,0.00451930981944315,2.83674448379315,0.0172299532277975,2.39436618721811,0.0909583104075864,0.0900951333460398,0.0123699745163321,0.0925712398311589,0.0221247377339751,0.00754906854126602,0.00535410060547292,0.0269343773834407,0.00299850082956254,2.90299829217838,0.0265807496616617,0.353982304804958,0.0322865991620347,1.05005867080763,0.0979046921711415,0.0595269734039903,0.0165562913753092,0.709739164449275,0.00622009561629966,0.622253738169093,0.00776787765789777,0.254980072379112,0.00112930545583367,0.01226309890626,0.0019876763690263,0.0070848093891982,0.00303227212862112,0.0515660825476516,0.00254129600943998,0.0123565755784512,0.000431406399002299,0.0643247452098876,0.000759301416110247,0.0309892735094763,0,0.114382788946386,0.00884955748915672,12.3494756928994,0.0198569131316617,0.388931015040725,0.00223755359183997,0.988163563743001,0.00527009228244424,1.45519232330844,0.0128629898827057,0.102703929995187,0.00121261115418747,0.419820645387517,0.018000947748078,3.87725475369371,0.0569045844022185,1.87244174483931,0.159735353547148,3.5863700627815,0.0367985269986093,0.578637495171279,0.00676056370139122,0.978733211843064,0.0955916465027258,0.0500568812713027,0.00338791636750102,0.562592048896477,0.0102580543607473,0.759292032569647,0.00484901908203028,0.846105405478738,0.00188781006727368,0.208691258332692,0.00417052829288878,0.18238376014051,0.000638671568594873,0.0406240794109181,0.122977351478767
0.0201144977472723,0,0.0440610077348538,4.68832271307474,0.00196560192853212,0.102790013188496,0.0121730119863059,3.06299312095507,0.00050163030391559,0.0671335426450241,0.00290346000110731,4.96591914549936,0.00434940203558654,1.13828751677647,0.00126582279335707,0.0769718767260201,0.00886044802609831,1.55560618912568,0.368684930726886,2.46205118892249,0.0535662297625095,0.0532475140644237,0.0883344606263563,0.11402821043157,0.00990873581031337,0.034256927203387,0.0157160965609364,0.0305462084943429,0.0257856566458941,1.16096950817155,0.275923447334208,0.216746514342958,0.189748741686344,0.63875143538462,0.0126931567210704,0.0109038733644411,0.0306930702645332,0.152932440920267,0.0459208597894758,0.0292590837925673,0.00651851837756112,0.0299735516309738,0.00495899294037372,0.0200327058846597,0.00557939920690842,0.00759267539251596,0.00745536590693519,0.0197392923000734,0.000910539471078664,0.0124527460429817,0.00287264611688443,0.00779879104811698,0.000986193306744099,0,0.0139561935793608,0.0775780498224776,0.0448680369299836,6.53591672261246,0.0280319256708026,0.0849923457135446,0.0114033475110773,0.202944502234459,0.00642496551154181,0.536057699297089,0.00375410611741245,0.105635264655575,0.0826086940942332,0.0862124620762188,0.229180842143251,1.12849164579529,0.190499632561114,1.16051802615402,0.0513824346126057,1.01639343093848,0.0361726958071813,0.121372036635876,0.228325769945513,0.517381927347742,0.00296120822895318,0.0658242702484131,0.00680143560748547,0.345901639666408,0.00502168454113416,0.0741246009420138,0.00563524558674544,0.103064448921941,0.00104739458765835,0.0660761321196333,0.00670129025820643,0.0244937938987277,0.306936766719446,0.0576687114080414
5.77405752814957,0.0440610077348538,0,0.674493342725327,2.06419631509925,0.433576296956744,13.7652429027075,0.458292444585823,0.324987962812884,0.181986997835338,0.982325602322817,0.0752107205917127,3.44661398042808,0.171892707876395,0.759323428821517,0.0580065366229974,0.402836874942295,0.0298572996398434,9.12124016086455,0.374932666774839,0.0727373659610748,0.0284518817206845,6.40596813827869,0.935685825243127,0.409295363235287,0.175006039440632,0.287937743123621,0.0883374724071473,3.40869231891702,0.131758111296222,5.91332332711318,0.501098911045119,4.33333337621298,0.166389959660592,0.159852288721595,0.0208105156198144,0.394580463180318,0.0232889731996693,0.304623332427582,0.00817253108834848,0.0886504782829434,0.00336134468670934,0.00961182976607233,0.00711603095987812,0.0389475852134638,0.00215285253943875,0.025835866574198,0.00722412834875286,0.00570175450411625,0.00214408239116892,0.0360640432918444,0.000755287008360028,0.01326071517542,0,0.0398047314374708,0.00770359512534924,1.4721626288374,0.0314090437022969,0.607843147940002,0.00296790944412351,0.160599569790065,0.00611086847493425,0.179447517439257,0.0209342903690413,0.0388349522836506,0.00281350477598608,0.667171210632659,0.027983022708213,1.32138176035369,0.0696711335040163,2.35839240869973,0.684037577040726,2.70662908864324,0.120201100362465,0.32545200723689,0.0117384011973627,0.752870937925763,0.136468419106677,0.0220090298680589,0.00952380994567648,0.1439560468134,0.0207435780612286,0.238786273665028,0.0162102961621713,0.181316608388443,0.0064481464214623,0.0727546415873803,0.0151933704328258,0.0573663613758981,0.00254331575706601,0.0508029176853597,0.0957105369307101
0.0426546921953559,4.68832271307474,0.674493342725327,0,0.0473172799684107,3.0147367878817,0.281659903630498,14.3718345015513,0.0159105572674889,2.06826221372467,0.0116739628138021,1.55932862326154,0.111937884183135,2.46865819359664,0.0218356764817145,0.415724090620643,0.0135392425581813,0.310372128151357,1.57846152500133,7.3010219745338,0.076604049798334,0.0779029856203124,2.15615522803273,10.3578366832808,0.0862413861905225,0.321968061849475,0.0399218912934884,0.0543406217184383,0.113361765281297,1.24858857051004,1.53741760819685,2.00118884968106,0.30856534576742,0.599526884092484,0.0457089541596361,0.0163894913275726,0.0437925161095336,0.158554725087015,0.071038249792764,0.029783761507133,0.00940826890291646,0.0260634358855896,0.0077873706468381,0.0399568023858592,0.00300525920465589,0.0112796578323469,0.0190939076128416,0.0328140534111299,0.00118647419731133,0.0151133505860344,0.00346320332027972,0.00897635042201728,0.00127118642558344,0.000843525922391564,0.0202644684177358,0.0833753549959511,0.0336718348553404,0.829129394347547,0.0286157554073725,0.061480979406042,0.0101622680376749,0.144122853933368,0.0071684587164782,0.334158422338078,0.00487210729625076,0.0986661770730279,0.0931869391934015,0.0804899402428418,0.147111028345535,0.298565835342743,0.316056693467544,3.76581867263303,0.0724058084888384,1.1996716267895,0.0806451612152159,0.137423318810761,0.392908666370204,0.728852131986059,0.00395941594615579,0.0540939235361293,0.00637904973700643,0.341809564153664,0.00673934607766569,0.101145789027214,0.00802643992938101,0.123410149244592,0.00401516840793192,0.0826275558210909,0.00783959013642743,0.0241602835594676,0.323304451303557,0.138124356977642
0.0774530758499168,0.00196560192853212,2.06419631509925,0.0473172799684107,0,0.509825335582718,0.363569868903141,0.0164020237571094,6.64396972081158,0.0826709044631571,0.0947312437929213,0.00271985493600368,0.370098052313551,0.00417681864928454,3.99436857987894,0.0484848499763757,0.166943056625314,0.00187441427260637,0.0238744885427877,0.00571791589027271,0.311600332148373,0.094501719577238,0.930396996729542,0.100350880937185,2.97153688652907,0.635198149248026,6.20224690111354,0.924798002466559,2.19483390566893,0.0380878360010684,2.68750001501758,0.162517618737184,0.0779125306289643,0.0073333332547918,0.0233576633036137,0.00649878149852157,0.0335946260020137,0.0145495246397331,0.014130434137769,0.00806451588869095,0.0196253339527175,0.00174064398743212,0.0153897625859827,0.00454890076071024,0.00415627611801028,0.00179856119211763,0.0168835739605129,0.00706033397000283,0.00841514737112448,0.00178332591895014,0.0333998011192307,0,0.0321864605648443,0,0.0309810673934408,0.00791817856952548,0.0810337290749885,0.00583482958609238,0.0346860906574875,0.00134680129121989,0.0471253515570424,0.000925497442949563,0.0522813684074208,0.00292184087447822,0.0219123512506485,0.00234833668218926,0.0320114670903422,0.00812182761728764,0.0157919179764576,0.00831353955436498,4.69098933285568,0.155519310967065,0.67866886081174,0.0327365733683109,0.15161839441862,0.0121002595406026,0.131401971913874,0.028169012744911,0.0160284955054522,0.00348128797486424,0.0822639049147256,0.00468018703395501,0.48236954055028,0.0195895517827012,0.0691393576562405,0.00278717899345793,0.210862616077065,0.0218408728251234,0.0452220719307661,0.00155038753291592,0.00199203193187714,0.0139165003784001
0.0118343195936177,0.102790013188496,0.433576296956744,3.0147367878817,0.509825335582718,0,0.187089717714116,1.43448755680583,0.109777014702559,11.1329479522537,0.0126649076119065,0.10351035365602,0.134146341588348,0.168916577938944,0.0743405274697579,5.05339216254652,0.0361643837532029,0.146046514739282,0.164857533120085,0.231352726346813,2.10192150692455,5.85593213385437,0.938278260116931,2.11095597915119,2.11396373715252,16.7678982779616,4.29759816639125,15.28123049438,0.187087310187053,2.04016989516094,2.9468084173277,2.8065267985221,0.127877242630348,0.130636602523737,0.0735930735245347,0.0866078585386276,0.0277469487627968,0.958402667194605,0.0312499998835847,2.02400009613484,0.00527704472187907,0.645493569783866,0.0492512473138049,0.164280328084715,0.027250207203906,0.0714285718277097,0.0594613517750986,0.220945077715442,0.00278422271367162,0.0345285519724712,0.00496524327900261,0.0131442403653637,0.00220022001303732,0.00434782588854432,0.00342348503181711,0.262553337961435,0.0152771711873356,0.11180679575773,0.0365643336554058,0.0455458799842745,0.0168802755069919,0.0459347735159099,0.00566037744283676,0.0718954250332899,0.0207509889733046,0.0388953718356788,0.117087104532402,0.21284125832608,0.059013370424509,0.219999991240911,1.50904110388365,4.92938005132601,0.095186585560441,1.62962958286516,0.11260504310485,0.369991480256431,0.318111863452941,1.12881536502391,0.0263388943858445,0.0703862669179216,0.00916530261747539,0.111341275915038,0.013065795879811,1.06666664779186,0.0096947931451723,0.0746179815614596,0.0164452871540561,1.88757096184418,0.00482444377848879,0.0416881131241098,0.925490250810981,0.138943247497082
6.75435712188482,0.0121730119863059,13.7652429027075,0.281659903630498,0.363569868903141,0.187089717714116,0,0.22572738386225,0.489879293687409,0.101462356891716,2.12764422898181,0.0112666440254543,9.79381169797853,0.0585440636787098,0.897686542011797,0.024481801665388,0.398095585405827,0.00795022473903373,0.752430163702229,0.0720588206604589,0.0264845844358206,0.0128737538470887,1.42564799971296,0.395878183917375,0.0817886512377299,0.0599850973521825,0.0662549116532318,0.0235696635209024,3.52404889184982,0.0604016043944284,1.30176505786949,0.230755920114461,0.473560348647879,0.0378833435825072,0.03544404587592,0.00368625833652914,0.173593237297609,0.0047802903864067,0.121631468471605,0.00212916964665055,0.0301697049289942,0.000833159778267145,0.00963710248470306,0.00254372018389404,0.00924397457856685,0.00170183804584667,0.019399538228754,0.00413711584405974,0.00552581576630473,0.00135708227753639,0.0422755750478245,0,0.0168683538795449,0,0.0289766666537616,0.00329193481593393,1.24458502256311,0.0113468177733012,0.16281561285723,0.00332225899910554,0.296415520744631,0.00137622572947294,0.30055595387239,0.00500782486051321,0.0618374542682432,0.00096665057935752,0.153100281022489,0.0108008425449952,0.189836340141483,0.015367316751508,1.16462185978889,0.241486062499462,1.80419321439695,0.0388799711072352,0.228760871803388,0.00582241616211832,0.451924796390813,0.0380678761284798,0.0167539261747152,0.000416579889133573,0.294126426335424,0.00800213398179039,0.266828167950734,0.00586611434118822,0.516185089945793,0.00345821325026918,0.0770557794312481,0.00286995526403189,0.0890457476489246,0.00132943372591399,0.0146048112073913,0.0510948919400107
0.0236336784437299,3.06299312095507,0.458292444585823,14.3718345015513,0.0164020237571094,1.43448755680583,0.22572738386225,0,0.00601982994703576,3.15373996415292,0.00828443211503327,4.14278704562457,0.0816269679635298,7.93311749803252,0.0118731450638734,0.954303624981549,0.00663871414144523,0.308150108554401,1.01533519150689,1.90145838554599,0.0372841453645378,0.0366213809174951,1.55748711072374,1.84183302044403,0.0265647748019546,0.125732557091396,0.0249732422525994,0.0351194787654094,0.0733584891131613,1.50184953329153,1.32997568132123,1.71442751676659,0.221820372156799,0.539696330262814,0.0249763477477245,0.0132141471840441,0.0175407825736329,0.155384077806957,0.0243266724282876,0.030174604820786,0.00158856238704175,0.0193522909248713,0.00840092677390203,0.0195330381393433,0.00506249023601413,0.0107509363442659,0.00710269343107939,0.0230408187489957,0,0.00649561523459852,0.00302762724459171,0.00382916061789729,0.0010495015012566,0.000348492758348584,0.0043988271499984,0.0693924593797419,0.0221671976323705,0.936566720483825,0.0135333927464671,0.0342774133896455,0.00704423800925724,0.115536534169223,0.00265824887901545,0.465955201070756,0.00405200058594346,0.0540958251804113,0.0624614263360854,0.0695098649302963,0.0870138409081846,0.199321310094092,0.169461913610576,2.12373996473616,0.0389700774103403,0.65144806727767,0.0259382973890752,0.0552050484111533,0.160054726176895,0.296296295709908,0.00119094882393256,0.0687203800189309,0.00488927235710435,0.486019862932153,0.00595829210942611,0.0683281056408305,0.00591403536964208,0.151264267333318,0.000729926978237927,0.0585817066894379,0.00314547854941338,0.0223506752809044,0.0918885965947993,0.045925624872325
0.163839064829517,0.00050163030391559,0.324987962812884,0.0159105572674889,6.64396972081158,0.109777014702559,0.489879293687409,0.00601982994703576,0,0.0177383590489626,0.275055687292479,0.000942063110414892,2.52624949999154,0.000716845854185522,14.6683309469372,0.0175585282850079,0.466975653776899,0.00195026816800237,0.0126360123977065,0.00652528542559594,0.0746812381548807,0.0259019427467138,0.142420023679733,0.0469822896411642,0.807743693003431,0.115125532727689,1.10199002409354,0.145478379679844,3.45565287867794,0.0192771088331938,0.416318949428387,0.0391006842255592,0.0227445038035512,0.00342817977070808,0.0155400158837438,0.00348432059399784,0.0681150907184929,0.00938967149704695,0.0273192934691906,0.00210415571928024,0.0211946053896099,0,0.0302821754012257,0,0.00602668977808207,0.000934142910409719,0.0471014509093948,0.00131882622372359,0.0272373540792614,0,0.0727920573554002,0,0.0744618996977806,0,0.0510276393033564,0.00067842606222257,0.154807048616931,0.00182940775994211,0.0499999994644895,0,0.0883871002006344,0.000962463906034827,0.103908950113691,0.00451977399643511,0.0509090888081118,0.000809061515610665,0.0341213747742586,0.00622245250269771,0.00966183550190181,0.00874453503638506,2.57937420671806,0.0455580884590745,0.730285706464201,0.0128205134533346,0.124656277243048,0.00372439483180642,0.171891896054149,0.00872409995645285,0.026923076948151,0.00187617260962725,0.212449247366749,0.00372043583774939,1.0499021448195,0.00679281912744045,0.144032165582757,0.000404858292313293,0.410256396979094,0.00217391294427216,0.0936123309656978,0,0.00434310548007488,0.0130010833963752
0.00514018707326613,0.0671335426450241,0.181986997835338,2.06826221372467,0.0826709044631571,11.1329479522537,0.101462356891716,3.15373996415292,0.0177383590489626,0,0.00205128197558224,0.0974967072252184,0.0383808091282845,0.328125006111804,0.0179898319765925,7.63393573497888,0.00638297852128744,0.0834467131644487,0.103230100357905,0.164647404162679,0.241214053239673,0.419433190836571,0.573486268694978,1.01951384247513,0.290556913241744,2.93005042360164,0.522133964113891,1.58333339379169,0.0604099254123867,1.53176999010611,0.842925124219619,1.43545455514686,0.0823782265069894,0.0677303825505078,0.0430256751133129,0.0368663594126701,0.0107700587250292,0.234660920454189,0.00941915216390043,0.139172746625263,0.00335570471361279,0.137704918161035,0.022222222876735,0.0930232593091205,0.0129188532009721,0.040958606870845,0.0274536712095141,0.102918105432764,0,0.0172860850580037,0.00440852326573804,0.0101832990185358,0.00106780568603426,0.00105540896765888,0.0013440860202536,0.097356541082263,0.00948889378923923,0.0728959559637588,0.0176032494055107,0.0217033874359913,0.00553165323799476,0.023297491017729,0.00183908047620207,0.0391598435817286,0.00673400686355308,0.0228484394028783,0.0455720000027213,0.106207927514333,0.0386690656305291,0.108262105495669,0.352127648424357,2.25863876659423,0.0304621864343062,0.995064223185182,0.0289156632497907,0.100977195193991,0.135728542692959,0.384305821498856,0.00502512557432055,0.0442622951231897,0.004501607560087,0.0781210144632496,0.00909918104298413,0.736794571392238,0.00391111115459353,0.0506478205206804,0.00122249394189566,0.799398200353608,0.00316957198083401,0.012179649900645,0.087441862327978,0.0334261832758784
4.95318357134238,0.00290346000110731,0.982325602322817,0.0116739628138021,0.0947312437929213,0.0126649076119065,2.12764422898181,0.00828443211503327,0.275055687292479,0.00205128197558224,0,0.00264433678239584,10.4412385108881,0.00613079010508955,1.6649666094454,0.00236406619660556,6.50747895368841,0.0072826580144465,0.131552590697538,0.0118343197391368,0.0128617361187935,0.00488997541833669,0.0470462441444397,0.0192241673357785,0.0085158150177449,0.0112422707024962,0.0262257689610124,0.00119617220479995,1.29751171811949,0.00682852801401168,0.137212328147143,0.0118613137747161,0.0948275858536363,0.0137120470753871,0.0195394272450358,0.00309119001030922,0.118983231950551,0.00216216221451759,0.0851287438999861,0.000977039569988847,0.0675675692036748,0.00330033013597131,0.0203145485138521,0,0.00810044526588172,0,0.0254645565873943,0,0.0199818352703005,0,0.0544785299571231,0.000680735218338668,0.049329758156091,0,0.0431266836822033,0.000646412430796772,2.88183193828445,0.000885151559486985,0.129667340836022,0.000659413111861795,0.385705476510338,0.00359712238423526,1.38717116805492,0.000714030698873103,0.0704973464016803,0.000763941963668913,0.0531889853882603,0.00699475395958871,0.0487364617874846,0.0137378359213471,0.550213702372275,0.042060986161232,0.798523168079555,0.0188305258052424,0.174616006202996,0,0.228456916753203,0.0232323242817074,0.0893760551698506,0,1.06576398946345,0.00409311847761273,2.77899538946804,0.00181241508107632,0.501335248351097,0.00196618173504248,0.232186727807857,0.00302114803344011,0.127051351591945,0.000508517667185515,0.0206185569986701,0.0299345180392265
0.00695803435519338,4.96591914549936,0.0752107205917127,1.55932862326154,0.00271985493600368,0.10351035365602,0.0112666440254543,4.14278704562457,0.000942063110414892,0.0974967072252184,0.00264433678239584,0,0.00547345378436148,8.80232934298692,0.00139082060195506,0.663874352350831,0.00727603444829583,5.50396214902867,0.776038530282676,1.2312041237019,0.0280076372437179,0.0347490351414308,0.109636188775767,0.142592599033378,0.00507356657180935,0.0256410249858163,0.0134550697403029,0.0160080045461655,0.0141935489373282,8.780965430371,0.445627366076224,0.433505371911451,0.122147218789905,0.49085545539856,0.036363635212183,0.016039481270127,0.0174632353591733,0.0955443289130926,0.0170403582742438,0.0151642793789506,0.00397088017780334,0.0233918130397797,0.00236756447702646,0.0138705420540646,0.00357653800165281,0.00841622042935342,0.00556758436141536,0.00912721082568169,0.000790826394222677,0.00911507802084088,0.00227169468416832,0.00735068880021572,0.000912408751901239,0.000903342384845018,0.00242792116478086,0.03273896407336,0.0112994347000495,1.33553449297324,0.0134433240164071,0.0214285722468048,0.00391827576095238,0.0627205008640885,0.00400962308049202,0.322890022944193,0.00500417011789978,0.0292020379565656,0.0533216777257621,0.0521939957106952,0.114825013326481,0.325940210139379,0.104592995194253,1.31538807309698,0.0152946473681368,2.21321954741143,0.0294117644662037,0.0930833900347352,0.122255706926808,0.246207194402814,0.00132187712006271,0.4730344414711,0.00291630218271166,0.369216236751527,0.000794596737250686,0.132596681825817,0.00437415874330327,0.0557916112593375,0.00204603583551943,0.0389105049544014,0.00146163217141293,0.0103286387748085,0.206599714234471,0.0444126090733334
3.88297683928977,0.00434940203558654,3.44661398042808,0.111937884183135,0.370098052313551,0.134146341588348,9.79381169797853,0.0816269679635298,2.52624949999154,0.0383808091282845,10.4412385108881,0.00547345378436148,0,0.0222170795314014,10.1372644561343,0.0127453473396599,2.11482956190594,0.00893355626612902,0.234703192603774,0.0382941677235067,0.0228223664453253,0.00535987765761092,0.444010938925203,0.188459745550063,0.0957411652780138,0.0619469048688188,0.0885632379213348,0.0300948643125594,4.04425212205388,0.0273563791415654,0.690889379940927,0.122448982321657,0.133845049305819,0.0283273387758527,0.0177430803887546,0.00522583071142435,0.160173166485038,0.00370942801237106,0.0973236002027988,0.00291375297820196,0.04437524266541,0.00231035810429603,0.023439260199666,0,0.0108977689524181,0,0.0363551619811915,0.00262927258154377,0.0172846381319687,0.000541858549695462,0.0816849833063316,0,0.0609230758273043,0,0.0537560286757071,0.0022326412727125,1.80013300827704,0.00813008146360517,0.141306853154674,0.00181077409069985,0.386093725974206,0.00110834022052586,0.998873898060992,0.00382226472720504,0.0729166672099382,0.000999250565655529,0.091941780410707,0.00965107674710453,0.0672035525203682,0.013409961364232,1.18391155498102,0.15028901322512,1.3227674231166,0.0287981182336807,0.216628534486517,0.00460652599576861,0.36557230213657,0.0249628534074873,0.0474523536395282,0.00231035810429603,0.749275692476658,0.00604457873851061,1.47692313417792,0.00445434311404824,0.877177946502343,0.00247256993316114,0.264188527362421,0.00771284522488713,0.18865001416998,0.000752162479329854,0.0106035890057683,0.028524856606964
0.0121534373611212,1.13828751677647,0.171892707876395,2.46865819359664,0.00417681864928454,0.168916577938944,0.0585440636787098,7.93311749803252,0.000716845854185522,0.328125006111804,0.00613079010508955,8.80232934298692,0.0222170795314014,0,0.00338696013204753,0.738958078727592,0.00279134674929082,0.906925694667734,1.02882927423343,1.54530320796766,0.0232350315200165,0.0234128771116957,0.647518476383993,0.759662101976573,0.0166793027892709,0.029570861835964,0.0123726348392665,0.0180045012384653,0.0249535432667471,6.51294789003441,0.6690931126941,1.12868802377488,0.141344628646038,0.340645805001259,0.0222496907226741,0.00699300691485405,0.0175870562088676,0.0801687747007236,0.0103555401437916,0.0144689249573275,0.00183654727879912,0.0145058929920197,0.00148294604150578,0.0135317997774109,0.00346520345192403,0.00487656192854047,0.00307692296337336,0.00958543037995696,0.00125156447757035,0.00363636366091669,0.00157822051551193,0.00152594101382419,0.00069954531500116,0,0.00201918231323361,0.0410958901047707,0.0120931885321625,0.89388720318675,0.0126903556520119,0.019865904469043,0.00283018872141838,0.0602858912898228,0.00189813348697498,0.406324132927693,0.00195758562767878,0.031561462150421,0.0385275605367497,0.0492295390286017,0.0947040468454361,0.236410078592598,0.0795533823547885,1.49309398035984,0.0283737028366886,1.18061092495918,0.0161362616345286,0.050587173551321,0.115050164284185,0.18426361202728,0.000917431199923158,0.144152311608195,0.00146484375,0.321843771322165,0.00188442209037021,0.0593564519658685,0.00211768256849609,0.0799342139507644,0.000762776529882103,0.0315436254022643,0.000838222971651703,0.0121777955791913,0.078602621331811,0.0310227815061808
0.690715300443117,0.00126582279335707,0.759323428821517,0.0218356764817145,3.99436857987894,0.0743405274697579,0.897686542011797,0.0118731450638734,14.6683309469372,0.0179898319765925,1.6649666094454,0.00139082060195506,10.1372644561343,0.00338696013204753,0,0.00826709059765562,1.75635336164851,0.00784593459684402,0.0466407537460327,0.0125720277428627,0.259319292381406,0.0119956374401227,0.172953076893464,0.0454545440152287,0.51354954240378,0.053646270185709,0.855569695704617,0.0412461598752998,6.84970409655944,0.0185013870941475,0.44673538650386,0.0378706671181135,0.0666470063733868,0.017983652127441,0.0401960808085278,0.00526038929820061,0.412866435188334,0.00732600758783519,0.138645420433022,0.00452147691976279,1.53768837230746,0.00659703137353063,0.0819896114990115,0.00181378482375294,0.0208062417805195,0.00138217001222074,0.118986625457183,0.000528261996805668,0.056247775326483,0.00137315480969846,0.208885084837675,0,0.1820388410124,0.000801924616098404,0.233286722330377,0.00270197255304083,0.598166557552759,0.00624268455430865,0.152547140431125,0.00439560459926724,0.274072165600955,0.00211939250584692,0.341744765988551,0.00528169021708891,0.164301720215008,0.00248062005266547,0.0914332763641141,0.0169197396899108,0.0262132480274886,0.0169923529028893,3.8588140233187,0.0518134722369723,1.64602471748367,0.0198095235973597,0.32321041636169,0.00218938151374459,0.427967724448536,0.0301507527474314,0.100390410516411,0.00549752614460886,0.803451064275578,0.00708591658622026,9.27922767406562,0.0078180527780205,0.596401026472449,0.0021078516729176,2.56196872534929,0.00539915170520544,0.397263387218118,0.00132158593623899,0.00836320163216442,0.0262529843021184
0.00451930981944315,0.0769718767260201,0.0580065366229974,0.415724090620643,0.0484848499763757,5.05339216254652,0.024481801665388,0.954303624981549,0.0175585282850079,7.63393573497888,0.00236406619660556,0.663874352350831,0.0127453473396599,0.738958078727592,0.00826709059765562,0,0.0275526738259941,0.69459360674955,0.0729601820348762,0.159180463117082,0.358695635804906,1.12452007306274,0.19737146073021,0.378455401863903,0.229464286996517,1.03494734980632,0.41702126909513,1.63844792218879,0.029088749201037,13.1924502861802,0.482235268398654,0.438307032629382,0.0715976326609962,0.0940147545188665,0.0601281436393037,0.0814814826007932,0.0237218818510883,0.56582173355855,0.0152060823165812,0.432084739964921,0.00112359551712871,0.274336282163858,0.0614035092294216,0.220200181240216,0.0332789556705393,0.0728407903807238,0.0913763605058193,0.283443694643211,0.00214438891271129,0.037904892815277,0.00984799824072979,0.0175438600126654,0.00406338891480118,0.000805477262474597,0.00224466901272535,0.249864492914639,0.015311004826799,0.098142718867166,0.0378317327704281,0.0595205293502659,0.0171785535640083,0.0446808496490121,0.00868621096014977,0.0600529869552702,0.0157480309135281,0.0454262615530752,0.13952528842492,0.254403131111758,0.0412517776712775,0.148527530953288,0.527552666491829,1.62770213017939,0.0288924558553845,2.32517217134591,0.0316421173047274,0.199339198879898,0.223765433765948,0.76319877197966,0.0134680140763521,0.233407078776509,0.00432666298002005,0.328523864736781,0.00717875082045794,4.52301093254937,0.0135200386284851,0.152763112972025,0.00539568357635289,2.19054992403835,0.00457247369922698,0.0437182603636757,0.214070957386866,0.034834835678339
2.83674448379315,0.00886044802609831,0.402836874942295,0.0135392425581813,0.166943056625314,0.0361643837532029,0.398095585405827,0.00663871414144523,0.466975653776899,0.00638297852128744,6.50747895368841,0.00727603444829583,2.11482956190594,0.00279134674929082,1.75635336164851,0.0275526738259941,0,0.0648801136412658,0.0806837599957362,0.0229226360097528,0.0374787042383105,0.0224719105754048,0.0359575040638447,0.01195919822203,0.0254129595123231,0.018724400550127,0.0285035641863942,0.0149812730960548,2.04291529400507,0.0740452061290853,0.0824003578163683,0.0179076341446489,0.319086228962988,0.0795188783085905,0.327219373895787,0.331699350266717,0.537380539579317,0.0910112368874252,0.193126026308164,0.0313606471754611,0.104129266459495,0.0262697017751634,0.208584835054353,0.0433295335387811,0.139224673330318,0.0405953984591179,0.258815241279081,0.0340945642092265,0.249530957080424,0.0187835416872986,0.674157336470671,0.00278940028510988,0.416713102255017,0.00110071548260748,0.243616277934052,0.0443121679709293,6.87870135530829,0.0301191277685575,0.526425597839989,0.0303746209829114,0.788413067581132,0.0194986069109291,2.4825942448806,0.0329549610614777,0.642678677802905,0.0180533756501973,0.377123709768057,0.236460715241265,0.0978564791148528,0.0882528307847679,0.986681498005055,0.0949781674426049,1.31872951611876,0.0595482566859573,0.327335046138614,0.0104347828309983,0.851505747996271,0.221989531069994,2.05555555364117,0.0595446573570371,4.91226933058351,0.0781453476520255,4.89150950685143,0.0430510048754513,0.912565333535895,0.0231259965221398,0.775353039614856,0.0386221302906051,0.367853275965899,0.0134610410314053,0.0381143433041871,0.0480480473488569
0.0172299532277975,1.55560618912568,0.0298572996398434,0.310372128151357,0.00187441427260637,0.146046514739282,0.00795022473903373,0.308150108554401,0.00195026816800237,0.0834467131644487,0.0072826580144465,5.50396214902867,0.00893355626612902,0.906925694667734,0.00784593459684402,0.69459360674955,0.0648801136412658,0,0.189538458129391,0.40507788292598,0.0520346910925582,0.071524963947013,0.0710710700368509,0.0782828282099217,0.00631911540403962,0.0589970522560179,0.021901443367824,0.040477427537553,0.0495376501930878,15.3524727467448,0.163408916152548,0.155292197014205,0.421849304402713,0.570825794653501,0.187203798443079,0.147191736381501,0.042775665060617,0.179572445573285,0.0278035219525918,0.0338835805887356,0.00833912473171949,0.0422631234396249,0.0145146665163338,0.0602165064192377,0.034508075856138,0.0464201419963501,0.0139196455711499,0.0302853817120194,0.00569800590164959,0.044513861881569,0.0309468824125361,0.01941747602541,0.00188679248094559,0,0.00558485893998295,0.0615108992788009,0.0872235876449849,3.00041893310845,0.141205875203013,0.210462285438552,0.057126535102725,0.242033076938242,0.0330305541865528,3.6969895666698,0.0507308700471185,0.258266619814094,0.485790419101249,0.528417112946045,0.256576291983947,1.13186810037587,0.27456511859782,1.3704218424391,0.0855416087433696,4.18213816959178,0.0281501349527389,0.12474576337263,0.412261224351823,0.456375846988522,0.0305343500804156,6.17450600187294,0.033958891115617,3.68828039045911,0.0196319022215903,0.393176280660555,0.031675748876296,0.116457588330377,0.0138077532174066,0.0883534129243344,0.0133895371109247,0.0143266475060955,0.310136146144941,0.0377643504180014
2.39436618721811,0.368684930726886,9.12124016086455,1.57846152500133,0.0238744885427877,0.164857533120085,0.752430163702229,1.01533519150689,0.0126360123977065,0.103230100357905,0.131552590697538,0.776038530282676,0.234703192603774,1.02882927423343,0.0466407537460327,0.0729601820348762,0.0806837599957362,0.189538458129391,0,11.2560975714587,0.101001307368279,0.0763157910550945,6.831038918579,2.16893596079899,0.0281794596230611,0.0543785311747342,0.0199501242022961,0.0256880727829412,0.307893352000974,0.676063947728835,6.17640043864958,3.17349762382219,9.27443366294028,5.48250727012055,0.238938060065266,0.0749893458560109,0.150241211522371,0.0675163648556918,0.147496611229144,0.0219354847213253,0.0232454179786146,0.018543045851402,0.00535931796184741,0.0245071926619858,0.0164679154986516,0.00598802405875176,0.0156605198862962,0.0174858227255754,0.00245775724761188,0.0107174754375592,0.0113104524207301,0.00551240320783108,0.00342700484907255,0.000680272118188441,0.0169112161966041,0.0366530021419749,0.570221758098342,0.272792531177402,0.273568404430989,0.0210474788909778,0.0386136308370624,0.0372291728854179,0.0385093160439283,0.126621696399525,0.0249679901171476,0.0201579947024584,0.754809503210708,0.167325953574618,9.62618578458205,2.50571425887756,1.50085468805628,3.29813873703824,0.51678537146654,0.791924472898245,0.134497820516117,0.185657722235192,0.721548061119393,1.21661719138501,0.00893255928531289,0.0397350982530043,0.0255114326719195,0.114873036072822,0.0388529128977098,0.0466257666703314,0.0299850071314722,0.0345333106815815,0.0134278256446123,0.0480421204701997,0.0111778100836091,0.00802246271632612,0.505660384893417,0.184731383807957
0.0909583104075864,2.46205118892249,0.374932666774839,7.3010219745338,0.00571791589027271,0.231352726346813,0.0720588206604589,1.90145838554599,0.00652528542559594,0.164647404162679,0.0118343197391368,1.2312041237019,0.0382941677235067,1.54530320796766,0.0125720277428627,0.159180463117082,0.0229226360097528,0.40507788292598,11.2560975714587,0,0.153601275582332,0.132211540185381,1.18123748857761,2.42659016209655,0.0233436317648739,0.0721784774214029,0.023817399982363,0.070044202497229,0.0757050922256894,1.08937263971893,1.8062710580416,1.43195608968381,1.92203299200628,2.92566947796149,0.0799407816957682,0.0273117449251004,0.123797310108785,0.134017319185659,0.158890290185809,0.0434258147142828,0.0114145941333845,0.037081822170876,0.00833140482427552,0.0367758189095184,0.0107009091880172,0.0191226104507223,0.0273053893761244,0.0346223029482644,0.00115240563172847,0.0139860145282,0.00449101813137531,0.00903256481979042,0.00255264830775559,0,0.0363464706751984,0.0751776283141226,0.102068501844769,0.80234969209414,0.0825622765696608,0.0664807067951187,0.0186046516173519,0.0939020938239992,0.0221187430433929,0.211793607799336,0.00898203608812764,0.0632878838223405,0.419717296434101,0.16160849633161,4.03443314484321,3.99336863146164,0.618911172263324,3.99936928041279,0.13902053120546,1.58989956096048,0.172386273276061,0.287665734533221,0.84471665462479,1.62573096581036,0.00814663944765925,0.0661023786524311,0.00960878512705676,0.169563533505425,0.0144550445838831,0.0765247415984049,0.0121986640733667,0.0616837118286639,0.00276147737167776,0.0688172029331326,0.011095700552687,0.0161476353532635,0.891267116647214,0.230966642266139
0.0900951333460398,0.0535662297625095,0.0727373659610748,0.076604049798334,0.311600332148373,2.10192150692455,0.0264845844358206,0.0372841453645378,0.0746812381548807,0.241214053239673,0.0128617361187935,0.0280076372437179,0.0228223664453253,0.0232350315200165,0.259319292381406,0.358695635804906,0.0374787042383105,0.0520346910925582,0.101001307368279,0.153601275582332,0,5.42155022453517,0.112389092857484,0.0695259583299048,3.02959826705046,2.84551342460327,3.86931829713285,3.61190977622755,1.15084336954169,0.269349857931957,2.52585661783814,0.959839349496178,0.0699904132052325,0.0778012706432492,0.0734693887643516,0.0771812084130943,0.330147708300501,0.192708334769122,0.199170126579702,0.127501857699826,11.63785973005,0.233463034965098,0.0144434999674559,0.0509236146463081,0.0124223600141704,0.0365009439410642,0.0181159423664212,0.0878677960135974,0.00132978719193488,0.0124378106556833,0.006514658103697,0.00267857144353911,0.006855184212327,0,0.0458149791229516,0.0767946555279195,0.0605443916283548,0.045537817873992,0.0373665477382019,0.0179871515720151,0.0156985875219107,0.0131061603315175,0.0136147043667734,0.0247265817597508,0.0145666429307312,0.0177083342568949,0.0568853850709274,0.0871406961232424,0.065876153530553,0.158245951635763,5.41567276243586,3.25083048758097,0.547579282894731,0.401515138801187,0.705009282100946,0.440613016253337,1.013867525151,1.09984399401583,0.0491803251206875,0.0505836575757712,0.0407653898000717,0.0373715360183269,1.81903491099365,0.172299543628469,0.0630209401424509,0.0218778485432267,0.150537637528032,0.302795036695898,0.0227272722986527,0.00618238002061844,1.21951221954077,0.776280306279659
0.0123699745163321,0.0532475140644237,0.0284518817206845,0.0779029856203124,0.094501719577238,5.85593213385437,0.0128737538470887,0.0366213809174951,0.0259019427467138,0.419433190836571,0.00488997541833669,0.0347490351414308,0.00535987765761092,0.0234128771116957,0.0119956374401227,1.12452007306274,0.0224719105754048,0.071524963947013,0.0763157910550945,0.132211540185381,5.42155022453517,0,0.0608063475228846,0.0600545948836952,0.98385358392261,1.82330831652507,1.34937439626083,12.2612327258103,0.0680272106546909,0.334200951154344,1.45088155567646,0.717670937301591,0.0705654901685193,0.0843270845361985,0.0724233970977366,0.117443868424743,0.0793650769628584,1.14185024891049,0.0993265969445929,3.62612621393055,0.0213219621218741,0.973843024112284,0.0188275563996285,0.0775427995249629,0.0136830098927021,0.0178117048926651,0.0219078040681779,0.0787337661604397,0.00403496960643679,0.0188560655806214,0.00476190494373441,0.00899685139302164,0.0034782609436661,0.00170648458879441,0.00621393712935969,0.126103401998989,0.0132856410928071,0.0520504703745246,0.025997310411185,0.0163934431620874,0.0118530221516266,0.0238568598870188,0,0.0191754556726664,0.0103244837373495,0.0210194429382682,0.0577249587513506,0.086374695179984,0.0559626929461956,0.197674417868257,3.43647370953113,6.81044636107981,0.121930564753711,0.940905574359931,0.383141753263772,0.708910913206637,0.510538633097894,1.58102763816714,0.0254777083173394,0.0643863156437874,0.0108923334628344,0.0463368828641251,0.0162711865268648,0.284182314760983,0.00856793139246292,0.0228780598263256,0.0153340641409159,1.02281668805517,0.0032647731131874,0.00559353630524129,21.198864268139,0.514124294742942
0.0925712398311589,0.0883344606263563,6.40596813827869,2.15615522803273,0.930396996729542,0.938278260116931,1.42564799971296,1.55748711072374,0.142420023679733,0.573486268694978,0.0470462441444397,0.109636188775767,0.444010938925203,0.647518476383993,0.172953076893464,0.19737146073021,0.0359575040638447,0.0710710700368509,6.831038918579,1.18123748857761,0.112389092857484,0.0608063475228846,0,10.8798813799513,2.06447867222596,0.47288987680804,0.383900921675377,0.134255256096367,0.480314969492611,0.605636988970218,6.71282303426415,3.37509414588567,3.89526514062891,0.955162513651885,0.533415833138861,0.0956999666523188,0.0608552636113018,0.0526171568781137,0.0291734203929082,0.0213208520435728,0.00335232994984835,0.0132846226915717,0.00535971947829239,0.0177777779754251,0.0140581070445478,0.00832109630573541,0.00935175322229043,0.0196866214973852,0.000999750103801489,0.00682095013326034,0.00851208751555532,0.00295545713743195,0.00600436690729111,0,0.00503461284097284,0.0216636018303689,0.09863099255017,0.0845204182842281,0.0910432033706456,0.0144867549533956,0.0229930630885065,0.0129256775835529,0.0201714574359357,0.0465217401215341,0.0113695085747167,0.0104143086064141,0.397486760455649,0.0765253330464475,0.36214198108064,0.212633964023553,0.552438016980886,2.37989742471837,0.184573748963885,0.476814233115874,0.0480895920773037,0.0377608466078527,0.33570489322301,0.372056089632679,0.0113902846351266,0.0225838585756719,0.0150989588873927,0.0476524156983942,0.0355978939915076,0.0419370944146067,0.0210355978924781,0.0165577335865237,0.00992121419403702,0.0348745041992515,0.010041240719147,0.00488485681125894,0.0669923219829798,0.0634588564862497
