0,0.0298779369913973,5.09767753630877,0.0403737076267134,0.00899634510278702,0.00222345744259655,4.39133671461605,0.0345939621329308,0.0317368711694144,0.00165608612587675,4.732355386368,0.0157400360330939,2.59367090358865,0.0128517618286423,0.277521258132765,0.00240153691265732,2.25000010058284,0.00733176211360842,1.51488613570109,0.182911125768442,0.0119165842188522,0.00332336319843307,0.0424278150312603,0.0100634434784297,0.00835571507923305,0,0,0.000591715972404927,3.07435725338291,0.0142281243461184,0.304591823543888,0.0192608024808578,0.819930484023644,0.240842285973486,0.0152091253548861,0.00131578953005373,0.604284075088799,0.00224026874639094,0.32019840326393,0.0119047618936747,0.395932205487043,0.000672268914058805,0.00397790063288994,0.000923574203625321,0.00301356101408601,0,0.0187500001047738,0.00259796495083719,0.00461538444506004,0.000522329588420689,0.0265878872014582,0,0.00055772450286895,0,0.0540303092566319,0.0583819847088307,11.1982404240989,0.0197231836791616,0.71798367187148,0.0013114754401613,0.825057625072077,0.00103492883499712,0.591511939128395,0.00456308451248333,0.0628356621600688,0.000948766595683992,0.279641655273736,0.0193805809831247,6.2060609459877,0.0743494427297264,1.03711910638958,0.0756816947832704,3.87676670355722,0.0230896098073572,0.603385355207138,0.0173333331476897,0.64746227581054,0.0538165849866346,0.0613828012137674,0.00201207236386836,0.290420458186418,0.00719424441922456,0.288801069837064,0.00157232698984444,0.336235361173749,0.00220680958591402,0.0402962954249233,0.000533475598786026,0.08535221562488,0.000708717212546617,0.0589254766236991,0.0979847155977041
0.0298779369913973,0,0.0209159754449502,5.34293929630076,0.00288850365905091,0.0548101644963026,0.00666666671168059,5.86829167435644,0,0.0243764175684191,0.00511654367437586,7.73309091420379,0.00516684609465301,1.48030781914713,0.00199004984460771,0.130253134702798,0.0166236743680201,2.90923745231703,0.262016545864753,2.9717291862471,0.0232399171218276,0.0603980766609311,0.0240192149067298,0.0446827529231086,0.00245700241066515,0.0140515216626227,0.00356083083897829,0.0103500765981153,0.0563713872688822,1.31246969569474,0.0946405214490369,0.138777691172436,0.278199048829265,1.40098566177767,0.037242729915306,0.0244482178241014,0.0208514342084527,0.105293441447429,0.0277306174393743,0.031102470587939,0,0.0263888895278797,0.00586907440447249,0.019357884535566,0.00411628512665629,0.0214998708106577,0.00684150494635105,0.00884173321537673,0,0.0123192284954712,0.00263108432409354,0.00364880263805389,0,0,0.00358905340544879,0.0527547328965738,0.125494244275615,14.6627971920243,0.0854026437737048,0.119642857811414,0.0256519886897877,0.706631303066388,0.0103401364176534,0.96175370895071,0.00440892810001969,0.0990050946129486,0.268310103827389,0.547600603895262,0.665405421517789,2.49265130609274,0.167852071172092,1.22263506555464,0.0290444382699206,1.42421673552599,0.0205620290944353,0.466092947230209,0.206760573200881,1.05723149317782,0.00487804866861552,0.274333209497854,0.00885151559486985,0.677077308646403,0.00594594608992338,0.0784735324559733,0.00791837996803224,0.390142430667765,0.00182926829438657,0.059113300871104,0.00417378105339594,0.0764101635431871,0.807168431812897,0.148041684296913
5.09767753630877,0.0209159754449502,0,0.916542715916876,3.73049270472256,0.296032825077418,17.0835314420983,0.64747782878112,0.697133117122576,0.0451086935936473,1.24196191510418,0.0490490483352914,2.27934123939485,0.190809632767923,0.433844684594078,0.0331674952758476,0.180170282721519,0.0139318892033771,13.0771889777679,0.72873804892879,0.0272904485464096,0.0117416832363233,7.69891236920375,1.48012103309156,0.325704230053816,0.119394624838606,0.0789324225625023,0.14314808906056,1.8614540429553,0.113242860650644,5.38697488047183,0.672480128647294,6.67932292816113,0.305892547767144,0.181139122811146,0.00774943479336798,0.295700413524173,0.0071664831484668,0.187737384228967,0.0138555826852098,0.137013633735478,0.00197889190167189,0.00611086847493425,0.00182315404526889,0.0118841291405261,0.00098546443041414,0.0132245974964462,0.00342172803357244,0.00252716708928347,0.000514668063260615,0.0120591994200367,0.000881639833096415,0.000548998068552464,0,0.0277657266706228,0.0321450640331022,1.05277269956423,0.0109645370393991,0.40484197679325,0.00129533678409643,0.09979296111851,0.00101988785900176,0.07002874603495,0.00720720738172531,0.0195715423906222,0.000936110445763916,0.434434770053485,0.0184210528095718,1.48753900488373,0.0422059645643458,1.06572130718268,0.40810738602886,1.98831704934128,0.103382950299419,0.335504880349617,0.0281321557704359,0.439762299996801,0.0875912380870432,0.00529450690373778,0.00460677867522463,0.0565189464250579,0.0108634573989548,0.0685358284972608,0.00516395550221205,0.061913977842778,0.00531167016015388,0.0227272732299753,0.00945874932222068,0.0431495471857488,0.000350815651472658,0.0768184913904406,0.116524706594646
0.0403737076267134,5.34293929630076,0.916542715916876,0,0.0806654896587133,2.06437125412049,0.468965503619984,16.6852875484619,0.0583075362956151,0.6422018725425,0.0178970920387655,1.55989879556,0.111456313054077,2.46475729375379,0.0327071829815395,0.507651960215298,0.00901352043729275,0.281390404998092,2.00000003702007,15.1842932339641,0.0821917828288861,0.156186025240459,1.38883839186747,10.6850027261244,0.078702476574108,0.550369808683172,0.0469677405781113,0.194722954533063,0.106198433815734,1.19688784665777,1.86743650140124,3.74223891261499,0.311957680532942,1.79190982680302,0.0426247918512672,0.0214492743834853,0.0570995452580974,0.104496363550425,0.0851695921737701,0.0418899178039283,0.00416666682576761,0.0348596736439504,0.006484295707196,0.0274203755543567,0.00637522764736786,0.0154125113040209,0.0192229042586405,0.0326108559966087,0,0.00896437829942442,0.00137315480969846,0.00245398777769879,0,0,0.01692524633836,0.053399922529934,0.0395444476453122,0.597415211290354,0.0240963847609237,0.0220661984349135,0.00655990763334557,0.129122803802602,0.00191387557424605,0.183183803863358,0.00290275766747072,0.0406398607301526,0.0914304415346123,0.156883483869024,0.327229488175362,0.631686680484563,0.356716434645932,3.85614374885336,0.0709219893906265,1.37302377040032,0.0765410462627187,0.549560138606466,0.373859432875179,1.30700895981863,0.00237037031911314,0.079599057789892,0.00636942684650421,0.245256498281378,0.00428061830461957,0.105063889408484,0.00282805442111567,0.1581285194261,0.00158520473632962,0.140899255668046,0.0186980604194105,0.0360092489863746,0.895902909804136,0.40024330583401
0.00899634510278702,0.00288850365905091,3.73049270472256,0.0806654896587133,0,0.399745367933065,0.197943444130942,0.0145985398557968,7.18693566462025,0.0250626564957201,0.0630517024546862,0,0.195355692994781,0.00160901050549001,3.220306436182,0.0346279821824282,0.0462427753955126,0,0.00944510009139776,0.00380083627533168,0.0523138814605772,0.0325865596532822,0.811357714817859,0.206760999164544,7.01359515963122,0.526954166241921,7.24200287437998,0.861788610462099,0.956331905617844,0.0164383559022099,7.40412014722824,0.221487611182965,0.0524475518614054,0.00236966827651486,0.0124003540258855,0.00592300132848322,0.0184089422691613,0.00518134701997042,0.00499375769868493,0.00359496718738228,0.010834236163646,0,0.00320256198756397,0.000868055562023073,0.00204603583551943,0,0.00978393782861531,0.00077160494402051,0.00427122274413705,0,0.0171141933533363,0,0.00513149471953511,0,0.00554235943127424,0.000722282391507179,0.0200772212119773,0.000532907026354223,0.0109381576767191,0,0.0145666429307312,0,0.0195065976586193,0,0.0247495587682351,0,0.00381887622643262,0.000618046964518726,0.00226244353689253,0.00272108847275376,2.88692343514413,0.0344607521547005,0.513567169662565,0.0211049047065899,0.0243407702073455,0,0.0271940664388239,0.0173374614678323,0.0170575696974993,0,0.0517974470276386,0,0.328054312849417,0.005589714855887,0.0409924499399494,0.00138985409284942,0.0949554890394211,0.00696864095516503,0.0155735253356397,0.00165883329464123,0.00233100238256156,0.00470035243779421
0.00222345744259655,0.0548101644963026,0.296032825077418,2.06437125412049,0.399745367933065,0,0.0989594407437835,1.14929695721366,0.233783789444715,7.75687257666141,0.00368776882532984,0.0860215052962303,0.0464778505265713,0.230312619649339,0.06012212485075,9.31221297715092,0.0162703382084146,0.0905619219411165,0.0557707194238901,0.0875748535618186,1.22125600744039,10.5454545356333,0.44766504492145,2.26460340991616,1.800732636475,14.3868852593005,1.56457061832771,15.4347203176003,0.0952380984672345,2.48588075069711,3.93174762744457,5.178879291052,0.0644053259748034,0.0684026442468166,0.0427350430982187,0.0550284625496715,0.0281690144911408,0.979179793968797,0.0316494205035269,2.94619879371021,0.00207468890585005,1.36501519591548,0.0291453329846263,0.0852878438308835,0.0180360723752528,0.0505952410167083,0.0433039292693138,0.0987466785591096,0,0.0271296798018739,0.00233236141502857,0.00320769846439362,0.00124999997206032,0,0.0023373588337563,0.570818510022946,0.00764136551879346,0.0405904063954949,0.0090984285925515,0.016222479287535,0.00861141015775502,0.0170303359627724,0,0.0191906553227454,0.00690448796376586,0.0161434973124415,0.0588076608255506,0.135489776730537,0.0353786610066891,0.0886829906376079,1.23275859944988,5.64054713235237,0.0515463901683688,1.74455213325564,0.0740019492805004,0.702169634401798,0.188065098132938,1.00966182211414,0.0163432080298662,0.0220883525907993,0.0068493151338771,0.124393205041997,0.0210060799727216,1.12677599734161,0.00727117207134143,0.142267093469854,0.00719942385330796,4.43562107277103,0.00414201180683449,0.189721149683464,0.393770839087665,0.226457410492003
4.39133671461605,0.00666666671168059,17.0835314420983,0.468965503619984,0.197943444130942,0.0989594407437835,0,0.340602550801123,2.06772993796039,0.0299957756942604,2.77307360811392,0.0130693067621905,11.1639032041421,0.0746799423359334,1.03559125028551,0.0155450237507466,0.228753989562392,0.00649087224155664,1.31431592046283,0.130351875908673,0.0290416268398985,0.00873786426382139,2.18413408950437,0.759591699985322,0.0672344234772027,0.0419731709698681,0.0279720276594162,0.0494321976439096,3.2243921358604,0.0454204215202481,1.75670837494545,0.329497276805341,1.00552892545238,0.0733686056919396,0.0534333249670453,0.00578173936810344,0.261858767480589,0.00469884648919106,0.182700423174538,0.00915331824216992,0.0768283694051206,0.00146842875983566,0.00283889286220074,0.00110253581078723,0.00549774203682318,0.000391159788705409,0.0146664285857696,0.00279232114553452,0.00159648770932108,0.000809716584626585,0.0186915879894514,0.000357717770384625,0.00298062595538795,0,0.0261299435514957,0.0348738772445358,0.85348144773161,0.00841677561402321,0.152311873971485,0.000703482248354703,0.227736235538032,0.00160771701484919,0.183978693530662,0.00218420103192329,0.0256463292753324,0.000750891689676791,0.125514399493113,0.00753059308044612,0.201386053638998,0.0147569445543922,0.99131538241636,0.183209347218508,2.00731341104256,0.0366392933938187,0.393792442162521,0.01021649222821,0.43019344334607,0.0307174420158844,0.0147203140659258,0.000977278337813914,0.146026200265624,0.00344126383424737,0.117407253943384,0.00202963259653188,0.18963077175431,0.00187793420627713,0.0213999110274017,0.00329218106344342,0.0444650282151997,0.00029607699252665,0.0255255251540802,0.0837302576983348
0.0345939621329308,5.86829167435644,0.64747782878112,16.6852875484619,0.0145985398557968,1.14929695721366,0.340602550801123,0,0.0148809520760551,1.37626000927412,0.0189651612308808,4.90206687373575,0.067915691412054,9.95792016590713,0.0112086677108891,0.976305110554677,0.00746578158577904,0.439786435803398,1.65449541021371,3.55223886179738,0.044141816906631,0.100777017069049,1.17396115660085,1.89808916990296,0.0174329918809235,0.218151195149403,0.0136083355173469,0.0723256844794378,0.0666066612757277,1.84601284083328,1.58239628223237,3.65905510447919,0.288492697232869,1.71329995564884,0.0309512965613976,0.0252454421133734,0.0459674035664648,0.100644622230902,0.0628724044945557,0.0348601551959291,0.00429799425182864,0.0180394020280801,0.0048585805343464,0.0233435089467093,0.0076628354145214,0.0110687023261562,0.0136411336425226,0.0221956637687981,0,0.0114466150407679,0.000901713268831372,0.00209863594500348,0,0.000411946442909539,0.0176135377550963,0.0480609873193316,0.0386014000978321,0.962382448866265,0.0262318321620114,0.0244280066981446,0.00632174350903369,0.147756224672776,0.00199680507648736,0.349048225034494,0.00161225313786417,0.0322698943782598,0.10243832366541,0.169512383610709,0.218557514017448,0.359028509410564,0.264438952144701,3.47806291066809,0.0552763813175261,1.28301887121052,0.0409315455181058,0.339782908558846,0.2768789594993,0.821721312240697,0.00237925298279151,0.126540282857604,0.0051264523062855,0.409815949155018,0.00278164108749479,0.0779580516682472,0.00303797470405698,0.230809822824085,0.000433557346696034,0.101864851370919,0.018170804833062,0.046207496401621,0.493330092751421,0.326530611142516
0.0317368711694144,0,0.697133117122576,0.0583075362956151,7.18693566462025,0.233783789444715,2.06772993796039,0.0148809520760551,0,0.0212624575942755,0.406688952818513,0,5.33791015611496,0.00167014612816274,16.1151730396086,0.0175953079015017,0.230559346498922,0.00117577891796827,0.00571428571129218,0.0015748031437397,0.03765227063559,0.0336700351908803,0.214598040271085,0.11496126948623,1.13381991523784,0.157932518050075,0.426132157910615,0.427892248844728,3.16689399362076,0.00762267736718059,3.27635970991105,0.151972152641974,0.0182066450361162,0.00081933633191511,0.00770712923258543,0.00650759227573872,0.0489510508487001,0.00963523762766272,0.02382528106682,0,0.0216346161905676,0,0.0108018276514485,0.000903750536963344,0.00751072959974408,0,0.0321761212544516,0,0.0101010105572641,0,0.0679199509322643,0,0.0122615802101791,0,0.0279260789975524,0.00298730400390923,0.0432261470705271,0,0.0253718289895914,0,0.0542372879572213,0,0.0617433440638706,0,0.0622664985712618,0,0.00839160871692002,0.00254372018389404,0.00119260582141578,0.00145032629370689,2.5777480721008,0.0365853665862232,0.669014060986228,0.00657894765026867,0.107262566685677,0.00680272118188441,0.0903732815058902,0.0131233595311642,0.0425029504112899,0,0.177083335642237,0.00126422254834324,0.901610000990331,0,0.113116195076145,0.00141978228930384,0.214797133812681,0.00245248316787183,0.0338669944903813,0,0.00260756188072264,0.00789473718032241
0.00165608612587675,0.0243764175684191,0.0451086935936473,0.6422018725425,0.0250626564957201,7.75687257666141,0.0299957756942604,1.37626000927412,0.0212624575942755,0,0.00121065380517393,0.049544995999895,0.00503778352867812,0.374608141486533,0.00835654581896961,6.7435317474883,0.00369685760233551,0.0398277709027752,0.0514000770635903,0.0467185777961276,0.0716981142759323,0.305343512445688,0.127156547270715,0.296551730541978,0.107913668034598,0.929032294079661,0.091755316243507,0.658209979883395,0.0101867574267089,0.846631178865209,0.343032170087099,1.5800106129609,0.0178419705480337,0.0246343333274126,0.0200836826115847,0.0203892494319007,0.00882167578674853,0.137888196157292,0.00599520397372544,0.100288185523823,0,0.153846155852079,0.00546021841000766,0.0227848102804273,0.00296882714610547,0.0176384118385613,0.0111155223567039,0.0188111356692389,0,0.00642398279160261,0.00115774245932698,0.000793965882621706,0.00123076920863241,0,0.00077160494402051,0.0437389764701948,0.00303720566444099,0.0172820106963627,0.00327466218732297,0.00306044379249215,0,0.00735294155310839,0,0.00495458312798291,0.00226885988377035,0.00709534389898181,0.020364414784126,0.0411871576216072,0.0130861499346793,0.0299479175591841,0.118859914131463,1.45621551503427,0.00634115422144532,0.502087050816044,0.0190114066936076,0.121270452160388,0.055819479865022,0.208209393895231,0.00199203193187714,0.0215475019067526,0.00150772708002478,0.037940377718769,0.00218102498911321,0.281401617103256,0.000850882788654417,0.0401551437098533,0,0.555928414221853,0.00176211458165199,0.0282378494739532,0.12337662326172,0.0894220245536417
4.732355386368,0.00511654367437586,1.24196191510418,0.0178970920387655,0.0630517024546862,0.00368776882532984,2.77307360811392,0.0189651612308808,0.406688952818513,0.00121065380517393,0,0.00406504049897194,13.482123119873,0.00629425654187799,3.29291037109215,0.00273597805062309,9.78797286748886,0.00649350648745894,0.274162495043129,0.0349832527572289,0.0304761901497841,0.00963391154073179,0.0602564121363685,0.0276923077180982,0.0289855082519352,0.00129870127420872,0.00535475229844451,0.00425833929330111,4.66666673484724,0.0124666076153517,0.187788616167381,0.0277926255948842,0.106655286799651,0.0425038626417518,0.0236286921426654,0,0.329740019515157,0,0.229191799880937,0.0104347821325064,0.23084781342186,0,0.0133124510757625,0,0.00696171028539538,0,0.0263053012895398,0.00453172205016017,0.0124416793696582,0,0.0766327993478626,0,0.0160990713629872,0,0.044151819543913,0.0290265480871312,3.2742958816234,0.0052507221698761,0.262227702478413,0.000768049154430628,0.539614554494619,0.00105596624780446,1.04724845546298,0.00248756218934432,0.141471767798066,0,0.0779151025926694,0.0127582022105344,0.0942982463166118,0.0314547847956419,0.702867574989796,0.03573629015591,2.33694952575024,0.01079784007743,0.570057566044852,0.00583090377040207,0.456391860498115,0.0215439847670496,0.336016084766015,0.00395647855475545,1.39689742552582,0.00120809418149292,2.43969300063327,0.00108401081524789,0.345768493920332,0,0.170940170064569,0.00112485943827778,0.0471281306818128,0,0.0525164119899273,0.112458658637479
0.0157400360330939,7.73309091420379,0.0490490483352914,1.55989879556,0,0.0860215052962303,0.0130693067621905,4.90206687373575,0,0.049544995999895,0.00406504049897194,0,0.00129240716341883,8.17154813522939,0.000809716584626585,0.666137375519611,0.0123775145038962,7.43422241689404,0.727334949828219,1.48025230155326,0.0290697673335671,0.052785923704505,0.0522344751516357,0.0792891290038824,0.0046893316321075,0.0182207921752706,0.00439560459926724,0.0149855909403414,0.0359281450510025,12.0995336398482,0.236483521177433,0.352298581448849,0.175280900672078,0.879890162264928,0.0489741888595745,0.0602150517515838,0.023121387232095,0.0903426830191165,0.0352822570130229,0.0156021453440189,0.00306513416580856,0.0120300753042102,0.00833333353511989,0.0409530909382738,0.00684638414531946,0.0288502329494804,0.00846560834906995,0.00470746454084292,0,0.0183150183875114,0.00106072658672929,0.00352733681211248,0.00103039667010307,0.00202839751727879,0.00481430540094152,0.034909553360194,0.0379657835292164,1.82587670060457,0.0369699173024856,0.0361774738994427,0.0115089513128623,0.20360360853374,0.00470588245661929,0.482834204507526,0.00288600294152275,0.0396732792723924,0.150691705639474,0.27473741438007,0.326511634862982,0.673866072669625,0.123155216686428,2.20523353083991,0.0232435278594494,3.57852485380135,0.0336257312446833,0.599261980969459,0.164000007789582,0.848272423376329,0.00151515146717429,0.762902044225484,0.00606264732778072,0.426175429311115,0.00279069773387164,0.130815289099701,0.00279051216784865,0.161736541776918,0,0.062737642088905,0.00376242963830009,0.0280070030130446,0.833870954927988,0.188158955890685
2.59367090358865,0.00516684609465301,2.27934123939485,0.111456313054077,0.195355692994781,0.0464778505265713,11.1639032041421,0.067915691412054,5.33791015611496,0.00503778352867812,13.482123119873,0.00129240716341883,0,0.0152630140073597,13.419749427354,0.00662650616141036,2.22700721060392,0.00336134457029402,0.252416762523353,0.0325117988977581,0.0330730369314551,0.00646651274291798,0.37720743304817,0.206063859164715,0.0893498212099075,0.0179977496154606,0.0206028227694333,0.0299684548517689,5.81975265138317,0.0100800476502627,0.561768528074026,0.0993996022152714,0.122731199779082,0.0419919239357114,0.0121107270242646,0.00455373403383419,0.25739645306021,0.00513384683290496,0.170197479659691,0.00771388493012637,0.121557451784611,0,0.0325998372863978,0,0.0127469724975526,0.00126662442926317,0.0572057203389704,0.0021192051935941,0.0261780107393861,0.000670016743242741,0.132545934204245,0.000550055003259331,0.02407002216205,0,0.0506875168066472,0.023785425699316,1.08366216754075,0.00405186379794031,0.177528091706336,0.000536049308720976,0.391957231913693,0.000662032456602901,0.545454525388777,0.00113026273902506,0.115277780569158,0.00118623964954168,0.0684677237877622,0.0104095947754104,0.0501524906139821,0.0128156801802106,0.977584972977638,0.0654545438010246,2.09948038775474,0.0136005723034032,0.470262795570306,0.00371057516895235,0.437700818409212,0.0257326669525355,0.121640732861124,0.00187090737745166,0.748541117587592,0.00495718806632794,1.74246018065605,0.0020188424969092,0.44207630836172,0.00145454541780055,0.204662182484753,0.00137693632859737,0.0738611241104081,0.000416666676755995,0.0215580589137971,0.0786627363413572
0.0128517618286423,1.48030781914713,0.190809632767923,2.46475729375379,0.00160901050549001,0.230312619649339,0.0746799423359334,9.95792016590713,0.00167014612816274,0.374608141486533,0.00629425654187799,8.17154813522939,0.0152630140073597,0,0.00262812082655728,0.669253145169932,0.0031834461260587,0.916302780155092,1.26336860761512,1.46138827560935,0.0235897427191958,0.0454076388850808,0.435820915969089,0.738857134943828,0.00701754400506616,0.0270491803530604,0.0033416876103729,0.0207882206887007,0.0191004309454001,9.23585479706526,0.666900654323399,1.54312519694213,0.149198516854085,0.706421988084912,0.0239808156038634,0.0172676489455625,0.0177634231513366,0.0471999988076277,0.0390930421417579,0.0137142855674028,0.00319318799301982,0.00840336177498102,0.00347423285711557,0.0165644171065651,0.00137409823946655,0.0156943020410836,0.00528014061274007,0.00620067614363506,0,0.00290065258741379,0,0.00176004687091336,0,0,0.00631820800481364,0.0252348997746594,0.0206568889552727,0.84391591741587,0.0138013795949519,0.00684931478463113,0.00378173968056217,0.0837508926051669,0.00222304556518793,0.254830914433114,0.000753863540012389,0.0127186009194702,0.059714408183936,0.0834923666843679,0.175477236800361,0.28771640942432,0.120519890449941,2.53032101131976,0.0194568308070302,2.01636155392043,0.0185375909786671,0.30274753132835,0.16317016677931,0.465188647154719,0,0.152799579547718,0.00169348006602377,0.236048446968198,0.00146842875983566,0.0612021863926202,0.000357717770384625,0.0963398435851559,0.000868055562023073,0.0455563860596158,0.00465657736640424,0.00787229393608868,0.412348415004089,0.19701163074933
0.277521258132765,0.00199004984460771,0.433844684594078,0.0327071829815395,3.220306436182,0.06012212485075,1.03559125028551,0.0112086677108891,16.1151730396086,0.00835654581896961,3.29291037109215,0.000809716584626585,13.419749427354,0.00262812082655728,0,0.0178107605315745,1.63026002910919,0.00765957433031872,0.0154888671822846,0.00376293493900448,0.645618536858819,0.023376622935757,0.106570951582398,0.0696324929594994,1.2019128453685,0.0470127314329147,0.494989986298606,0.0879120868630707,10.0056180800311,0.00946142664179206,1.22480619238922,0.0716392727917992,0.0393534782342613,0.0168284783139825,0.0308239490259439,0.011457669781521,0.341510348080192,0.00475737382657826,0.087962961406447,0.0107768301386386,1.24645512388088,0.00265604257583618,0.060209424700588,0.00279524805955589,0.0262634305399843,0,0.140152769396082,0.00253968243487179,0.047716990346089,0.000847457617055625,0.257917419075966,0,0.0680207828991115,0,0.117380025913008,0.00961827486753464,0.289444069116144,0.00324750645086169,0.136967637576163,0.00128783006221056,0.214285723515786,0,0.244241629494354,0.000686341780237854,0.258980052312836,0,0.0553977289237082,0.00843437016010284,0.0120378335705027,0.0019723866134882,3.44418491068063,0.0348235301789828,1.93426775105763,0.0175195943447761,0.336787556298077,0.0169823637697846,0.320772060018498,0.0312931436346844,0.188502677483484,0.00132187712006271,1.11987281095935,0.0073432995704934,11.5408430130919,0.00681721325963736,0.727902958751656,0.000820512825157493,1.77649517962709,0.0184210530132987,0.286374146584421,0.00095808383775875,0.00282485876232386,0.0340667143464088
0.00240153691265732,0.130253134702798,0.0331674952758476,0.507651960215298,0.0346279821824282,9.31221297715092,0.0155450237507466,0.976305110554677,0.0175953079015017,6.7435317474883,0.00273597805062309,0.666137375519611,0.00662650616141036,0.669253145169932,0.0178107605315745,0,0.0184842885937542,0.309295531769749,0.088945358293131,0.158739966340363,0.354778278619051,3.83763372676913,0.129664938896894,0.308473507873714,0.362506479723379,0.960306079126894,0.293398532085121,2.72857131040655,0.045564376632683,11.1548086395487,0.971999975445215,1.2848885578569,0.076683938910719,0.0987575674662367,0.0852534561417997,0.0987654365599155,0.00939849647693336,0.951185497222468,0.00633770931744948,1.11950791929848,0.00130718958098441,0.915755595080554,0.0650563590461388,0.199244244722649,0.0335675248061307,0.0960495723411441,0.0745098061161116,0.154423261119518,0.000806451600510627,0.0365296800155193,0.0050050049321726,0.0098039218573831,0.000923361047171056,0.000910332251805812,0.00127673160750419,0.427132717333734,0.00979519169777632,0.0908256887923926,0.0134048261679709,0.0196513473638333,0.0113331339671277,0.0359918207395822,0,0.0398245030664839,0.0147569445543922,0.0457796864211559,0.143692953424761,0.329430114885326,0.0522105253767222,0.141550312691834,0.631050218245946,2.98160065006232,0.0292728985659778,2.88728588679805,0.0338983054971322,0.673417726065964,0.145617977133952,1.3312331570196,0.00647249165922403,0.0973111409693956,0.00876643729861826,0.350077686132863,0.00926315772812814,2.6677795550786,0.00534147256985307,0.298943948931992,0.00920716125983745,3.34392452461179,0.00253421196248382,0.186553035862744,0.585665520862676,0.109739368781447
2.25000010058284,0.0166236743680201,0.180170282721519,0.00901352043729275,0.0462427753955126,0.0162703382084146,0.228753989562392,0.00746578158577904,0.230559346498922,0.00369685760233551,9.78797286748886,0.0123775145038962,2.22700721060392,0.0031834461260587,1.63026002910919,0.0184842885937542,0,0.0494777353014797,0.0607476616278291,0.0188111356692389,0.0274240933358669,0.013875124277547,0.013587835652288,0.00544535205699503,0.0355292363092303,0.00661813362967223,0.00273037538863719,0.00724637706298381,4.84764781594276,0.0820929168839939,0.0552083362126723,0.0108577637001872,0.40604752721265,0.172723723691888,0.517301054322161,0.321153846452944,0.368217063951306,0.119668995495886,0.117863718420267,0.0448113214224577,0.145263151265681,0.00820512790232897,0.0744554445846006,0.0617760638706386,0.0887991916388273,0.04695304564666,0.0620967732393183,0.0221458565793,0.0715789441019297,0.0360852907178923,0.341334880387876,0.00967741920612752,0.0264817150309682,0,0.0462201345944777,0.0464949940214865,5.36503054993227,0.0534391541732475,1.09733773767948,0.0178640780504793,1.6134150713915,0.0160857907030731,2.50282491499092,0.0176248425850645,0.960556812118739,0.0198555955430493,0.570809641620144,0.256205951212905,0.111420615576208,0.0935203779954463,0.500621108571067,0.0514429103350267,1.71781533700414,0.0500610518502071,0.448173767188564,0.042000001994893,0.756230968749151,0.550548137631267,2.66735762567259,0.0264765797182918,5.04514159192331,0.0457038375316188,3.5286908952985,0.013215858489275,0.904332934995182,0.0299263357010204,0.301090901484713,0.021726700826548,0.109922754345462,0.0104281011153944,0.0497175152413547,0.0683371326886117
0.00733176211360842,2.90923745231703,0.0139318892033771,0.281390404998092,0,0.0905619219411165,0.00649087224155664,0.439786435803398,0.00117577891796827,0.0398277709027752,0.00649350648745894,7.43422241689404,0.00336134457029402,0.916302780155092,0.00765957433031872,0.309295531769749,0.0494777353014797,0,0.124866211262997,0.28206014726311,0.0159235671162605,0.0739549826830626,0.0282621769583784,0.0313613694161177,0.00630517024546862,0.0160366559866816,0.00117647054139525,0.0173374614678323,0.0869905935251154,16.054649415426,0.0631090481765568,0.116514202964026,0.465098032203969,0.582677150261588,0.263120063929819,0.197647055843845,0.0112170504871756,0.124031009152532,0.0128755364567041,0.0248575871810317,0.0016877637244761,0.0280991735635325,0.0115942033007741,0.0452065468998626,0.0144339194521308,0.0697362539358437,0.00736648275051266,0.0154169580200687,0.00374707253649831,0.0523255812004209,0.00493015634128824,0.00810313102556393,0,0,0.00358680059434846,0.0263939285650849,0.0877742946031503,3.19402253464796,0.100037891417742,0.0875444847042672,0.051196806889493,0.115238094003871,0.0239401487633586,4.75401083991164,0.0122511489316821,0.0750713988672942,0.595723043661565,0.845626066380646,0.279802964068949,1.12471130932681,0.122493222123012,1.77364671346731,0.0214326011482626,4.24345979630016,0.0112179488642141,0.493927116622217,0.123404251411557,0.873734694905579,0.0166666670702398,9.1947412508307,0.0161460158415139,5.06170047540218,0.0108374387491494,0.180399805540219,0.0093935064796824,0.331950200488791,0.00248447200283408,0.065524191595614,0.00444321008399129,0.0402165523264557,0.546428574481979,0.0736747544724494
1.51488613570109,0.262016545864753,13.0771889777679,2.00000003702007,0.00944510009139776,0.0557707194238901,1.31431592046283,1.65449541021371,0.00571428571129218,0.0514000770635903,0.274162495043129,0.727334949828219,0.252416762523353,1.26336860761512,0.0154888671822846,0.088945358293131,0.0607476616278291,0.124866211262997,0,11.8281165717053,0.0478802975267172,0.0441545411013067,7.16515368327964,1.36090019677067,0.0248393997899257,0.0168336670612916,0.0171498575946316,0.0135363787412643,0.272038783412427,0.645423314534128,5.92906344647054,1.92993624630617,13.6016974183731,10.0090316835558,0.589719644223806,0.129446645500138,0.103475514741149,0.0383561658090912,0.123230000957847,0.0164179105777293,0.0372285414487123,0.00612557446584105,0.00113992590922862,0.00904977408936247,0.00337154429871589,0.0033489617635496,0.0138568128459156,0.00610602291999385,0.000693481299094856,0.0035549234598875,0.0031818182033021,0.000577367201913148,0,0,0.0169635278871283,0.0296296300366521,0.53022876434261,0.176322415354662,0.250885471177753,0.0123630235902965,0.0569603391340934,0.0175500172190368,0.0261437909211963,0.0439560461090878,0.00443131453357637,0.0081249998183921,0.755612597451545,0.263715558685362,8.96509563096333,1.47279324143892,1.63608322746586,2.59581072954461,0.501982549438253,0.84134251245996,0.128192290663719,0.476814501918852,0.492963115219027,1.43412037985399,0.0030785019043833,0.0417090543778613,0.016120066458825,0.0609470217023045,0.0129543005023152,0.027857142558787,0.0113354586064816,0.0296546553727239,0.00169563374947757,0.026344675803557,0.0151724139286671,0.00648228189675137,0.972712645190768,0.446831375360489
0.182911125768442,2.9717291862471,0.72873804892879,15.1842932339641,0.00380083627533168,0.0875748535618186,0.130351875908673,3.55223886179738,0.0015748031437397,0.0467185777961276,0.0349832527572289,1.48025230155326,0.0325117988977581,1.46138827560935,0.00376293493900448,0.158739966340363,0.0188111356692389,0.28206014726311,11.8281165717053,0,0.0668257765937597,0.108497361768968,0.363505399378482,2.23100136732683,0.00824742252007127,0.0177949704229832,0.00472627021372318,0.0162999180611223,0.0760837506386451,0.962017617886886,1.54709425312467,0.958847734727897,1.6482738633058,4.27195137366652,0.0475336309755221,0.0198675496503711,0.0732265468686819,0.0627599229919724,0.134665187797509,0.0209386287024245,0.0167984196450561,0.0234260614961386,0.00277854967862368,0.0158590312348679,0.00458115187939256,0.00715214561205357,0.016319639631547,0.0119144327472895,0,0.00482259748969227,0.00178173719905317,0.00112549238838255,0,0,0.0286738355644047,0.0423772592330351,0.256317683786619,0.763494016835466,0.129384707543068,0.029597150743939,0.030673251778353,0.0898264688439667,0.0140646973159164,0.128435059217736,0.00500357412965968,0.0237082056119107,0.336479958205018,0.226884950185195,4.04043214931153,4.10190591379069,0.627421763609163,3.57571223925333,0.108728946768679,1.73377580475062,0.123622422222979,1.081967206439,0.605369636847172,2.57069220248377,0.00294261903036386,0.0875486381119117,0.0108459871262312,0.135445361811435,0.00697106996085495,0.0505190318799578,0.00278940028510988,0.0782576625933871,0.0016333197709173,0.0637619546614587,0.0202702707611024,0.0182280628068838,2.04798372974619,0.695696682436392
0.0119165842188522,0.0232399171218276,0.0272904485464096,0.0821917828288861,0.0523138814605772,1.22125600744039,0.0290416268398985,0.044141816906631,0.03765227063559,0.0716981142759323,0.0304761901497841,0.0290697673335671,0.0330730369314551,0.0235897427191958,0.645618536858819,0.354778278619051,0.0274240933358669,0.0159235671162605,0.0478802975267172,0.0668257765937597,0,2.08968620374799,0.082278483081609,0.0607569739222527,1.94670046772808,2.42405051551759,0.862527708755806,1.91187273617834,1.18700110819191,0.211608229437843,3.44731034431607,1.09304145828355,0.0285388116026297,0.0430861728964373,0.020236087962985,0.0251572318375111,0.259898483753204,0.121031753020361,0.362101313658059,0.102383054792881,1.00775196449831,0.101941748522222,0.00917431153357029,0.0180995482951403,0.00422832963522524,0.005559416487813,0.0208659353666008,0.0175097276223823,0,0.00631911540403962,0.00280406582169235,0.00104329676833004,0.00195503421127796,0,0.0291457283310592,0.0850873260060325,0.0220961482846178,0.0142990361782722,0.010863661300391,0.00198807148262858,0.00904977379832417,0.00153609830886126,0.00662800343707204,0.00769230804871768,0.00516795879229903,0.002419842639938,0.0153354629874229,0.0340740740066394,0.0178571428405121,0.0513918623328209,4.59407830028795,2.22890401992481,0.299487168435007,0.331162797752768,0.502222234383225,0.443935906514525,0.397412204765715,0.394810011726804,0,0.00477326987311244,0.010726474924013,0.0132401621667668,0.691558440914378,0.102154828608036,0.0107343254494481,0.0132240151287988,0.10344827407971,0.261382802855223,0.044951836054679,0.0142810770776123,0.40372671559453,1.86031748587266
0.00332336319843307,0.0603980766609311,0.0117416832363233,0.156186025240459,0.0325865596532822,10.5454545356333,0.00873786426382139,0.100777017069049,0.0336700351908803,0.305343512445688,0.00963391154073179,0.052785923704505,0.00646651274291798,0.0454076388850808,0.023376622935757,3.83763372676913,0.013875124277547,0.0739549826830626,0.0441545411013067,0.108497361768968,2.08968620374799,0,0.060413355473429,0.0811623256886378,0.44587627495639,1.44017101125792,0.325842699967325,14.5664593526162,0.0551090687513351,0.896467763930559,1.70855019392911,1.20599839184433,0.0413793101906776,0.057459675706923,0.0550774522125721,0.0817204318009317,0.0719424488488585,1.19477907195687,0.100569259142503,5.93041909625754,0.00533333327621222,3.54999992065132,0.0143589738290757,0.0318906619213521,0.00426439242437482,0.0238262078491971,0.0356955379247665,0.0410958901047707,0.00301886792294681,0.0143540668068454,0.000703977479133755,0.0031496062874794,0,0.00383877148851752,0.0141557131428272,0.489869428798556,0.00539406639290974,0.034321372222621,0.00984144292306155,0.00800000037997961,0.00454959052149206,0.0139534883201122,0.00167364021763206,0.0132743362337351,0.00348128797486424,0.00975015200674534,0.0493906366755255,0.095238097012043,0.0590163934975863,0.162689806893468,1.8299516440602,6.74190384219401,0.0623052986338735,1.11194730887655,0.12328766612336,1.69411757960916,0.239252343773842,1.01218370720744,0.0102564105764031,0.0343980337493122,0.00392349204048514,0.0384189125616103,0.0163934426382184,0.599516517017037,0.00685099128168076,0.0647386567434296,0.00999999977648258,3.28279377578292,0.00931565754581243,0.0827631149441004,1.32258062483743,0.818481873720884
0.0424278150312603,0.0240192149067298,7.69891236920375,1.38883839186747,0.811357714817859,0.44766504492145,2.18413408950437,1.17396115660085,0.214598040271085,0.127156547270715,0.0602564121363685,0.0522344751516357,0.37720743304817,0.435820915969089,0.106570951582398,0.129664938896894,0.013587835652288,0.0282621769583784,7.16515368327964,0.363505399378482,0.082278483081609,0.060413355473429,0,9.20549319998827,4.47795671049971,0.504970200941898,0.927994601079263,0.570141998527106,0.3127614982659,0.294844260904938,9.88094573642593,4.52373846637784,4.22135002812138,0.537629099155311,0.645137062354479,0.0942285032942891,0.049099835450761,0.0435347631573677,0.0293367340927944,0.0174836085643619,0.0032560033723712,0.00483481062110513,0.00595238129608333,0.00625325669534504,0.00630553165683523,0.00455970363691449,0.00451467273524031,0.00969461922068149,0.000587026705034077,0.00179856119211763,0.00528133258922026,0.00050163030391559,0.000646621396299452,0,0.00640394107904285,0.0130141763947904,0.0668019932345487,0.02912804891821,0.0301713118096814,0.0024497794220224,0.00794392547686584,0.00355871894862503,0.00427220016717911,0.0097686379449442,0.00247601373121142,0.00376040826085955,0.181923077092506,0.0578616356360726,0.178679580858443,0.0639147777110338,0.214308629743755,1.00935179390945,0.120197040843777,0.273449919768609,0.0333333337912336,0.0550458719953895,0.143401012290269,0.240711328980979,0.000809061515610665,0.0088388912845403,0.0106770200072788,0.0162873253575526,0.0169594178441912,0.015648509724997,0.00389041984453797,0.0129892321419902,0.00277585000731051,0.031941031338647,0.00533552211709321,0.00621238583698869,0.0484949828824028,0.109014675836079
0.0100634434784297,0.0446827529231086,1.48012103309156,10.6850027261244,0.206760999164544,2.26460340991616,0.759591699985322,1.89808916990296,0.11496126948623,0.296551730541978,0.0276923077180982,0.0792891290038824,0.206063859164715,0.738857134943828,0.0696324929594994,0.308473507873714,0.00544535205699503,0.0313613694161177,1.36090019677067,2.23100136732683,0.0607569739222527,0.0811623256886378,9.20549319998827,0,1.08982037869282,0.959167315275408,0.227569333277643,0.302492611226626,0.165254244406242,0.519975020375568,3.09666311106412,3.92859667155426,0.459721362276468,0.234630580991507,0.101726553635672,0.0177602365147322,0.0197238652617671,0.0555121198412962,0.0336391448508948,0.0171449865447357,0.00722767156548798,0.0163098871707916,0.00170842831721529,0.0114526822580956,0.0026945099234581,0.00602208101190627,0.00980674929451197,0.0122018858091906,0,0.00355113646946847,0,0.000576867605559528,0.000777302775532007,0,0.00677966116927564,0.0195611939416267,0.0110226579126902,0.0293685749056749,0.00294898258289322,0,0.00212765950709581,0.0028050490655005,0.00145085237454623,0.0148367951624095,0.00368867564247921,0.00561973132425919,0.0337606840475928,0.0235294122830965,0.031631920253858,0.0378421904169954,0.184058528975584,1.83882214268669,0.0554455438395962,0.437333328649402,0.0370000017574057,0.0936084499116987,0.126139819156379,0.206922789104283,0.00204918021336198,0.00711020838934928,0.00333240756299347,0.0229561956366524,0.00790798006346449,0.0399571876041591,0.00247831468004733,0.0243856677843723,0.00169348006602377,0.0657894741743803,0.00643234531162307,0.00690995482727885,0.103632483747788,0.189812330296263
