0,0.094193781435024,6.87669364863541,0.110017749102553,0.00607231579488143,0.00493962684413418,5.41488582937745,0.0715819624019787,0.0301844602217898,0.00327242980711162,5.00869104254525,0.0384032339788973,2.74323216453195,0.0236894051777199,0.267400141630787,0.00565504236146808,2.0573926512152,0.0376016246154904,2.46259713202016,0.509820483363001,0.0163988195708953,0.00259993504732847,0.0592564640683122,0.0242152459686622,0.0011761246714741,0.00225479132495821,0.012535612215288,0.00172612199094146,3.56459773299866,0.0445165783166885,0.48539212893229,0.0555412711109966,2.58651429094607,0.559793152468046,0.0733146931743249,0.0140980454161763,0.366573825245723,0.0110895477700979,0.343110143439844,0.0100635593407787,0.335641273937654,0.00131018669344485,0.00514028698671609,0.00183234084397554,0.00444115453865379,0.00150375935481861,0.0237362642074004,0.00256081949919462,0.00404858309775591,0.000497512461151928,0.0420899853343144,0,0.00221116631291807,0,0.0463533928559627,0.0183523655869067,13.5943140338932,0.0799460267589893,1.02119116508402,0.0182173062348738,2.00250004848931,0.0172588836867362,1.13996365980711,0.0341841383487917,0.090407362440601,0.00467180565465242,0.583855266915634,0.139568604936358,6.4636204058188,0.279017235152423,1.36101185489679,0.142385927145369,4.14695422642399,0.0852226135320961,1.00714283814887,0.0584225880447775,0.765319769852795,0.167570501100272,0.0343801646959037,0.0163719712872989,0.327009167493088,0.0219086526194587,0.254592493409291,0.00307613436598331,0.309199956594966,0.0100046899169683,0.020348837133497,0.00262605055468157,0.0429121572815347,0.000698689953424037,0.0695059653371572,0.0349075987469405
0.094193781435024,0,0.0761136453365907,4.12520598387346,0,0.031863444019109,0.0168269237037748,3.04929991348763,0.00115975644439459,0.0243075194302946,0.00619195034960285,5.39096368208993,0.0105329680081923,1.20045144934556,0.000987166888080537,0.0442284316814039,0.0113314448390156,3.64223812142154,0.308043884579092,2.83933991694357,0.0109589044004679,0.0325644509866834,0.0456479676067829,0.102516736602411,0.00122249394189566,0.00467973109334707,0.00059154094196856,0.00717060081660748,0.0469083147472702,2.10659654237679,0.128809962538071,0.137765953084454,0.258125292253681,1.11923755321186,0.0155339799821377,0.00668449210934341,0.0624097085092217,0.0943070757202804,0.0648493521148339,0.0131615032441914,0.0117079891497269,0.00820793467573822,0.000881057290825993,0.00896860964712687,0.00152905192226171,0.00725200714077801,0.00723818130791187,0.00833881954895332,0.000523149385116994,0.00257003353908658,0.000743080046959221,0.00227376076509245,0,0,0.0161784001102205,0.0272251300339121,0.0642625169130042,9.72413822310045,0.0257234731689095,0.120035697356798,0.0235495610104408,0.386775139835663,0.00806018302682787,0.96219768980518,0.00108813925180584,0.0486512532806955,0.054458088503452,0.189680777606554,0.372756085474975,1.72450170770753,0.158494864590466,1.29267598106526,0.048697620513849,2.30973946599988,0.036597763421014,0.598916001152247,0.166851439804304,0.916549612535164,0.000690607761498541,0.157948716601823,0.00263042526785284,0.343161503842566,0,0.0254506906494498,0.00298151455353945,0.0877472855790984,0.000604047090746462,0.0212014127173461,0.00826446281280369,0.0139385279326234,0.459016406908631,0.119584672502242
6.87669364863541,0.0761136453365907,0,1.16535189779825,1.82721954130102,0.360031704709399,19.56325758202,1.08001126415911,1.75786932511255,0.183920125709847,1.29494898184203,0.172809372714255,4.01316052247421,0.398041728476528,0.93333331681788,0.0593200986622833,0.260136917466298,0.0225766880903393,9.43755408120342,0.831350016815122,0.0552070257253945,0.0398009940981865,4.11401261104038,1.59773863881128,0.397175150166731,0.270138330641203,0.133735273731872,0.291562945523765,3.02249936386943,0.211590300954413,4.88097000762355,0.862959281890653,7.42578623816371,0.464016750338487,0.122692076140083,0.00674846622860059,0.252614631084725,0.0154831824474968,0.188649087329395,0.0127713923575357,0.135561160277575,0,0.00831946730613708,0.000443951168563217,0.00572519085835665,0.00145313632674515,0.0298571118037216,0.00580310897203162,0.000488878053147346,0.000480884831631556,0.0180499027774204,0.00042863265844062,0.00745275465305895,0,0.0210656747804023,0.0138806269387715,0.578525917371735,0.0524060632742476,0.209000428643776,0.00378947361605242,0.168050215288531,0.00833537621656433,0.0802004989236593,0.0220896836253814,0.0141987826209515,0.000904977379832417,0.228299637325108,0.0364215000008699,0.826429991051555,0.0695652142167091,1.26006356166909,0.743447197135538,2.71999987587333,0.256842093542218,0.831935374240857,0.0639751540729776,0.765221914392896,0.184478711569682,0.00758533529005945,0.00626370194368064,0.111387164070038,0.0144796376116574,0.157842153450474,0.0118811884894967,0.0702408226788975,0.00611995114013553,0.0150880134897307,0.00760070979595184,0.0239628046110738,0.00238744885427877,0.0871828265953809,0.106501139933243
0.110017749102553,4.12520598387346,1.16535189779825,0,0.00774818379431963,3.40158999490086,0.705430640955456,17.1764553141256,0.0328029388911091,2.82798269751947,0.0606349964800756,1.86338182538748,0.241872555285227,2.14093952372787,0.0264505111263134,0.487476315291133,0.0168026887695305,0.240378122718539,1.34876297146548,9.233879938256,0.0438695180928335,0.0719866103609093,2.19049267406808,15.9605398862623,0.0701125884661451,0.616029593220446,0.0124471000162885,0.0401707272976637,0.194770438596606,0.990871379734017,2.80925378686516,2.83166514057666,0.51945923443418,1.51981355343014,0.0193236710038036,0.0060639472794719,0.158652672689641,0.0700048631988466,0.149478280101903,0.0107401352724992,0.0305084752617404,0.00730337086133659,0.00386398751288652,0.00779807078652084,0.0013157895009499,0.0106737823225558,0.0130512161704246,0.0123242828994989,0,0.00220896836253814,0.00166140554938465,0.000794596737250686,0,0.000479156675282866,0.0318618048040662,0.0269820741086733,0.0317558192764409,0.871037903532851,0.0120240479009226,0.0379054325749166,0.0120595442131162,0.186642682965612,0.00458926107967272,0.284780383692123,0.00231910948059522,0.0250626570777968,0.0290967220498715,0.0743691921234131,0.102169984485954,0.574110694928095,0.361969105142634,3.08612793625798,0.209213046124205,1.79222643870162,0.122107604867779,0.509476044797339,0.491988685447723,0.917282495880499,0,0.046616121311672,0.00808003093698062,0.184965208754875,0.00777676116558723,0.034482758725062,0.00517429181491025,0.0703939726226963,0.00152014195919037,0.0245654695609119,0.017785235599149,0.00898587959818542,0.48285879031755,0.340624094940722
0.00607231579488143,0,1.82721954130102,0.00774818379431963,0,0.261587290791795,0.368108567781746,0.0020341741037555,10.7249839003198,0.0625782238785177,0.0619962811470032,0,0.360527244512923,0,4.61647741030902,0.025747126666829,0.069182388833724,0.00107123726047575,0.000821018067654222,0.000750187551602721,0.32040814938955,0.08928571944125,0.471207434893586,0.118778755073436,4.50600611511618,0.470588224008679,4.88272016285919,0.690831572748721,1.90618151077069,0.0115864524850622,3.95090023311786,0.114285719580948,0.00173460540827364,0.00233281496912241,0.0069565218873322,0.00190114066936076,0.130177520331927,0.0039011703338474,0.0129449833184481,0.00234329234808683,0.746888006106019,0.00406504049897194,0.00692307692952454,0,0,0,0.0306328096194193,0.00152846775017679,0.00531067431438714,0,0.0116177753079683,0,0.00903808907605708,0,0.0349278651410714,0.000705467362422496,0.00869342882651836,0,0.00331400171853602,0,0.0117173194885254,0,0.0202020211145282,0,0.00921658985316753,0.000904159154742956,0.00597988563822582,0.00174013915238902,0.00108225108124316,0,2.77295912685804,0.0739324404858053,0.762562805903144,0.0163316581165418,0.106824920978397,0.015810277312994,0.0611510805319995,0,0.0439330532681197,0,0.147215870267246,0.000602954474743456,1.04454346024431,0.00655021844431758,0.108221477014013,0.000924214429687709,0.266958427615464,0.00805060402490199,0.0656028369558044,0,0.00230946880765259,0.00234466581605375
0.00493962684413418,0.031863444019109,0.360031704709399,3.40158999490086,0.261587290791795,0,0.25839139544405,1.24610084830783,0.318954257760197,26.7276102080941,0.0171358631923795,0.0418848171830177,0.126591233012732,0.113898844050709,0.0796999514568597,7.67577408743091,0.0260707646375522,0.0540254238294438,0.0341880354098976,0.0476367697119713,2.00199794629589,6.32653059088625,0.567210078588687,4.51409618626349,2.49963042931631,13.923999850871,1.28590976586565,13.9481795997126,0.218071249430068,2.09977919212542,5.97195230424404,5.64258567942306,0.0292221736162901,0.0401079840958118,0.042698546894826,0.0447343904525042,0.0272373540792614,1.02245032286737,0.0510855671018362,3.25115743163042,0.0101522845216095,1.0845771653112,0.0198397552594543,0.0785159646184184,0.0179551115725189,0.0411946466192603,0.0231814548023976,0.132676272187382,0,0.0141987826209515,0.00173210160573944,0.00484066153876483,0.00127388536930084,0.00247066095471382,0.00602636532858014,0.374649868754204,0.00457782304147258,0.038649833004456,0.00410677632316947,0.00468201341573149,0.0109011627500877,0.014799154130742,0.00554631173145026,0.0290598293067887,0.00682982336729765,0.00895656063221395,0.0481081092730165,0.0980109511874616,0.0085607273504138,0.0361687870463356,2.36123347701505,8.42138351348694,0.126472413539886,3.03409799933434,0.191860464401543,2.26331078505609,0.381290712859482,0.934146342333406,0.00409416574984789,0.0377733581699431,0.0196746116271242,0.126423012756277,0.0275178870651871,1.99244466214441,0.00584673217963427,0.167394799995236,0.0129310344345868,4.31704531784635,0.0041116006905213,0.104432959109545,1.57384434482083,0.379862682893872
5.41488582937745,0.0168269237037748,19.56325758202,0.705430640955456,0.368108567781746,0.25839139544405,0,0.71998015709687,2.32412758481223,0.134453782811761,2.49801039265003,0.0696891699917614,12.0077069491672,0.208775648206938,1.02351156066288,0.0408469190006144,0.218434338195948,0.0127261877059937,1.18792422799743,0.238160597742535,0.0468372780887876,0.0215827340434771,2.08792243970674,1.06500986980973,0.210057850228623,0.191338075208478,0.0873343460261822,0.198292846558616,2.99797899049008,0.138734740176005,2.94574574570288,0.58570854505524,0.960863224958302,0.139867460879032,0.0347866422089282,0.00189843378029764,0.133674991840962,0.00936170195927843,0.138941997051006,0.0036968577769585,0.0814348014537245,0.000482392671983689,0.00624783081002533,0.000732734915800393,0.00310921110212803,0.000786936841905117,0.0166578063799534,0.00138432253152132,0.00515361758880317,0,0.0172596517950296,0,0.0059435362345539,0,0.0144927530782297,0.00566950161010027,0.535275003378047,0.019367701257579,0.0685078913520556,0.00210378679912537,0.237230607192032,0.00357639568392187,0.140776703716256,0.0080277324304916,0.0249081265064888,0.000744324526749551,0.0605174710799474,0.0154311649384908,0.11417165317107,0.015968925319612,1.00718818843598,0.368632432073355,2.14177541277604,0.122843924676999,0.729930523433723,0.0263536171405576,0.692339547676966,0.076553024671739,0.00922778024687432,0.00144682903192006,0.155255882098572,0.0058651024592109,0.152480838471092,0.00720865046605468,0.125598991289735,0.00160213618073612,0.0110302229586523,0.00530503960908391,0.0253589975764044,0.000586682290304452,0.0287984110182151,0.054794522584416
0.0715819624019787,3.04929991348763,1.08001126415911,17.1764553141256,0.0020341741037555,1.24610084830783,0.71998015709687,0,0.0172449193778448,3.21451607963536,0.0406030146405101,5.16320685378741,0.223374939407222,7.47915215138346,0.0204603588208556,0.76611881138524,0.0100969307823107,0.378657483961433,1.17695760785136,2.14797612873372,0.033164439490065,0.0421052639139816,2.03276700922288,4.31983306497568,0.0204516397789121,0.105763271450996,0.00249843840720132,0.0272593839326873,0.149211414594902,1.68105596420355,2.65332045604009,2.64608257357031,0.422724073636346,1.13751263052109,0.0199468078790233,0.00317172639188357,0.0761826722882688,0.06571428567986,0.0660281242453493,0.0106529884797055,0.0189551543153357,0.00506212617619894,0.00234820536570624,0.00706838676705956,0.00187055746209808,0.00378572789486498,0.00616121850907803,0.0100351226865314,0,0.00188217585673556,0.000881704618223011,0.00137457042001188,0.000407249026466161,0.000806451600510627,0.0126751170610078,0.0290463119745255,0.0173243508324958,1.08031013506115,0.00796398869715631,0.0247289977851324,0.00689315580530092,0.176189571124269,0.00505443243309855,0.441119529132266,0.00117693209904246,0.0222461429075338,0.0244283483480103,0.0575624096672982,0.0706333986017853,0.239139429642819,0.24259635002818,2.41330356948311,0.138473957747919,1.23294305236777,0.0782071817375254,0.264288979815319,0.350298215751536,0.447299727064092,0,0.0690131113515235,0.0033422460546717,0.265309176233131,0.00387747189961374,0.0288794763037004,0.00393603928387165,0.0827048129285686,0,0.0219564796425402,0.013637711526826,0.0111142776149791,0.195364238228649,0.21921707916772
0.0301844602217898,0.00115975644439459,1.75786932511255,0.0328029388911091,10.7249839003198,0.318954257760197,2.32412758481223,0.0172449193778448,0,0.0888602742925286,0.294642851105891,0.00108459871262312,3.7226647491334,0.00245398777769879,19.2452833353309,0.0253521133563481,0.235598696395755,0.00329308456275612,0.00669176084920764,0.00152613501995802,0.175401072949171,0.0706126717850566,0.461538464587647,0.138959933829028,1.05205907532945,0.297071130364202,2.16045853169635,0.674008800764568,4.44901601679157,0.0109140516724437,3.30201343819499,0.155492965131998,0.014153029769659,0.00474871380720288,0.00361990951932967,0.00595829193480313,0.074525746749714,0.00535833882167935,0.0479999994859099,0.00962695572525263,0.0348204560577869,0,0.0258317035040818,0,0.00618875725194812,0,0.0689655176829547,0.00233281496912241,0.00652883551083505,0,0.0311948189628311,0.000828843738418072,0.0359042541822419,0,0.0417149467393756,0.00215053756255656,0.0362131418660283,0.00104849284980446,0.0168847618624568,0.00160192232578993,0.0305286677903496,0,0.0529648836236447,0,0.0212891770061105,0.000922934908885509,0.0121078703086823,0.00176315009593964,0.0022185246925801,0,3.08338810410351,0.0853018369525671,1.07821593456902,0.0232708475086838,0.287784684449434,0.00827300921082497,0.139248303021304,0.0177890716586262,0.0724478603806347,0,0.371750102378428,0.00244498788379133,1.34209029492922,0.0134303304366767,0.172348080115626,0.00233481201576069,0.168929113075137,0.00708382506854832,0.047918539494276,0,0.00487210741266608,0.00495049497112632
0.00327242980711162,0.0243075194302946,0.183920125709847,2.82798269751947,0.0625782238785177,26.7276102080941,0.134453782811761,3.21451607963536,0.0888602742925286,0,0.00724200345575809,0.0527677210047841,0.0729568582028151,0.277821619063616,0.0204081634292379,12.3479048197623,0.0159118729643524,0.0460491883568466,0.0298387092188932,0.0309963093604892,0.296875,0.593155888840556,0.386072095483541,2.40492821484804,0.844476741040125,6.0512148141861,0.254545444040559,2.72088212426752,0.0911827951204032,1.49475522805005,2.59776242217049,3.58905578730628,0.0229787229909562,0.0183486244641244,0.0150753767229617,0.0237226275494322,0.0319488812237978,0.297092298860662,0.0213971050688997,0.21245003817603,0.00992063549347222,0.118677042773925,0.00907715549692512,0.0375907719135284,0.00788954645395279,0.017302799038589,0.0150495047564618,0.0616309676552191,0,0.00601503741927445,0.00114711781498045,0.00239808153128251,0,0.00121802685316652,0.000746826000977308,0.0882250805734657,0.00353982305387035,0.0297131130937487,0.0024410089245066,0.00618716143071651,0.00432432442903519,0.00731070491019636,0.00219058059155941,0.0110029621864669,0.00224719103425741,0.00886524794623256,0.0236368519254029,0.0475372302462347,0.00317124731373042,0.0197889190167189,0.486352353356779,3.79293248057365,0.0464547697920352,1.85330081591383,0.0985781978815794,0.875000026077032,0.239485973725095,0.386049310793169,0,0.0447035955730826,0.00450112530961633,0.0648616481339559,0.0108695647213608,0.738805987522937,0.00166251044720411,0.0933211339870468,0.00282685505226254,0.729108281666413,0.00233372231014073,0.0345945954322815,0.140659347176552,0.218506137374789
5.00869104254525,0.00619195034960285,1.29494898184203,0.0606349964800756,0.0619962811470032,0.0171358631923795,2.49801039265003,0.0406030146405101,0.294642851105891,0.00724200345575809,0,0.0215605756966397,13.3433352982975,0.0172616707859561,2.70474428730085,0.00268576538655907,9.2104304889217,0.00934579479508102,0.282965927268378,0.0704587139189243,0.0115495668724179,0.0112464856356382,0.128914566012099,0.0718367346562445,0.0129403310129419,0.00520156044512987,0.0266666663810611,0.0163710778579116,3.36581199441571,0.0208423789590597,0.400634243967943,0.046833423897624,0.245243135723285,0.0706955547211692,0.0413564936025068,0.00360036012716591,0.131645570509136,0.00876643729861826,0.138403994729742,0.0067950168158859,0.107526881620288,0.00191754556726664,0.0188040619832464,0.000848896452225745,0.00881057255901396,0.00404040422290564,0.0291338581591845,0.000747384154237807,0.0102986616548151,0.000995024922303855,0.0548258163034916,0,0.0186567159835249,0,0.0259933166671544,0.00414651003666222,4.67204033653252,0.00714467978104949,0.173877881024964,0.00538254511775449,0.726881696144119,0.00207253894768655,1.17110268818215,0.00588730029994622,0.0746518124360591,0.00176133867353201,0.0679507733439095,0.0199600795167498,0.121657053939998,0.0313520561903715,0.381069445284083,0.087223585578613,1.55178673274349,0.0218049657996744,0.495327117969282,0.0280112045584247,0.314997112378478,0.0393325384939089,0.157635472714901,0.00191570876631886,1.14882508292794,0.00473933666944504,2.36657681816723,0.00423056585714221,0.329397130262805,0.000455892411991954,0.0349650363205001,0.0011123470030725,0.0296253270353191,0.000538357999175787,0.0281081087887287,0.0285087721422315
0.0384032339788973,5.39096368208993,0.172809372714255,1.86338182538748,0,0.0418848171830177,0.0696891699917614,5.16320685378741,0.00108459871262312,0.0527677210047841,0.0215605756966397,0,0.0235518767731264,11.0513272107346,0.000817327352706343,0.459760963160079,0.00519480498041958,10.9118985880632,0.694334162515588,1.45484842883889,0.0106463875854388,0.0342516760574654,0.14474052877631,0.404255325149279,0.00359928002581,0.00992282282095402,0,0.00688863359391689,0.0435779831022955,14.193873635726,0.444649451877922,0.472389787086286,0.225672088097781,0.871000999468379,0.0161616154946387,0.00432588311377913,0.0775862066075206,0.0726107866503298,0.0478723389096558,0.0127326147630811,0.0138568124966696,0.00909780152142048,0.00272572413086891,0.0250759881455451,0.00517464440781623,0.0221631198655814,0.00355113646946847,0.0121951221954077,0,0.001749781309627,0.00211752252653241,0.00143215176649392,0,0,0.0148198045790195,0.0277602518908679,0.0155440413218457,2.20023841917282,0.00945798441534862,0.0201598883722909,0.00782778882421553,0.128739800304174,0.00283419928746298,0.539562912425026,0,0.0157047505490482,0.0323866479448043,0.0798308185185306,0.0961978943087161,0.294410639209673,0.13557540695183,2.33928583411034,0.0840685033472255,3.30773234774824,0.0312035655369982,0.390497412998229,0.171742386650294,0.4360286523588,0.00154918665066361,0.869696942158043,0.0027054448146373,0.304490702226758,0,0.0858329465263523,0.00195963162695989,0.0656229878368322,0,0.0115718417800963,0.0053777894936502,0.00801804102957249,0.333055783994496,0.178451174171641
2.74323216453195,0.0105329680081923,4.01316052247421,0.241872555285227,0.360527244512923,0.126591233012732,12.0077069491672,0.223374939407222,3.7226647491334,0.0729568582028151,13.3433352982975,0.0235518767731264,0,0.0796152784023434,11.6737000899157,0.0297549594542943,2.73513898160309,0.00448717962717637,0.314448347780854,0.0734881348907948,0.0214957455173135,0.0203449802938849,0.945349095156416,0.474753024464007,0.121470015496016,0.088579795032274,0.0720118803437799,0.0939849633141421,4.35257507604547,0.0526165287010372,1.54893058992457,0.277253499138169,0.325372302671894,0.075294116511941,0.014148980146274,0.00173535791691393,0.154289831058122,0.010032246587798,0.130092927371152,0.00540540553629398,0.0694632373633794,0.00178810907527804,0.037892553198617,0.000563380308449268,0.00988569669425488,0.0018903590971604,0.0723085150821134,0.00103359168861061,0.0133928568684496,0,0.077938669041032,0,0.037830120883882,0,0.0442500651115552,0.00831702537834644,1.8969790537376,0.00977899471763521,0.10689937369898,0.00158102775458246,0.544678694568574,0.00320102437399328,0.71762768633198,0.00391937303356826,0.0595516900066286,0.00346320332027972,0.0583941587246954,0.0212720697163604,0.0638503690715879,0.0249541278462857,0.827366165758576,0.191353647387587,2.10685418505454,0.0604569435818121,0.734982337802649,0.0211920524016023,0.491612450568937,0.0480501384590752,0.0416478040860966,0.00178731011692435,0.821677395608276,0.00393873095163144,1.17481143405894,0.00324149121297523,0.412888239952736,0.00250851106829941,0.0655487780459225,0.00200534763280302,0.0621091229841113,0.000407414947403595,0.0254837181419134,0.0360873684985563
0.0236894051777199,1.20045144934556,0.398041728476528,2.14093952372787,0,0.113898844050709,0.208775648206938,7.47915215138346,0.00245398777769879,0.277821619063616,0.0172616707859561,11.0513272107346,0.0796152784023434,0,0.00393700785934925,0.430086786160246,0.00554235943127424,1.65893680677982,0.81376039958559,1.185452491045,0.0187891444656998,0.0205761310644448,0.705232851498295,1.50646230112761,0.00176366837695241,0.0165631470736116,0.00168279348872602,0.00853606499731541,0.0590612363885157,7.64591182774166,1.0863127168268,1.2750362798688,0.249845765938517,0.496579234022647,0.00862895505269989,0.00603621709160507,0.0439560455270112,0.0363783346256241,0.0523982269805856,0.00605372665449977,0.0199999990873039,0.00104166672099382,0.000565610884223133,0.00494896387681365,0.00205479457508773,0.00700035016052425,0.00351185258477926,0.00225161830894649,0,0.00138552126009017,0.000456725276308134,0,0,0.000789265963248909,0.00896358583122492,0.00795544940046966,0.00949040643172339,0.880316926573869,0.00238805962726474,0.0115008628927171,0.00272702483925968,0.0498753105057403,0.0022075055167079,0.308448534575291,0,0.00635323987808079,0.0138678224757314,0.0387773719558027,0.0452586205210537,0.139534880407155,0.106230030069128,1.91297399299219,0.0862341793836094,1.55142408964457,0.0534155089408159,0.194045181269757,0.198156681843102,0.284931517438963,0,0.109318068134598,0.000562113535124809,0.144838936510496,0.00146412884350866,0.00867052003741264,0.000350631133187562,0.032674772432074,0.000866926740854979,0.0112149532651529,0.00185185181908309,0.00348432059399784,0.12430633045733,0.166573502705432
0.267400141630787,0.000987166888080537,0.93333331681788,0.0264505111263134,4.61647741030902,0.0796999514568597,1.02351156066288,0.0204603588208556,19.2452833353309,0.0204081634292379,2.70474428730085,0.000817327352706343,11.6737000899157,0.00393700785934925,0,0.0131723379017785,1.63500933116302,0,0.0207080836989917,0.00744416867382824,0.524057214846835,0.0166028093080968,0.306230211863294,0.060359446273651,0.918518531136215,0.0746195358224213,1.55277644097805,0.158778626471758,6.51003876706818,0.0157030690461397,3.35340865555918,0.0639192603994161,0.0286312840762548,0.00766773149371147,0.021077282493934,0.00248447200283408,0.765752780484036,0.0104961832403205,0.102710416540504,0.00441501091700047,1.98948746570386,0.00259403372183442,0.0677644069655798,0,0.0173092054901645,0.00242033076938242,0.144126361410599,0.00251968507654965,0.0237607536255382,0,0.0894776342902333,0.000663129962049425,0.0692928329808637,0,0.241228068771306,0.00353669305332005,0.26583128637867,0.00543232227209955,0.0619111699052155,0,0.124049865407869,0.000823384092655033,0.147008548257872,0.00139033712912351,0.0540540541987866,0.00144404335878789,0.0302100535482168,0.0134797803475522,0.0157938492484391,0.00394088681787252,3.49012226390187,0.0423131175921299,1.98976748425048,0.0102325583575293,0.346717651933432,0.00764331221580505,0.283917346503586,0.018373909406364,0.17305152467452,0.0012961762258783,1.21509432024322,0.00206451606936753,8.07986380532384,0.00669456087052822,0.59631993889343,0.00122799832024612,1.42249867459759,0.0130605138838291,0.490106530836783,0,0.00140449439641088,0.0042523032752797
0.00565504236146808,0.0442284316814039,0.0593200986622833,0.487476315291133,0.025747126666829,7.67577408743091,0.0408469190006144,0.76611881138524,0.0253521133563481,12.3479048197623,0.00268576538655907,0.459760963160079,0.0297549594542943,0.430086786160246,0.0131723379017785,0,0.0325644502881914,0.459003207739443,0.0222440301440656,0.0395497403223999,0.227357910946012,0.94659298856277,0.101791743654758,0.626826047897339,0.258064515888691,1.11904760706238,0.162948596756905,1.86982250958681,0.0654720875900239,14.8439792096615,0.816625894862227,1.00614501559176,0.0327980881556869,0.0363294712733477,0.0350084691308439,0.0514046638272703,0.0177404295536689,1.07642425852828,0.0193905819905922,0.649484545458108,0.00504731852561235,0.371339552104473,0.043464761110954,0.184372860880103,0.0253358929767273,0.0731707322993316,0.0367504823952913,0.248919091187418,0.00159744406118989,0.0209953347221017,0.00295275589451194,0.00909386132843792,0,0.00360522768460214,0.00122887862380594,0.329861113568768,0.00308914389461279,0.0611470663570799,0.0151565076084808,0.017704710830003,0.0137231508851983,0.0240770465461537,0.00582605064846575,0.0503401367459446,0.00763682636898011,0.0296505462611094,0.0804651179932989,0.206438930472359,0.0129607124254107,0.0382226472720504,0.799451823695563,3.07123282772955,0.0596475354395807,3.79213725309819,0.0404411779018119,1.44641759735532,0.145041507668793,0.834821433236357,0,0.336239092284814,0.0111008322564885,0.417470806860365,0.0107571369735524,5.25234395766165,0.00668027467327192,0.561729653272778,0.00301204808056355,2.39999997150153,0.00299625482875854,0.174888945475686,0.38063213287387,0.0922659444622695
2.0573926512152,0.0113314448390156,0.260136917466298,0.0168026887695305,0.069182388833724,0.0260707646375522,0.218434338195948,0.0100969307823107,0.235598696395755,0.0159118729643524,9.2104304889217,0.00519480498041958,2.73513898160309,0.00554235943127424,1.63500933116302,0.0325644502881914,0,0.064109300961718,0.0574433676083572,0.0407105832709931,0.0374015746638179,0.013409961364232,0.0404164104256779,0.0189534402452409,0.0102339182049036,0.00264026410877705,0.0176032494055107,0.0110880108550191,4.77686663344502,0.106140353076626,0.111289455555379,0.0107758620288223,0.406490166438743,0.156441714148968,0.65430017746985,0.599264708114788,0.353243423160166,0.430749663733877,0.0872865241253749,0.0757314967922866,0.108000005129725,0.0176470598671585,0.0963581175310537,0.192027430981398,0.0950495079159737,0.194174754433334,0.0715137063525617,0.0799095352413133,0.0646169858518988,0.0684448881074786,0.335728655569255,0.0240577384829521,0.0454258667305112,0.00367197068408132,0.0397003749385476,0.159526293631643,6.38510294258595,0.0508213569992222,0.942040815833025,0.0480993022210896,1.8077339445008,0.0513896176125854,2.18041803291999,0.0305732474662364,0.899548554094508,0.0996441273018718,0.663795412983745,0.801377708092332,0.144373680464923,0.0954907145351171,0.40024939016439,0.0560747645795345,1.31818179332186,0.113022110890597,0.571155680576339,0.0820610689697787,0.920187806710601,0.46163143729791,1.40120963566005,0.0509304590523243,4.3175318588037,0.0894721102667972,3.99017473566346,0.0471092071384192,0.668193166638957,0.0678276802645996,0.217484013643116,0.0394366215914488,0.0964912268682383,0.0167930660536513,0.0532150771468878,0.0157480321358889
0.0376016246154904,3.64223812142154,0.0225766880903393,0.240378122718539,0.00107123726047575,0.0540254238294438,0.0127261877059937,0.378657483961433,0.00329308456275612,0.0460491883568466,0.00934579479508102,10.9118985880632,0.00448717962717637,1.65893680677982,0,0.459003207739443,0.064109300961718,0,0.135321930865757,0.377979187294841,0.012374322861433,0.034822104498744,0.0395145348738879,0.0761834329459816,0.00364741624798626,0.0133928577415645,0.00114025082439184,0.018604651093483,0.0601387802744284,18.440359942615,0.0866728815017268,0.107829346088693,0.283314234169666,0.427036395296454,0.190020498819649,0.108424910577014,0.0294438373530284,0.316585636115633,0.0376749184215441,0.0396039616316557,0.0140955364331603,0.0277563601266593,0.0226570543600246,0.146360156417359,0.0208968222141266,0.134288269327953,0.00715819594915956,0.0361774738994427,0,0.0512367495102808,0.00958466436713934,0.0137134605902247,0.0010741138830781,0.00523286231327802,0.00339328136760741,0.114358317805454,0.0629734867252409,3.22645586589351,0.0872753961593844,0.146409811859485,0.0683311414904892,0.630036632530391,0.0286396185401827,6.72644385043532,0.0214738897047937,0.209108908195049,0.315130264556501,0.768412693578284,0.0906987494090572,0.622969215270132,0.133971290197223,2.15090327057987,0.047244094312191,6.38005246967077,0.0302114803344011,1.20754716917872,0.174659270094708,0.847826102748513,0.00315208826214075,15.4946076488122,0.0163543447852135,6.62093687459128,0.00284495030064136,0.200466199894436,0.00984058278845623,0.459383757144678,0.00237529701553285,0.0828460045158863,0.00378685403848067,0.0443436657078564,0.390161154791713,0.109777018427849
2.46259713202016,0.308043884579092,9.43755408120342,1.34876297146548,0.000821018067654222,0.0341880354098976,1.18792422799743,1.17695760785136,0.00669176084920764,0.0298387092188932,0.282965927268378,0.694334162515588,0.314448347780854,0.81376039958559,0.0207080836989917,0.0222440301440656,0.0574433676083572,0.135321930865757,0,7.49436266632983,0.0268528470769525,0.049735450418666,5.38764591314248,1.73479985829908,0.00271002715453506,0.00423549354309216,0.00258286704774946,0.00349497608840466,0.414163771201856,0.394113884773105,3.58968704432482,1.44263503263937,16.1744038324105,7.24724973994307,0.244094487279654,0.0227507753297687,0.147315852111205,0.0239669421571307,0.141738770529628,0.00772499013692141,0.0660888405982405,0.0064308678265661,0.0011487650917843,0.00188738596625626,0.000697836687322706,0.00214056362165138,0.0107047276105732,0.0045727351680398,0,0.000705965387169272,0.0018497109413147,0.000598802405875176,0,0,0.0193401586730033,0.00914716208353639,0.157730017905124,0.186840991809731,0.0637135928263888,0.0274532701587304,0.045391641324386,0.0348710501566529,0.0285285292193294,0.0868478612974286,0,0.00840336160035804,0.494628384942189,0.430946884938749,8.28205144644016,1.20900590904057,1.87673469289439,1.64014686655719,0.711398543789983,0.83589328895323,0.240887470543385,0.36430835549254,0.520784305874258,1.07876849360764,0.00435255700722337,0.0353508295956999,0.00856164348078892,0.0476303888717666,0.0112023900146596,0.00663227727636695,0.00920353963738307,0.0142034551536199,0,0.00686760758981109,0.0201593994861469,0.00308505957946181,0.5297482595779,0.346974067157134
0.509820483363001,2.83933991694357,0.831350016815122,9.233879938256,0.000750187551602721,0.0476367697119713,0.238160597742535,2.14797612873372,0.00152613501995802,0.0309963093604892,0.0704587139189243,1.45484842883889,0.0734881348907948,1.185452491045,0.00744416867382824,0.0395497403223999,0.0407105832709931,0.377979187294841,7.49436266632983,0,0.0736137661733665,0.109433963894844,0.532934117916739,2.67713397211628,0.000818330619949847,0.00617522187530994,0.00391696055885404,0.021437078830786,0.206896543619223,0.657926098443568,1.16876063542441,0.916780360043049,2.25570512877312,4.03637365554459,0.0362511061830446,0.00554528657812625,0.31067224254366,0.0520754716708325,0.237109529552981,0.0156083722831681,0.0799614657880738,0.01717557257507,0.00269396550720558,0.00586682290304452,0.00129198969807476,0.00461589178303257,0.0211522395256907,0.00536336796358228,0,0.00130590924527496,0.00219538967940025,0,0,0,0.052856381458696,0.0293894112110138,0.147322318225633,1.12992762748036,0.0606920018908568,0.106185003416613,0.0400728575768881,0.141468323883601,0.0145127851283178,0.216846405761316,0.00351123599102721,0.022864019847475,0.394489678437822,0.482017553847982,3.18175683380105,4.45278625329956,0.814925379585475,3.11077960766852,0.36094675026834,2.20636097551323,0.211022136732936,0.984934068168513,0.762589920777828,2.40058583021164,0.000967118015978485,0.0581783514935523,0.00696304219309241,0.132309779291973,0.0041265474865213,0.0197010873234831,0.00782312935916707,0.0338235300732777,0.00161095452494919,0.0182392145507038,0.027135231095599,0.00461409398121759,1.35591509460937,0.559796439483762
0.0163988195708953,0.0109589044004679,0.0552070257253945,0.0438695180928335,0.32040814938955,2.00199794629589,0.0468372780887876,0.033164439490065,0.175401072949171,0.296875,0.0115495668724179,0.0106463875854388,0.0214957455173135,0.0187891444656998,0.524057214846835,0.227357910946012,0.0374015746638179,0.012374322861433,0.0268528470769525,0.0736137661733665,0,3.36405529640615,0.0286144567653537,0.0825536611955613,2.43007925525308,3.24419874697924,2.28604374732822,3.90156049979851,1.60984184313565,0.116167666739784,3.36139801098034,1.36436597094871,0.0207852192688733,0.0320320315659046,0.00694444449618459,0.00418410031124949,0.631467816187069,0.134854778880253,0.276004132349044,0.114739630371332,4.45641039544716,0.195121951401234,0.00592300132848322,0.0232153222896159,0.00283687934279442,0.00593912415206432,0.0125852124765515,0.0156632401049137,0,0,0.00278842798434198,0.00318471353966743,0.00615384592674673,0,0.129126216343138,0.0247678020969033,0.0125861549167894,0.0109555686358362,0.00978260824922472,0.00609756074845791,0.00741770956665277,0.0107941400492564,0.00993377482518554,0.00458452710881829,0.00688468152657151,0.0036630037939176,0.0115942026022822,0.022964509902522,0.0094191525131464,0.0334075733553618,4.87122719292529,1.9658291246742,0.571709254290909,0.292730855289847,0.864988518878818,0.794520515017211,0.429616100154817,0.516746405046433,0.073298430070281,0,0.1201171875,0.0131243169307709,1.94435355300084,0.166931640123948,0.0877443989738822,0.0154501866782084,0.79548305249773,0.224892706493847,0.192882563860621,0.00843608053401113,1.02739725261927,1.76344085857272
0.00259993504732847,0.0325644509866834,0.0398009940981865,0.0719866103609093,0.08928571944125,6.32653059088625,0.0215827340434771,0.0421052639139816,0.0706126717850566,0.593155888840556,0.0112464856356382,0.0342516760574654,0.0203449802938849,0.0205761310644448,0.0166028093080968,0.94659298856277,0.013409961364232,0.034822104498744,0.049735450418666,0.109433963894844,3.36405529640615,0,0.0298062595538795,0.0986449841875583,0.768447839654982,1.90353687666357,0.558659201487899,9.59581859526224,0.0426512972917408,0.228504131780937,2.08080812683329,1.17111462913454,0.0409090896137059,0.0691016821656376,0.0298013244755566,0.0830039558932185,0.0451282034628093,1.59677414596081,0.0760760749690235,4.58397944876924,0.0143540664575994,4.69406373240054,0.0116845183074474,0.0468303847592324,0.00695410300977528,0.0334545446094126,0.0113695085747167,0.0695316293276846,0,0.00711743778083473,0.000690369342919439,0.00209205015562475,0,0.00380228133872151,0.00287356314947829,0.154652691911906,0.0029717682627961,0.0187085089273751,0.00321199139580131,0.00801603216677904,0.00549199094530195,0.00754716980736703,0,0.0203045695088804,0.00168067228514701,0.0120048015378416,0.0178742425050586,0.0689179869368672,0.0184331797063351,0.0431965431198478,3.05088060349226,5.43108503893018,0.0975143396062776,0.504780110903084,0.322580651845783,2.42060085386038,0.365418886067346,1.43522836035118,0,0.0227790442295372,0.00963391154073179,0.0404186206869781,0.0111999997170642,0.646967351436615,0.00378967309370637,0.0349021683214232,0.0096969697624445,1.41994971397799,0.00634249445283785,0.04501607560087,8.81250013131648,0.833876192569733
0.0592564640683122,0.0456479676067829,4.11401261104038,2.19049267406808,0.471207434893586,0.567210078588687,2.08792243970674,2.03276700922288,0.461538464587647,0.386072095483541,0.128914566012099,0.14474052877631,0.945349095156416,0.705232851498295,0.306230211863294,0.101791743654758,0.0404164104256779,0.0395145348738879,5.38764591314248,0.532934117916739,0.0286144567653537,0.0298062595538795,0,10.7661660725134,1.08178188063903,0.542630753014237,0.132820019032806,0.0940642249770463,0.648976508527994,0.434183654666413,6.19492735370295,2.38787174457684,3.85635357769206,0.418079088209197,0.331210180884227,0.037390029290691,0.0613074756693095,0.00933416333282366,0.0471903120633215,0.00177357369102538,0.0272727264091372,0.00451127823907882,0.00420954159926623,0.00352378567913547,0.00273224053671584,0.00333611341193318,0.00433004560181871,0.00605637079570442,0.00056195561774075,0,0.00312561052851379,0.000483792944578454,0.00372093007899821,0.000610873568803072,0.00881670525996014,0.00576368885231204,0.0340075162239373,0.0502167618833482,0.0234718825668097,0.00284495030064136,0.0136147034936585,0.00845785194542259,0.0121457492932677,0.0225281590246595,0.00293083227006719,0.00102880655322224,0.152754437905969,0.0854800922388677,0.162315558409318,0.104828457988333,0.293464851332828,1.14822801965056,0.326805390883237,0.41003672638908,0.171194641152397,0.0877976206829771,0.357655489235185,0.203338397550397,0.00531914900057018,0.00977076316485181,0.0321079566492699,0.0176246748305857,0.0552995391190052,0.00855188118293881,0.0124146498274058,0.00832778168842196,0.00459468341432512,0.00527086394140497,0.00711462437175214,0.0018754688790068,0.0550747447414324,0.16844602196943
0.0242152459686622,0.102516736602411,1.59773863881128,15.9605398862623,0.118778755073436,4.51409618626349,1.06500986980973,4.31983306497568,0.138959933829028,2.40492821484804,0.0718367346562445,0.404255325149279,0.474753024464007,1.50646230112761,0.060359446273651,0.626826047897339,0.0189534402452409,0.0761834329459816,1.73479985829908,2.67713397211628,0.0825536611955613,0.0986449841875583,10.7661660725134,0,5.16551407997031,3.76424869458424,0.440737499389797,0.322638138430193,0.309813993691932,1.13924046687316,6.61198508646339,4.34399712714367,0.54279350390425,0.231739504670259,0.0533467510249466,0.00847009010612965,0.0644614081829786,0.045473683392629,0.0780856410856359,0.0188679238781333,0.0344253182411194,0.00768808356951922,0.00523712520953268,0.00829610700020567,0.00141793687362224,0.00362581573426723,0.0114526822580956,0.0115807761903852,0,0.00215208035660908,0.00093457946786657,0,0.000838222971651703,0.000821355264633894,0.00806683942209929,0.0168845311854966,0.0172704292926937,0.0855865452904254,0.0043063671910204,0.00236756447702646,0.00448430515825748,0.0140324960229918,0.00687285204185173,0.0544993658550084,0,0.00393571669701487,0.0225863591185771,0.0331388555641752,0.0350093108718283,0.0563014310318977,0.355925168376416,3.33499595709145,0.228900777758099,1.29518317774637,0.168831168673933,0.255273115821183,0.491017948952504,0.384364807512611,0,0.0175631176680326,0.0109858338837512,0.0288878189167008,0.0151917967014015,0.0374672148609534,0.00606601231265813,0.0139399808831513,0,0.0302795036695898,0.0075811417773366,0.00400623198947869,0.098649441730231,0.40710058901459
