0,0.00628099162713625,5.09252079296857,0.00579710118472576,0.051230029843282,0.00547399831702933,5.68988863786217,0.0039666797965765,0.129548383352812,0.000505305710248649,5.13461042137351,0.000466309167677537,3.23353520361707,0.000804343435447663,0.232629721489502,0.00130747439106926,1.98880694853142,0.00234631632338278,2.63365542242536,0.0119760480010882,0.00828892854042351,0.00539083569310606,0.0395935512788128,0.00809061515610665,0.00702323083532974,0.00365439819870517,0.0160580158117227,0.00320855621248484,2.86531138190185,0.00301269642659463,0.064412237261422,0.0131702726939693,1.4017595294863,0.0239329878240824,0.0141884229378775,0.00469621364027262,0.973731199977919,0.00153570505790412,0.371421352028847,0.00782970432192087,0.226346206152812,0.00120700057595968,0.0105654468352441,0.000423549354309216,0.00812641071388498,0,0.0161192822270095,0.00117577897617593,0.0144253138569184,0.00139114307239652,0.0565275899134576,0,0.00409626215696335,0,0.0371614950126968,0.0175204717670567,14.0006207632832,0.00498520024120808,0.663235886633629,0.00197472356376238,1.08493985881796,0.00186915893573314,1.32923367898911,0.00208507088245824,0.23606082634069,0.00172154081519693,0.247452689363854,0.014307103730971,5.01071253768168,0.0172865381464362,0.69146493106382,0.0517241366906092,4.71700022404548,0.00400300230830908,1.01884535077261,0.00179265020415187,0.863858940079808,0.0169238426024094,0.0872483187704347,0,0.798523399134865,0.00205867207841948,0.431260436889715,0.00187047000508755,0.626222009886988,0.00142734803375788,0.0461126000154763,0.000961307378020138,0.0504516803193837,0,0.0106349702691659,0.0224789252970368
0.00628099162713625,0,0.00495376501930878,5.34415482077748,0,0.055282874032855,0.00248962666955777,4.94214428152191,0.000536624633241445,0.0456692911684513,0.00103332474827766,5.98212992231129,0.000778816174715757,1.47606221781461,0.000454545457614586,0.173384378285846,0.00475812825607136,4.56003900559153,0.21576763712801,2.91827391833067,0.0470588239841163,0.0720777158858255,0.0478417261620052,0.0517097578849643,0.00787844671867788,0.013032853603363,0.00754107185639441,0.0272828515735455,0.0257979893649463,1.60257833616924,0.0790664455271326,0.173001950606704,0.121054904302582,1.22852445565513,0.0260663516819477,0.014114758989308,0.0254439432173967,0.168129815952852,0.030534352757968,0.0639756303280592,0.00254858238622546,0.114971567876637,0.0145073540043086,0.0222999569086824,0.00560485746245831,0.0282094198046252,0.0103842161479406,0.0294651871663518,0.00144578312756494,0.0187274908530526,0.00138026219792664,0.00756779458606616,0,0,0.0138464668998495,0.130903392680921,0.00730506581021473,11.1382550531998,0.0118895962368697,0.208299428224564,0.00746415264438838,0.718780264287489,0.00245098053710535,0.86144577601226,0.00350438029272482,0.194709933770355,0.0961060481495224,0.275626818882301,0.304389776021708,2.38419630477438,0.20863119349815,1.46311901207082,0.0311526493169367,2.07066769420635,0.0244131461950019,0.442638335516676,0.325711369980127,1.38346247520531,0.000638977624475956,0.26746759575326,0.00160032010171562,0.806548157415818,0.00246974552283064,0.184548313496634,0.00109304545912892,0.325750953808893,0,0.111637182533741,0.00769365258747712,0.043572983413469,0.722859966685064,0.172176756314002
5.09252079296857,0.00495376501930878,0,0.409388798841974,3.58369220024906,0.282236026134342,13.6088840451557,0.176509437500499,0.702911629574373,0.121594347641803,1.81267081573606,0.00232828868320212,3.33119085230283,0.0405703951546457,0.355292054708116,0.0626768209040165,0.536449072882533,0.00609184638597071,8.94008834316628,0.0358865535235964,0.0165484633762389,0.0125560542801395,7.05740301433252,1.1357576106966,0.251887800404802,0.144904881599359,0.123092833324336,0.0485851587145589,2.9369711750187,0.0498603058513254,4.18378117197426,0.445279487175867,8.81882871675771,0.097609563235892,0.14560906618135,0.0146498685353436,0.596893298206851,0.00868898583576083,0.191247145878151,0.00537503085797653,0.0856361977639608,0.00481927720829844,0.00703537242952734,0.00211505917832255,0.0108205592259765,0.00184459309093654,0.0132823504682165,0.00117439814493991,0.00882899618591182,0,0.0248739498201758,0.000814498052932322,0.00153374229557812,0,0.0189536036923528,0.0106524635339156,1.03704853085219,0.00653696473455057,0.443667766463477,0.00631163688376546,0.147187796304934,0.00419972010422498,0.149267829139717,0.00249895878368989,0.0578452635090798,0.00429830222856253,0.293746962386649,0.0302476318611298,0.767441876814701,0.0245815893285908,2.14093109220266,0.156962026376277,2.52970544522395,0.0214838871615939,0.332039417466149,0.00477184588089585,0.673838628688827,0.0278330007568002,0.046894033846911,0,0.256549577432452,0.00308483294793405,0.40637640946079,0.0112070976756513,0.151478649524506,0.0048488307511434,0.0310492501594126,0.00719942399882711,0.0228162788553163,0.000980231969151646,0.00624414591584355,0.0149579308927059
0.00579710118472576,5.34415482077748,0.409388798841974,0,0.0572093035443686,2.0525594742503,0.109890115709277,16.540152262256,0.0349716454511508,0.87230591912521,0.00457038404420018,1.60568234801758,0.0294274054467678,3.38986867107451,0.00815494393464178,0.707642539055087,0.00466417899588123,0.303961899247952,1.06103285943391,10.1463675513514,0.0589022727217525,0.110389610286802,2.23314096301328,11.1439350509609,0.0532150792423636,0.461318049696274,0.0203888104879297,0.105931169149699,0.0480409513111226,1.18105515415664,1.63180268765427,3.40941630318412,0.251412984071067,1.32787185837515,0.0401958263246343,0.0111583420657553,0.0359981304209214,0.10741088190116,0.0464684009784833,0.0490549067326356,0.00603732169838622,0.0795423574745655,0.00585223129019141,0.0192951361823361,0.0037601838412229,0.0132252555631567,0.0120300753042102,0.0304029310063925,0,0.00642398270429112,0.00095222977688536,0.00190041813766584,0,0,0.0210487440344878,0.0641940103378147,0.00823287270031869,0.409681216464378,0.00383509119274095,0.0420586594264023,0.00357398152118549,0.144921286962926,0.000872410018928349,0.133514454821125,0.00177777779754251,0.0663469223654829,0.0357798156619538,0.0775753760535736,0.133734684059164,0.409101798722986,0.251284442900214,2.85003488481743,0.0445260491687804,1.35737255739514,0.0708108125254512,0.26943843771005,0.496284636028577,0.877257144631585,0,0.059432930953335,0.00399709300836548,0.245392819895642,0.00614844099618495,0.194648251868784,0.00255623715929687,0.132826291053789,0.000978713040240109,0.143426292808726,0.0109254498383962,0.0305933247436769,0.480585249839351,0.183707867050543
0.051230029843282,0,3.58369220024906,0.0572093035443686,0,0.223356012138538,0.416943194693886,0.0218538051121868,8.7691361985635,0.103347034193575,0.0408163270913064,0,0.343347627203912,0.00735835172235966,3.2612298183376,0.0428449013270438,0.0883054926525801,0.00298953673336655,0.0258016953011975,0.00342231360264122,0.113980412483215,0.0498154987581074,2.25948457908817,0.322052805626299,1.02004146901891,0.66116749914363,1.57160642393865,0.619528593961149,1.74219705851283,0.0342809361754917,3.39866154215997,0.194291440537199,0.331083773053251,0.00579920271411538,0.0267927502281964,0.00173611112404615,0.0564225672278553,0.0036319614155218,0.0130023640813306,0.00327510922215879,0.00581395346671343,0.00188857410103083,0.00560224102810025,0.00162140256725252,0.000919540238101035,0.000963391154073179,0.0140324960229918,0,0.00783162005245686,0,0.00975874182768166,0,0.0012113869888708,0,0.00927246815990657,0.000667556771077216,0.0353221961995587,0.000960614765062928,0.019208605226595,0.00071199715603143,0.0180965153267607,0,0.0263558044098318,0,0.00423728814348578,0.000836120394524187,0.0188391047995538,0.00106496270745993,0.00588523806072772,0.00639795267488807,3.48143718775827,0.06749556097202,0.726647546747699,0.0114810559898615,0.0919117650482804,0.00732600735500455,0.0776380497263744,0.0113442994188517,0.0273704789578915,0,0.104426005331334,0.00279798550764099,0.486096830107272,0.0128585553029552,0.0863392146129627,0.0025257840170525,0.0745762715814635,0.0178384040482342,0.0199335550423712,0.00103626947384328,0.0106157117988914,0.010548522695899
0.00547399831702933,0.055282874032855,0.282236026134342,2.0525594742503,0.223356012138538,0,0.0877091756556183,0.765230297693051,0.155660379678011,13.3850474983919,0.00434782588854432,0.0360189569182694,0.0328502407064661,0.209019321715459,0.0303925713524222,6.80497932480648,0.00456620985642076,0.0470475285546854,0.0645392609294504,0.112741830700543,1.13261050335132,7.09827583562583,0.97024651709944,2.03833626722917,0.949441907694563,9.74697378545534,0.881093923584558,11.393978496315,0.0849390509538352,2.44489461567719,2.1282288080547,3.76748676819261,0.0786127169849351,0.0613756605307572,0.0267657993827015,0.0162866443861276,0.0172215839847922,0.494212966645136,0.0203619918320328,4.19392019091174,0.00180505414027721,0.849339228356257,0.00954979541711509,0.0220212354324758,0.00355397607199848,0.0232342004892416,0.00718390801921487,0.0355677169281989,0,0.00468603568151593,0,0.00220102717867121,0.00231615523807704,0,0.00138888892251998,0.332031259895302,0.00421940919477493,0.0283018872141838,0.000746547244489193,0.00346620450727642,0.000653594790492207,0.0123750598286279,0.00292825768701732,0.0160489113768563,0.0030549899674952,0.0145867096725851,0.00899100874084979,0.0224425892229192,0.0198581558070146,0.0378279424039647,1.52348231873475,4.47252127795946,0.0724876450840384,0.897689765319228,0.197594504570588,0.354452052153647,0.160629920661449,0.387166955973953,0.00181983620859683,0.0194346291245893,0.00336927216267213,0.0663013702142052,0.0118929636664689,2.13822692481335,0.00491679256083444,0.149575300660217,0.0012894906103611,3.06256302981637,0.00216919742524624,0.115345524158329,0.306483311578631,0.103515625
5.68988863786217,0.00248962666955777,13.6088840451557,0.109890115709277,0.416943194693886,0.0877091756556183,0,0.0496397121605696,2.3275963680062,0.0346438298001885,2.63204464840237,0.000731395150069147,8.07456670384272,0.00780107290484011,0.896298856387148,0.0176807065727189,0.539620414288947,0.00110253581078723,0.493493835616391,0.00817995890974998,0.0131636680453084,0.00398318201769143,0.79907082952559,0.229261910892092,0.029496107948944,0.02953502262244,0.0249950406141579,0.0170731703401543,3.55371060181642,0.0137291918508708,0.454857986129355,0.111192931130063,0.83708433189895,0.012592831539223,0.0195578227285296,0.00261608889559284,0.254459915857296,0.00157263618893921,0.132241078885272,0.00151889119297266,0.0385045881266706,0,0.0104911774978973,0.000677736359648407,0.00570409977808595,0,0.0166042644123081,0.0012732770992443,0.0113179994223174,0,0.0342504222062416,0,0.00432559981709346,0,0.0201955445227213,0.00746384728699923,0.822295046236832,0.000789577548857778,0.127856901672203,0.000640615005977452,0.222776135778986,0.00109890112071298,0.220044381567277,0.000669344037305564,0.0747698674967978,0.000343229796271771,0.0594866211467888,0.00639688488445245,0.118377790320665,0.00640256097540259,1.62977473810315,0.0530835276003927,2.09999996039551,0.00849913083948195,0.277249613427557,0.00176717469003052,0.46656535519287,0.0123124280944467,0.0484522209735587,0.000445335113909096,0.394499762915075,0.000856042199302465,0.692207524640253,0.00439802091568708,0.3108592601493,0.00146591750672087,0.0680244393879548,0.00337015528930351,0.0428551151126157,0.00109664152842015,0.00594014173839241,0.00866986057371832
0.0039666797965765,4.94214428152191,0.176509437500499,16.540152262256,0.0218538051121868,0.765230297693051,0.0496397121605696,0,0.0156488550128415,1.45782455219887,0.00297176814638078,4.2578706923814,0.015340652607847,9.29252171306871,0.00304414011770859,1.6516627848905,0.00226586102508008,0.433623612625524,1.07910944658215,2.92876798601355,0.0396373606054112,0.063775508897379,1.40817195817363,2.32493262918433,0.0126307476311922,0.147421088506235,0.0118637578561902,0.0885406468296424,0.0275998036377132,1.62974046877935,1.42717090190854,2.99163263966329,0.153119396418333,1.02712020208128,0.020044998760568,0.00880134120234288,0.0261066961975303,0.0993930188706145,0.0304969868157059,0.0410858406685293,0.00128976788255386,0.0495832440210506,0.00617665238678455,0.0147856090916321,0.00345125095918775,0.0115870787703898,0.00632111274171621,0.0231910955335479,0.00035316968569532,0.00598802397144027,0.000820905697764829,0.000956937787123024,0,0,0.0105853047571145,0.059250304242596,0.00230473760166205,0.557553978578653,0.00224971873103641,0.0317312185652554,0.0015142337360885,0.176793618826196,0.00107276948983781,0.281123206776101,0.00217864924343303,0.0585495657287538,0.036830947821727,0.067787419538945,0.0710372870089486,0.196797229000367,0.187523625325412,2.28065554361092,0.0238583404570818,1.01342784101143,0.0526762939989567,0.151103568496183,0.315654240548611,0.488946670899168,0.00129226795979775,0.121471345191821,0.00214987710933201,0.475396161200479,0.00395541178295389,0.175824172329158,0.00249094207538292,0.19734798753052,0,0.128845462575555,0.00442477874457836,0.033422460546717,0.220078914077021,0.0989492100197822
0.129548383352812,0.000536624633241445,0.702911629574373,0.0349716454511508,8.7691361985635,0.155660379678011,2.3275963680062,0.0156488550128415,0,0.0550458702491596,0.260613211430609,0,5.19486641330877,0.00377358490368351,20.8584269098355,0.0273609887808561,0.376865662867203,0.00103145954199135,0.0143667293596081,0.00560616655275226,0.0890995250083506,0.0452755903825164,0.480945327901281,0.151850434485823,0.540971707552671,0.3461538401898,0.781534456880763,0.359915321459994,4.92955385270761,0.027538726106286,1.19565222179517,0.132711246609688,0.0660954707418568,0.00743218115530908,0.00499583675991744,0.00369003694504499,0.123904883279465,0.0075757575687021,0.0504926099674776,0.0011337868636474,0.0269709557760507,0.00605449033901095,0.0243902440415695,0.00166736135724932,0.00854295201133937,0.000996015965938568,0.0348484837450087,0,0.0243037976324558,0,0.0392156856250949,0,0.0126342382282019,0,0.0263157896697521,0.00478142063366249,0.106744300574064,0.00048828125,0.0394477305235341,0,0.0603566528297961,0.00102197239175439,0.114435695111752,0,0.07582417933736,0.000860585190821439,0.0150259073707275,0.00216919742524624,0.00811770651489496,0,3.68164786335547,0.0505860563134775,1.63744779280387,0.0107526878127828,0.260784329148009,0.01171875,0.174900619778782,0.015339232981205,0.136125655844808,0,0.458923506550491,0.000570450676605105,1.99252930027433,0.00716479006223381,0.381415247451514,0.000427076651249081,0.275764043442905,0.00435255700722337,0.0886004535714164,0,0.0114416470751166,0.00454545440152287
0.000505305710248649,0.0456692911684513,0.121594347641803,0.87230591912521,0.103347034193575,13.3850474983919,0.0346438298001885,1.45782455219887,0.0550458702491596,0,0.00112422707024962,0.0595412396360189,0.0111695135128684,0.553969988424797,0.0121317157754675,7.33248206553981,0.00473092822358012,0.0415430248249322,0.0718475072644651,0.0966973141767085,0.337434098124504,0.651501362677664,0.376009213738143,0.762573974439874,0.168262660852633,3.48711506137624,0.146822943934239,1.77066664770246,0.0362610796582885,1.57872865675017,1.10204080946278,3.37574537750334,0.0355169683462009,0.046142753213644,0.00778816174715757,0.0171379605308175,0.00832837575580925,0.146370721049607,0.00585823087021708,0.123443417949602,0,0.173184359678999,0.00487634958699346,0.00886381947202608,0.00456620997283608,0.0181731230113655,0.00514138798462227,0.0202584705548361,0,0.00192957068793476,0.00107991357799619,0.000750469043850899,0,0,0.000709471467416734,0.0425107926130295,0.00142687276820652,0.0315865036100149,0,0.00566572230309248,0.000666888954583555,0.0127450987929478,0.00201207236386836,0.0117370890802704,0.00105097214691341,0.00332363927736878,0.0116662444197573,0.0169716253876686,0.0126582281664014,0.0329531049355865,0.504451035521924,1.99295777524821,0.0215909084072337,0.602162760216743,0.0997280143201351,0.133694672957063,0.127982648089528,0.255343092489056,0,0.024276377283968,0.00275197788141668,0.0629701899015345,0.0091977515257895,0.603829138563015,0.000382628670195118,0.0730172049952671,0.00268456386402249,0.501821988960728,0.00110283982940018,0.0381935472832993,0.0982236131094396,0.0809968882240355
5.13461042137351,0.00103332474827766,1.81267081573606,0.00457038404420018,0.0408163270913064,0.00434782588854432,2.63204464840237,0.00297176814638078,0.260613211430609,0.00112422707024962,0,0.00189573457464576,9.86473404744174,0,0.698184903012589,0.00165975105483085,6.12328741746023,0.00192030728794634,0.24740050022956,0.00266844569705427,0.0133444536477327,0.00344827584922314,0.0192689144751057,0.00723327277228236,0.00787918595597148,0.00121065380517393,0.00594530312810093,0.00256246002390981,1.79001185158268,0.00162074551917613,0.0230627309065312,0.00482392671983689,0.0339113681111485,0.00211640208726749,0.00148698885459453,0.00162866443861276,0.300803666934371,0.00115740741603076,0.128959281602874,0.00314465397968888,0.0685920573305339,0.00176211458165199,0.00613915419671685,0,0.00266548205399886,0,0.00646551721729338,0,0.0207645110785961,0,0.0350597627693787,0,0.00463231047615409,0,0.00902777799637988,0.00195312505820766,2.60571958939545,0.000943396240472794,0.0933184055611491,0.00138648180291057,0.333333343151025,0.00095192767912522,1.48950707679614,0,0.0987780089490116,0,0.0184815179673024,0.00313152407761663,0.0359338057460263,0.00366076861973852,0.619702206342481,0.0260623231297359,1.67380562284961,0.00440044002607465,0.371134025976062,0,0.322309710085392,0.00326264288742095,0.283894448541105,0,1.51752018206753,0,1.41526267630979,0.000953288865275681,0.344931908883154,0.000414336012909189,0.038684718310833,0.00201816344633698,0.0227765729650855,0,0.00196463661268353,0.017578125
0.000466309167677537,5.98212992231129,0.00232828868320212,1.60568234801758,0,0.0360189569182694,0.000731395150069147,4.2578706923814,0,0.0595412396360189,0.00189573457464576,0,0.000592592579778284,8.20104451244697,0.000757862813770771,0.404477615142241,0.00494559819344431,7.92520200926811,0.555083342303988,1.44920442998409,0.0299523496069014,0.0391608406789601,0.049486709642224,0.0672158163506538,0.0033463470172137,0.0114464105572551,0,0.0131075908429921,0.00924280099570751,8.96420780289918,0.109926169272512,0.361075549386442,0.0411867368966341,0.862479849136434,0.022291021887213,0.0307076114695519,0.0139165003784001,0.123123121331446,0.0225711482344195,0.0303030301001854,0.00435413641389459,0.0740213529206812,0.0112429736182094,0.03128332644701,0.0071400236338377,0.0338563180412166,0.00785854621790349,0.0269254859886132,0.00167434068862349,0.0149750411510468,0.000495662970934063,0.00400534062646329,0,0,0.00698412669589743,0.0448833015980199,0.00396825384814292,1.39068740420043,0.0033909801277332,0.052614897780586,0.00180180184543133,0.264867139630951,0,0.515413908753544,0.00358102051541209,0.0869247660157271,0.0505381361581385,0.11506582191214,0.0964360593934543,0.270298596471548,0.0773809568490833,1.26191643811762,0.00669536110945046,2.29118768451735,0.0306834031362087,0.319888738449663,0.153563219762873,0.610715997871011,0,0.580599160166457,0.00370599143207073,0.59795915777795,0.00262237759307027,0.273648655274883,0,0.139297626155894,0,0.050621670729015,0.00303183426149189,0.0185449363198131,0.392857150174677,0.114374030381441
3.23353520361707,0.000778816174715757,3.33119085230283,0.0294274054467678,0.343347627203912,0.0328502407064661,8.07456670384272,0.015340652607847,5.19486641330877,0.0111695135128684,9.86473404744174,0.000592592579778284,0,0.00147819664562121,8.01045692467596,0.00489795935573056,1.69970167567953,0,0.166255547374021,0.00234576582442969,0.00974025973118842,0.00577319576404989,0.173967462382279,0.0843672489281744,0.0222381636849605,0.0226259864866734,0.0454699703259394,0.0134465671726502,3.91334053658647,0.00482185900909826,0.181765228975564,0.0461354122380726,0.0777202105382457,0.00390243902802467,0.00459770124871284,0.00160449254326522,0.195543729700148,0.00200467760441825,0.107484337233473,0.00252127321437001,0.0370838588569313,0.00416666676755995,0.0181081730406731,0,0.00625711015891284,0.000585308764129877,0.0251914043328725,0.00047744091716595,0.0254137116135098,0,0.0624254482099786,0,0.00601604289840907,0,0.0231604347936809,0.00184459309093654,1.09058038657531,0.000726612168364227,0.0755578075186349,0.000963855418376625,0.243699416518211,0,0.755582360550761,0.000515198335051537,0.104056980460882,0.00160728633636609,0.0246726139448583,0.00156955071724951,0.0183431951445527,0.00344352622050792,1.49319159053266,0.027722773142159,2.01555403124075,0.00454103155061603,0.285714280151296,0.00246609124587849,0.410094630206004,0.00966494815656915,0.130287645384669,0,1.1051264188136,0.000813835184089839,2.56411806988763,0.00178412126842886,0.583244310691953,0.00131319765932858,0.129971594782546,0.00123190635349602,0.0686452660011128,0.00076908286428079,0.0026281209429726,0.00524246413260698
0.000804343435447663,1.47606221781461,0.0405703951546457,3.38986867107451,0.00735835172235966,0.209019321715459,0.00780107290484011,9.29252171306871,0.00377358490368351,0.553969988424797,0,8.20104451244697,0.00147819664562121,0,0.00060186575865373,1.38941734103719,0.0059127863496542,1.00362196331844,1.47582146944478,2.57135633996222,0.0241523451404646,0.0274361399933696,0.595137184020132,0.81742400303483,0.0129188532009721,0.053722177981399,0.00910470401868224,0.0373757460620254,0.0148698885459453,10.0005841630627,0.822549667675048,2.09316148236394,0.103691183496267,0.932699950004462,0.0208786432631314,0.00916590273845941,0.00890207709744573,0.0835197595879436,0.0198383539100178,0.0174703003722243,0,0.0354236476123333,0.00823468901216984,0.0240205891896039,0.0037441496970132,0.0180296208709478,0.00481540913460776,0.017534812213853,0,0.00777202052995563,0.00254291156306863,0.00489130412461236,0,0,0.00678142899414524,0.0402384519693442,0.00191570885363035,0.786676934512798,0.00110101839527488,0.0218806973425671,0.00199302448891103,0.175450078677386,0,0.475497041421477,0.00274160387925804,0.0473407350364141,0.0399354576948099,0.0660259069409221,0.0742913000285625,0.185113772749901,0.104444444237743,1.83670471835649,0.0115315318107605,1.54545454401523,0.0226628892123699,0.133836002554744,0.179083600640297,0.390977432252839,0,0.237775650341064,0.00101988785900176,0.476976557518356,0.00134589499793947,0.13171691133175,0.000320410123094916,0.146341460582335,0,0.0762942768633366,0.00258509261766449,0.0167689164809417,0.170385391451418,0.0576339749386534
0.232629721489502,0.000454545457614586,0.355292054708116,0.00815494393464178,3.2612298183376,0.0303925713524222,0.896298856387148,0.00304414011770859,20.8584269098355,0.0121317157754675,0.698184903012589,0.000757862813770771,8.01045692467596,0.00060186575865373,0,0.00884654617402703,0.640070148510858,0.000765696808230132,0.0108499095076695,0.00113410828635097,0.1053240748588,0.0189461223781109,0.159684578189626,0.0346083775511943,0.215399611741304,0.110958274512086,0.736318403738551,0.1454545436427,6.35677102277987,0.0113446781761013,1.01594367588405,0.0392006143229082,0.0326504486147314,0.00237812125124037,0.0053361791651696,0.00113830389454961,0.269484817050397,0.00354452803730965,0.0383108407258987,0.00164136232342571,1.23029936756939,0.0012019231216982,0.0242704421980307,0,0.00863309344276786,0,0.0416540909791365,0.00173761951737106,0.0226586102508008,0,0.0507685133488849,0,0.0106382975354791,0,0.103842765383888,0.00222160504199564,0.16976016346598,0.00125812541227788,0.0349127193912864,0,0.094733914011158,0.000760456256102771,0.129557797918096,0,0.0810268734348938,0.0006673340103589,0.0176483567338437,0.00229305209359154,0.00226928887423128,0.000922509236261249,2.66637367929798,0.0278988666832447,1.61702124751173,0.00681721325963736,0.145304199540988,0.00707130250521004,0.115858669916634,0.00844594615045935,0.15233414946124,0,0.782384905032814,0.000478583388030529,9.98272468650248,0.0106585460016504,0.801787883974612,0.00186706500244327,1.04519230866572,0.00318598165176809,0.278396966372384,0.000895856646820903,0.00904977403115481,0.00128783006221056
0.00130747439106926,0.173384378285846,0.0626768209040165,0.707642539055087,0.0428449013270438,6.80497932480648,0.0176807065727189,1.6516627848905,0.0273609887808561,7.33248206553981,0.00165975105483085,0.404477615142241,0.00489795935573056,1.38941734103719,0.00884654617402703,0,0.00344530586153269,0.287975872284733,0.12682345934445,0.267937233205885,0.563029984943569,2.74104040116072,0.380580629571341,0.570314835640602,0.27329192799516,1.54095413442701,0.286856134131085,2.34631632338278,0.0475425622425973,10.9848581717815,0.78889703610912,1.49905406282051,0.0353870443068445,0.0933920728275552,0.0208877283148468,0.024471634067595,0.0155709347454831,0.590078311739489,0.0162532081594691,1.0476190171903,0,0.794134928146377,0.0371216464554891,0.0719563104212284,0.00992555811535567,0.0786186617915519,0.0280262368032709,0.0978820809395984,0,0.0184911245014518,0.00461361021734774,0.00667475734371692,0,0,0.0023188404738903,0.242174632439855,0.00289495455217548,0.10395010758657,0.00554016610840335,0.0243125916458666,0.0038567494484596,0.0351928119780496,0.00152730045374483,0.0401631630957127,0.00157853192649782,0.0394996698014438,0.0411018813611008,0.085415720124729,0.0312849160982296,0.12313263816759,0.916234885284211,3.12548171839444,0.036804684670642,2.48743715928867,0.0749711622484028,0.365937862079591,0.132525256602094,0.970527180412319,0.00239664479158819,0.0599294935818762,0.00339174689725041,0.281042650691234,0.00927357003092766,6.29685174208134,0.00204848073190078,0.31313693136326,0.000942951417528093,3.09717860911041,0.000939408200792968,0.15268531232141,0.363979834713973,0.0765370129374787
1.98880694853142,0.00475812825607136,0.536449072882533,0.00466417899588123,0.0883054926525801,0.00456620985642076,0.539620414288947,0.00226586102508008,0.376865662867203,0.00473092822358012,6.12328741746023,0.00494559819344431,1.69970167567953,0.0059127863496542,0.640070148510858,0.00344530586153269,0,0.0200501247309148,0.0710847862064838,0.00824742252007127,0.0162016205722466,0.00746268639340997,0.0226678284234367,0.00672394491266459,0.00836236914619803,0.00511508947238326,0.0200752820819616,0.00950441241730005,2.63136454159394,0.0327731095603667,0.0490384615841322,0.0171284636016935,0.377343441359699,0.088824175298214,0.28321399865672,0.41052632429637,0.356711015338078,0.0560975610278547,0.135714290896431,0.0153846160974354,0.062745101749897,0.00573065900243819,0.20534458081238,0.0203665986191481,0.281091068871319,0.0494186044670641,0.112759643234313,0.0317348388489336,0.55933038983494,0.0205278592184186,0.751699736923911,0.00454890076071024,0.0854179344605654,0,0.0995702042127959,0.0274798936443403,4.50741980969906,0.0264932567370124,1.06522577349097,0.0364676436292939,2.21197842911351,0.0437158490531147,4.36410014866851,0.0142348750960082,1.61407253262587,0.0344537818455137,0.574055182049051,0.280982919852249,0.0670942268334329,0.064474530518055,0.529553684988059,0.0488968386780471,1.86035768454894,0.0265895947813988,0.382899624062702,0.00370370363816619,0.613098523812369,0.332381511339918,2.6646883066278,0.0249042139621451,6.59583349304739,0.0190903992624953,2.92642499413341,0.00497512461151928,0.836923077702522,0.00886262915446423,0.113465477712452,0.00422386499121785,0.102777780266479,0.00155925157014281,0.019354839110747,0.0256410269066691
0.00234631632338278,4.56003900559153,0.00609184638597071,0.303961899247952,0.00298953673336655,0.0470475285546854,0.00110253581078723,0.433623612625524,0.00103145954199135,0.0415430248249322,0.00192030728794634,7.92520200926811,0,1.00362196331844,0.000765696808230132,0.287975872284733,0.0200501247309148,0,0.0916886581107974,0.396174004417844,0.0346740649547428,0.0627227388322353,0.0365853678085841,0.0438829773338512,0.00339750840794295,0.0242744062561542,0.00103896099608392,0.0288248334545642,0.0251256278716028,17.6458865384921,0.0564081275369972,0.154576856235508,0.138830156356562,0.493827164173126,0.0831234224606305,0.0910944942152128,0.0191435769665986,0.203957376186736,0.0119343604892492,0.0353324036113918,0.00148038484621793,0.0783744554501027,0.0251968507654965,0.062455132137984,0.0256615877151489,0.0960334023693576,0.0092500823084265,0.0442058744374663,0.000846740033011883,0.0681531362934038,0.00798403192311525,0.0235769618302584,0,0,0.00512327905744314,0.0971342418924905,0.00887114671058953,3.53780949721113,0.0355920614674687,0.148337594699115,0.0169542839284986,0.681740593223367,0.00349040143191814,5.06293725920841,0.0163117357296869,0.230911095219199,0.226983748725615,0.439754620194435,0.0890585244633257,0.628055253415368,0.145801918697543,2.08266938477755,0.016472868155688,5.53129557520151,0.0127931772731245,0.415308286552317,0.203910617041402,1.26993271941319,0.00149031297769397,8.84072704939172,0.00685144827002659,6.49216548464028,0.00088456436060369,0.500640735030174,0.00253118789987639,0.400394464813871,0.00111482723150402,0.0952808986185119,0.00254388200119138,0.0330222537741065,0.428231558762491,0.0805051282513887
2.63365542242536,0.21576763712801,8.94008834316628,1.06103285943391,0.0258016953011975,0.0645392609294504,0.493493835616391,1.07910944658215,0.0143667293596081,0.0718475072644651,0.24740050022956,0.555083342303988,0.166255547374021,1.47582146944478,0.0108499095076695,0.12682345934445,0.0710847862064838,0.0916886581107974,0,11.2607049196959,0.0428305405657738,0.0436225712765008,6.37874058564194,1.81960142159369,0.00728155364049599,0.021530180471018,0.00532117078546435,0.0191235062666237,0.266895774635486,0.593503086827695,5.88835417712107,5.34017202578252,10.8651244115317,11.8662789067603,0.482127289869823,0.112999542849138,0.119658116600476,0.0500560343498364,0.0647773290984333,0.0224011205136776,0.0204180850996636,0.0364683291409165,0.00669930438743904,0.00801832799334079,0.00249999994412065,0.00709448545239866,0.0117867664666846,0.0149754709564149,0.00195567141054198,0.00778462551534176,0.00339414505288005,0.00163265311857685,0,0,0.0214155131252483,0.0268589904299006,0.191754559637047,0.128348432685016,0.105292175489012,0.0474700029590167,0.0229483671719208,0.0393442623317242,0.0166777856065892,0.0415030868025497,0.0199107447406277,0.0193151892162859,0.353321222064551,0.235097267024685,11.1716711899498,1.4744976349175,0.883858991379384,2.25128967547789,0.371119143208489,0.76472711446695,0.123994319932535,0.208786014176439,0.716888547933195,0.93185079441173,0.0068359375,0.0278712158906274,0.0219555792282335,0.0617525549023412,0.0235928545589559,0.0597308843862265,0.0105820107855834,0.0252770076040179,0.0015999999595806,0.0498123499564826,0.0103515204973519,0.00696008207160048,0.524656816385686,0.194627478718758
0.0119760480010882,2.91827391833067,0.0358865535235964,10.1463675513514,0.00342231360264122,0.112741830700543,0.00817995890974998,2.92876798601355,0.00560616655275226,0.0966973141767085,0.00266844569705427,1.44920442998409,0.00234576582442969,2.57135633996222,0.00113410828635097,0.267937233205885,0.00824742252007127,0.396174004417844,11.2607049196959,0,0.0848536263220012,0.162208806024864,0.596543633204419,1.02982406504452,0.00522193219512701,0.0220640571205877,0.00915492925560102,0.0294225825928152,0.0513374785077758,1.17650297598448,1.30487072339747,1.96843091631308,2.76099130354123,7.81167012336664,0.119057127623819,0.0578373850439675,0.0972413822310045,0.12196811940521,0.116883112583309,0.0495759958866984,0.00970873795449734,0.14042738720309,0.0107579461764544,0.0178330188500695,0.00645350519334897,0.0175226592691615,0.0152206997154281,0.0249877501046285,0.00183094292879105,0.024301337543875,0.00162502541206777,0.00720906315837055,0,0,0.0416047540493309,0.070921985025052,0.024336283095181,0.90070396149531,0.0286682319710962,0.153846155444626,0.0118539595860057,0.162012885790318,0.00561272195773199,0.14728476095479,0.00640615005977452,0.0772200734354556,0.609066247008741,0.433266526029911,4.66055601241533,6.5005362398806,0.68250689690467,3.91105039813556,0.071164820343256,1.91465053585125,0.104220502311364,0.582115237659309,1.05974535254063,2.3656990667223,0.00177226401865482,0.102183409093414,0.00630150249344297,0.210066549479961,0.00692695187171921,0.162776409706566,0.00279242946999148,0.0939014202158432,0,0.130573250353336,0.026826249086298,0.0286611697520129,1.37775735807372,0.451879005006049
0.00828892854042351,0.0470588239841163,0.0165484633762389,0.0589022727217525,0.113980412483215,1.13261050335132,0.0131636680453084,0.0396373606054112,0.0890995250083506,0.337434098124504,0.0133444536477327,0.0299523496069014,0.00974025973118842,0.0241523451404646,0.1053240748588,0.563029984943569,0.0162016205722466,0.0346740649547428,0.0428305405657738,0.0848536263220012,0,5.14065519813448,0.0796398869715631,0.0696798480348662,2.06802723929286,1.52917896141298,1.41402493417263,4.3260867591016,0.470031520351768,0.357963877497241,2.8749181580497,1.14664801105391,0.0143295801244676,0.0373746579280123,0.00852272752672434,0.034071549307555,0.128973664017394,0.191352340392768,0.113575868308544,0.186266767326742,0.222698070108891,0.44534414075315,0.0104757745284587,0.0241850670427084,0.00372670800425112,0.0211780276149511,0.00933271134272218,0.0280332900583744,0,0.0120562623487785,0.00128040974959731,0.000959232624154538,0,0,0.0151853507850319,0.0526532307267189,0.0115862074890174,0.0233398173004389,0.000981354271061718,0.0062388590304181,0.00578751531429589,0.00958904135040939,0.00710227293893695,0.0161943323910236,0.00151171581819654,0.00766283529810607,0.0118941417895257,0.0344719510758296,0.0217096339911222,0.04208416887559,5.99638011876959,2.50533805787563,0.408474571420811,0.254885293543339,0.535372844897211,0.637571152299643,0.36550633830484,0.684474103618413,0.00873362459242344,0.0162932798266411,0.0180489895865321,0.037886340462137,0.145243282895535,0.241592306643724,0.00989885968738236,0.0367892979993485,0.00879120919853449,0.375838918145746,0.0157532002776861,0.0261001525213942,0.944297065958381,0.684073117561638
0.00539083569310606,0.0720777158858255,0.0125560542801395,0.110389610286802,0.0498154987581074,7.09827583562583,0.00398318201769143,0.063775508897379,0.0452755903825164,0.651501362677664,0.00344827584922314,0.0391608406789601,0.00577319576404989,0.0274361399933696,0.0189461223781109,2.74104040116072,0.00746268639340997,0.0627227388322353,0.0436225712765008,0.162208806024864,5.14065519813448,0,0.0470340461470187,0.0959232624154538,0.880189819959924,1.33950613229536,0.60479041817598,11.6980709438212,0.0912506686290726,0.557046982459724,1.5295698910486,0.874371849931777,0.0135770234046504,0.0426914149429649,0.00601503765210509,0.00729927001520991,0.0790960437152535,0.498091604677029,0.0661764708347619,4.90065129578579,0.0140186911448836,1.17362642800435,0.0115452933241613,0.0203972082817927,0.00636537210084498,0.0230978265171871,0.00665399234276265,0.0374331541825086,0.0027797082439065,0.00825309497304261,0.000648298242595047,0,0,0,0.00727272732183337,0.357023408461828,0.0022308980114758,0.0348314610309899,0.00300150085240602,0.00544217694550753,0.00252100842772052,0.015482054441236,0.00146092043723911,0.0216830146964639,0.00311526469886303,0.0145413870923221,0.00902527099242434,0.0253807101398706,0.0250871074385941,0.0729927013162524,3.99061914067715,6.67649777396582,0.126205083914101,0.601054487284273,0.561983447521925,0.950819618999958,0.319999999832362,0.679896484827623,0.00954653974622488,0.0132743362337351,0.00961538450792432,0.0309764296980575,0.0164424513932317,0.950634728185833,0.00347222224809229,0.0651073064364027,0.0022962111979723,3.08755760081112,0.00398936157580465,0.0792383277439512,3.46745566651225,0.662790695205331
0.0395935512788128,0.0478417261620052,7.05740301433252,2.23314096301328,2.25948457908817,0.97024651709944,0.79907082952559,1.40817195817363,0.480945327901281,0.376009213738143,0.0192689144751057,0.049486709642224,0.173967462382279,0.595137184020132,0.159684578189626,0.380580629571341,0.0226678284234367,0.0365853678085841,6.37874058564194,0.596543633204419,0.0796398869715631,0.0470340461470187,0,12.1971265439934,2.97758396167774,0.535169126931578,0.213586483150721,0.103999998129439,0.285444241249934,0.478710597089957,12.5320193404332,5.43700152717065,6.11297854146687,1.15605661791051,0.452208294416778,0.0658210515975952,0.0518799196579494,0.0509218624792993,0.0133063349639997,0.0183486237656325,0.000715051835868508,0.0233711045002565,0.0047608743479941,0.0103969756746665,0.00304568535648286,0.00416558189317584,0.00536552653647959,0.0190765232546255,0.00157563033280894,0.00209259754046798,0.00476714348769747,0.00045300112105906,0,0,0.00437732553109527,0.0151228738250211,0.0517212445265613,0.0377804008312523,0.0375457876943983,0.0131176217109896,0.00926510867429897,0.0094986807089299,0.0085607273504138,0.0176497906795703,0.00602244725450873,0.00721674266969785,0.131389420945197,0.0662923399941064,0.195583585649729,0.182091352937277,0.609606984362472,1.37637525022728,0.119658116600476,0.282292553165462,0.0546792835230008,0.0357017858186737,0.332220380776562,0.171768709842581,0.00502152083208784,0.0141793687362224,0.0197552078752778,0.0337141781346872,0.0420825462788343,0.0844996050000191,0.0163394016853999,0.0236341310373973,0.00617283978499472,0.0642876587808132,0.00260368225281127,0.00533333339262754,0.02585888345493,0.0685587903717533
0.00809061515610665,0.0517097578849643,1.1357576106966,11.1439350509609,0.322052805626299,2.03833626722917,0.229261910892092,2.32493262918433,0.151850434485823,0.762573974439874,0.00723327277228236,0.0672158163506538,0.0843672489281744,0.81742400303483,0.0346083775511943,0.570314835640602,0.00672394491266459,0.0438829773338512,1.81960142159369,1.02982406504452,0.0696798480348662,0.0959232624154538,12.1971265439934,0,0.535947718657553,0.458672882057726,0.0444955890998244,0.13354787195567,0.103806224651635,0.69201294076629,4.61235041980399,3.86524359218311,1.00397724093636,0.29468084173277,0.160352426930331,0.0306548996013589,0.0187476558494382,0.0648322644410655,0.011882659047842,0.0331803731969558,0.000983767793513834,0.0407766998978332,0.003629763959907,0.0103806224651635,0.00188916869228706,0.0071498213801533,0.00161768670659512,0.0145492334850132,0.00065703020663932,0.00196142523782328,0.000426439219154418,0.00273897574516013,0,0,0.00367936940165237,0.0140105080790818,0.00616451539099216,0.0414327209582552,0.00943396257935092,0.00682414695620537,0.0025094102602452,0.0138797097606584,0.00268997973762453,0.0152456236537546,0.00553824845701456,0.00471559073776007,0.034083992941305,0.0256464149861131,0.0500000021420419,0.0483619344886392,0.303257209598087,1.82230484130559,0.0473415895248763,0.450601547956467,0.0689325034618378,0.0592451032716781,0.264310947386548,0.183791600633413,0.00197628466412425,0.016528926033061,0.00462368357693776,0.0410928971250542,0.0271831476129591,0.140919616562314,0.00418477386119775,0.0281641171895899,0.00161550892516971,0.10732713737525,0.00303490142687224,0.0102859492471907,0.036026764428243,0.0841457187198102
