0,0.0278293146402575,5.73822290974203,0.063376335252542,0.0217957826098427,0.0121637423872016,5.40158107323805,0.0426528605166823,0.0593385213869624,0.00654664501780644,5.37276745820418,0.0220159726159181,3.0341685556923,0.0280373831628822,0.13675214163959,0.00774719673790969,2.7094641776057,0.0351571082137525,2.62105059315218,0.242124546930427,0.0368818107526749,0.00888642016798258,0.0938748297630809,0.0137776945484802,0.00404142448678613,0.00289435603190213,0.012664393754676,0.00544150389032438,1.83569740166422,0.0398711244924925,0.550856640911661,0.0218674831558019,1.83825520728715,0.300788583786925,0.087189088750165,0.021387442771811,0.589217559172539,0.00333969466737472,0.326695126190316,0.00820793415186927,0.0432309429161251,0.00168728915741667,0.00409836068865843,0.00199203190277331,0.00297239905921742,0.00256904301932082,0.0135644307592884,0.00365630723536015,0.00653737195534632,0,0.0291034266992938,0,0.0028646455029957,0,0.025175861781463,0.013338013086468,13.72458374282,0.0206215511716437,0.656631073099561,0.000370301801012829,1.00715051082079,0.00218197688809596,0.685119559930172,0.00616451539099216,0.205429865221959,0.000809225195553154,0.43095787189668,0.034018863516394,5.53072883945424,0.150721808196977,1.24864737706957,0.193745590397157,2.26138237837586,0.0804967778094579,0.575487479451112,0.0140252450364642,1.09337623344618,0.0708005543856416,0.0627650531823747,0.0101180436322466,0.313279535097536,0.00773071381263435,0.0880088016856462,0.00655021853162907,0.222615292965202,0.00271002703811973,0.0118841291405261,0.00271985493600368,0.0197044339147396,0.000300706655252725,0.0914651953498833,0.161863172543235
0.0278293146402575,0,0.026009792345576,4.64252871833742,0.000493949104566127,0.0263222033972852,0.00938477588351816,2.89395468117436,0.000507614226080477,0.0399512793519534,0.00386566808447242,4.46940162419924,0.00867208675481379,0.928930063964799,0.00126528888358735,0.0291569833061658,0.0162361620459706,2.45444163487991,0.175391154596582,2.15620264533209,0.0129145875107497,0.00641586480196565,0.0370116523699835,0.0265435663168319,0.00316873518750072,0.00754906854126602,0.00152516516391188,0.00361663661897182,0.0309951063245535,0.81101378146559,0.0648794760927558,0.106339467340149,0.246755843341816,0.840900283772498,0.0448556197807193,0.0322302142158151,0.0378109470475465,0.0363184096640907,0.0296589208301157,0.00427147600566968,0.00358851661439985,0,0.00269438020768575,0.0313531362917274,0.00484795076772571,0.0248944207560271,0.00428348896093667,0.00604001525789499,0,0.000445831479737535,0.000964785343967378,0,0.000497884000651538,0.0019723866134882,0.0030592733528465,0.0184581982903183,0.0677267400897108,8.04319314923487,0.0267927502281964,0.0302161022555083,0.0132792323129252,0.281115391408093,0.0133517497743014,0.676628797897138,0.00517890762421302,0.153426951554138,0.154887461685576,1.02208098364645,0.324817515676841,1.82120055018459,0.0706055397167802,0.699338404636364,0.0344234058866277,1.21216472188826,0.0175541255157441,0.116710870759562,0.281130261457292,0.454457829764578,0.0029717682627961,0.174246905953623,0.00795454520266503,0.354480713431258,0.000914703879971057,0.0176950998720713,0.00387446707463823,0.132075476110913,0,0.00943396240472794,0.000653487979434431,0.00895199849037454,0.135541245399509,0.0723260819213465
5.73822290974203,0.026009792345576,0,0.89250002161134,4.39496390536078,0.593598886247491,14.9024270111113,0.888997552217916,1.17511960258707,0.271116227377206,1.31810914742528,0.113592852285365,3.4258007244207,0.376153576333309,0.249297468457371,0.0494671212800313,0.300580713199452,0.0186187488143332,11.6976186468964,0.683791585033759,0.0197422548662871,0.0114472605055198,6.67873583559413,1.11417537467787,0.612863152869977,0.247745608328842,0.181600379932206,0.056920456700027,1.58087094407529,0.168454508297145,4.96772812079871,0.486533078626962,6.66831785690738,0.290693372953683,0.141843977035023,0.0204576039686799,0.251173715660116,0.0070422537100967,0.137190856738016,0.000898069178219885,0.0122767862631008,0,0.00441501103341579,0.00196540873730555,0.00334868137724698,0.00295420971815474,0.0107886906771455,0.00108342358726077,0.00558299352996983,0.00126957255997695,0.0161015639314428,0,0.00422832989715971,0,0.00804387591779232,0.00381546997232363,0.833048893429805,0.0175438596343156,0.156884871481452,0,0.145884850819129,0.00129004518385045,0.0964223395567387,0.00456360541284084,0.0409982164856046,0.00039912192733027,0.17564083574689,0.0220351957250386,1.31401388213271,0.0808664280921221,1.90692285372643,0.546169871813618,1.80218250316102,0.146739133168012,0.493165639811195,0.031379024265334,0.92164856789168,0.14031890348997,0.027739250799641,0.00496414757799357,0.130797105986858,0.00828421243932098,0.106655107287224,0.0133390704577323,0.0633846919226926,0.00375939859077334,0.00827854897943325,0.00357142859138548,0.00754598365165293,0.000297663355013356,0.0514138815924525,0.128461323038209
0.063376335252542,4.64252871833742,0.89250002161134,0,0.0912370021978859,2.53534711649991,0.343090201786254,15.9246862276923,0.0321459610713646,0.696162728127092,0.0362273569044191,1.22458533046301,0.14324891672004,1.80280721775489,0.00702922683558427,0.22679266508203,0.0135335167869925,0.157445968419779,1.77572331548436,8.98689515292062,0.0240727082127705,0.0263865151209757,2.5615384154662,9.67218171112472,0.0498764336225577,0.244501948269317,0.0108742933662143,0.0396912897122093,0.0621408043662086,0.60205204851809,1.76092497998616,1.91905237385072,0.450202716630884,1.34994841596927,0.039706923882477,0.0154626723378897,0.0405636195500847,0.0290350118884817,0.0416135868290439,0.00615006167208776,0.00399201596155763,0.000988142332062125,0.00204778154147789,0.015602322149789,0.00307574006728828,0.0104590356932022,0.00482758635189384,0.00805098982527852,0.000787246623076499,0.000388349522836506,0.00174342590617016,0,0,0,0.00339328136760741,0.013247173425043,0.0386266093701124,0.310382205352653,0.0118466896237805,0.00271508563309908,0.00755833080620505,0.0248275869525969,0.00638977624475956,0.0436389240203425,0.00285016276757233,0.023551058024168,0.0609947245102376,0.250898121477803,0.295562608924229,0.604935562732862,0.273666457796935,1.6665964172571,0.0853942101821303,0.940495868097059,0.0485056325560436,0.151343360543251,0.540495867957361,0.723306997737382,0.00297840661369264,0.0286419752519578,0.0060565274907276,0.0632741400040686,0.00555886456277221,0.0453470040520187,0.00380635191686451,0.0307418687734753,0.000441403652075678,0.00897226762026548,0.00206337511190213,0.00167996634263545,0.181910818268079,0.163992868619971
0.0217957826098427,0.000493949104566127,4.39496390536078,0.0912370021978859,0,0.655172411352396,0.815115229779622,0.0460214281920344,14.5658600027673,0.199138854513876,0.107822408666834,0,0.62591240380425,0.00409416574984789,4.27975944953505,0.0667739359778352,0.148514850880019,0.00375234521925449,0.0395904431352392,0.00328839203575626,0.225862068124115,0.108291029930115,1.84508228994673,0.281165317283012,6.60779208317399,0.853503205231391,10.429164599278,0.688423633459024,2.25893872440793,0.0722418525256217,6.05018243385712,0.224698232021183,0.275887039373629,0.00619195023318753,0.0121212117373943,0.00488599331583828,0.172588840825483,0.0146644113119692,0.0277932180324569,0.00101677677594125,0.360984500963241,0.00175901490729302,0.0142421165364794,0.00076893501682207,0.0122217369498685,0.000888099486473948,0.0263066801708192,0.00196656840853393,0.0156682029482909,0,0.0317220543511212,0,0.0203389835078269,0,0.0174321157392114,0.00304971035802737,0.0404840487753972,0,0.00989749026484787,0,0.0264566933037713,0,0.0314735344145447,0,0.0249875069130212,0,0.0121773016871884,0.00839920982252806,0.0131024797447026,0.00239808158949018,3.62554590892978,0.149400211754255,1.15274730615783,0.0580611703917384,0.334756607655436,0.0191972078755498,0.202177289756946,0.040987913729623,0.0715563492849469,0.00175592629238963,0.243323438277002,0.00158311345148832,0.929444958688691,0.0388708926038817,0.112445416627452,0.000806289026513696,0.143209883011878,0.0100351229775697,0.0309757352806628,0.00047258980339393,0.00788954645395279,0.031496062874794
0.0121637423872016,0.0263222033972852,0.593598886247491,2.53534711649991,0.655172411352396,0,0.209527281869669,0.606925351545215,0.309101308230311,8.84309600782581,0.0154162390390411,0.0405643726699054,0.105924591771327,0.0864321598783135,0.0431541769648902,3.11653542146087,0.0224358985433355,0.0548947846982628,0.0683646134566516,0.0672051724977791,2.07084015116561,3.56310691474937,1.42190499755088,3.08250156842405,1.32747802766971,10.6636724350974,2.0195290313568,11.7461262684083,0.151973436470143,1.64013839088148,3.95547650195658,3.38768122252077,0.135653413133696,0.048632217105478,0.0611353721469641,0.0764430577401072,0.0372194857336581,2.11056377924979,0.0237452776636928,2.47006418555975,0.00868809758685529,1.29974809032865,0.0166500161867589,0.0474576269625686,0.00426439219154418,0.0355594108696096,0.031260619754903,0.112077291822061,0.00359712238423526,0.00174443959258497,0.00248385505983606,0,0.00109649123623967,0.00322061183396727,0.00395126757211983,0.453045286703855,0.0108719286799897,0.0150409199413843,0.0041623308788985,0,0.00247754715383053,0.00360685307532549,0.00278940028510988,0.00707714061718434,0.000973235990386456,0.0015515903942287,0.0307692307978868,0.0843490982661024,0.0310360557632521,0.0534262473229319,1.13361617934424,3.12605932785664,0.0885805741418153,0.952092790976167,0.0767346938373521,0.843333353754133,0.432677762000822,1.52069491893053,0.0119453921215609,0.0284995810361579,0.0136054425383918,0.0525494302855805,0.0128440367989242,1.19458237494109,0.00612612627446651,0.0490528415248264,0.00238948618061841,1.60039081564173,0.0015274949837476,0.0405972943408415,1.94569290382788,0.282242999295704
5.40158107323805,0.00938477588351816,14.9024270111113,0.343090201786254,0.815115229779622,0.209527281869669,0,0.389222853307729,1.61926255840808,0.115672326384811,1.95249316538684,0.0250128501211293,7.32484481189749,0.115349404513836,0.38509315502597,0.0301194951171055,0.278257671598112,0.00764552562031895,0.815199138596654,0.135354137339164,0.0125444278819486,0.0041623308788985,1.58236273698276,0.473003782244632,0.144489641243126,0.0773831775295548,0.0433145007991698,0.0171526585472748,1.89394907280803,0.0596434383187443,1.5095443041937,0.202873465663288,0.693500379624311,0.0686064288020134,0.0242767558665946,0.00453514725086279,0.213120837725,0.00481838415726088,0.0940612288832199,0.00178890870301984,0.00932203378761187,0.000840336142573506,0.00669506972189993,0.00160668379976414,0.00371998662012629,0.000680851051583886,0.0141277638613246,0.000599340710323304,0.00690488494001329,0,0.0247531269560568,0,0.00630446881405078,0,0.00514683619257994,0.00434656642028131,0.862879508174956,0.00444993824930862,0.10632362216711,0.000302800908684731,0.266843200457515,0.000345602224115282,0.117832172400085,0.00062548863934353,0.0608108101878315,0.000650723930448294,0.0504593072400894,0.0112110551272053,0.163541670626728,0.0158760157646611,1.35105408509844,0.194612425519153,1.6259415409877,0.0486311224813107,0.520233634510078,0.00880687788594514,0.811599399632541,0.0401737256906927,0.0291077832807787,0.00125997475697659,0.194110584154259,0.00323755550198257,0.148547571268864,0.00518672211910598,0.0967211298557231,0.00186393293552101,0.00877360289450735,0.00249287748010829,0.00720288083539344,0.000509229779709131,0.0293293080758303,0.074153914465569
0.0426528605166823,2.89395468117436,0.888997552217916,15.9246862276923,0.0460214281920344,0.606925351545215,0.389222853307729,0,0.0229226369410753,2.34336402826011,0.0259380940406118,3.00049152161228,0.163532526261406,6.90765199810266,0.00375822116620839,0.729810254852055,0.00980907364282757,0.181637063215021,1.44348330551293,3.23341013814206,0.0142546029528603,0.0165582495974377,2.51096261595376,2.85634966622456,0.0224636340863071,0.0601637596846558,0.00501972029451281,0.00942883029347286,0.0653634718619287,0.884746805764735,2.06970238490612,2.37022327794693,0.430783098796383,1.14563111640746,0.0449050100287423,0.0214885723835323,0.0240112994797528,0.0374293786007911,0.0207381376239937,0.00580402874038555,0.00120288692414761,0.000397772470023483,0.00175438594305888,0.0224892170808744,0.00355871886131354,0.0175809858483262,0.00648967549204826,0.0100835492776241,0.000329978560330346,0.00195758562767878,0.00152613501995802,0.000296120822895318,0,0,0.000290951400529593,0.0184100411133841,0.0329540076490957,0.518066517543048,0.00952380988746881,0.00494689369224943,0.00792527617886662,0.0604459141613916,0.00534402159973979,0.0933513433556072,0.00339443300617859,0.0530007781344466,0.079529823444318,0.347398912534118,0.248838754487224,0.564849771617446,0.2673423064698,1.83755457750522,0.0752932917384896,0.717182116641197,0.0359541671932675,0.118721464590635,0.387972501048353,0.542630303534679,0.000399281299905851,0.0469184897374362,0.00519930658629164,0.149199329665862,0.0046534818247892,0.0304031737614423,0.00276978799956851,0.0607772236107849,0,0.00951733521651477,0.00206052791327238,0.0029545733705163,0.114984709478449,0.153658042225288
0.0593385213869624,0.000507614226080477,1.17511960258707,0.0321459610713646,14.5658600027673,0.309101308230311,1.61926255840808,0.0229226369410753,0,0.109777014702559,0.302860363153741,0.00285035627894104,2.8549858382903,0.00283486885018647,16.4811400686158,0.0420698372181505,0.327677009627223,0.00197726138867438,0.012052463425789,0.00477489770855755,0.0647002840414643,0.0521901221945882,0.31896551605314,0.113260641985107,1.22012577799615,0.269468476530164,2.83396702446043,0.23234324157238,3.93328110361472,0.0262510254979134,1.37109940359369,0.110513447085395,0.0610629467410035,0.00643316673813388,0.0231213879305869,0.00536193035077304,0.189903853228316,0.00961538497358561,0.048520709737204,0.00107642624061555,0.0546558718197048,0,0.0204225344932638,0.00240770465461537,0.00916590273845941,0.000933271134272218,0.0805755387991667,0.00271923863328993,0.0397865120321512,0,0.0652342757675797,0,0.0373269114643335,0,0.022964509902522,0.000630914815701544,0.0816050508292392,0,0.0286764711490832,0,0.0724070466239937,0,0.0824949669186026,0.000751032668631524,0.0961945018498227,0,0.0190142609644681,0.0025387154892087,0.0108481263741851,0.00128287367988378,2.97040048695635,0.0765217356383801,2.16247802018188,0.0274725287454203,0.568738219095394,0.00771456118673086,0.467032988672145,0.0301003352506086,0.225966309662908,0,0.599863225885201,0.00271665310719982,1.28111062943935,0.0272904485464096,0.202710224955808,0.000824402319267392,0.145598939852789,0.00424628471955657,0.043559099198319,0,0.0132596679031849,0.0418963630218059
0.00654664501780644,0.0399512793519534,0.271116227377206,0.696162728127092,0.199138854513876,8.84309600782581,0.115672326384811,2.34336402826011,0.109777014702559,0,0.00410677632316947,0.107488989480771,0.0526315770111978,0.25041848316323,0.0117600939120166,6.31549965770682,0.0106723583303392,0.0740402215160429,0.0622906888020225,0.0917016450548545,0.511513161705807,0.704361891373992,0.665569271659479,0.805186144716572,0.32330826879479,2.51374101417605,0.29718875256367,1.66904768277891,0.0641356426058337,1.4283518846496,1.51779358193744,2.41538462677272,0.0773598304949701,0.0965237955679186,0.0436046510003507,0.0218068528920412,0.020776379504241,0.302897743298672,0.0129380053840578,0.0978744387393817,0,0.149203688954003,0.00998336094198748,0.0436582625843585,0.00937366823200136,0.0199306759168394,0.0217317491769791,0.0502092047827318,0,0,0.000496524327900261,0,0,0,0.000658111239317805,0.048575711552985,0.00782438612077385,0.0318372761830688,0.00207972270436585,0,0.00433302402961999,0.00270270276814699,0.00557361810933799,0.0084865631069988,0.00388915906660259,0.00465116277337074,0.0297933687106706,0.0696881096810102,0.0383036927087232,0.0823665865464136,0.533898306079209,2.32275135465898,0.0447761204559356,1.13047859771177,0.0374898115405813,0.417637258768082,0.296221664641052,0.792240964248776,0.0034071549307555,0.0184100423939526,0.0077695045620203,0.0499219950288534,0.00549954164307564,0.348218306782655,0.00396253590588458,0.0370739473728463,0.00119331746827811,0.206930209882557,0.00101781170815229,0.00746268639340997,0.319626178010367,0.134328355081379
5.37276745820418,0.00386566808447242,1.31810914742528,0.0362273569044191,0.107822408666834,0.0154162390390411,1.95249316538684,0.0259380940406118,0.302860363153741,0.00410677632316947,0,0.00607638893416151,12.8596805641428,0.0284673956339248,0.787620864808559,0.00465838517993689,9.04192840959877,0.0126012604450807,0.328476826660335,0.0466304690344259,0.039999998989515,0.00314465397968888,0.084262024902273,0.0262984889559448,0.0171779140364379,0.00770500837825239,0.0416432183701545,0.00933488924056292,3.67673840373755,0.0121350018307567,0.276950045255944,0.0204991082428023,0.191444598720409,0.053386720828712,0.0482269488275051,0.0182094080373645,0.386473420076072,0.00966183550190181,0.165166757069528,0.00194457953330129,0.0421229982748628,0.00325998361222446,0.0276406720513478,0.00222965434659272,0.0125997475697659,0.00341588375158608,0.0516951996833086,0.0012734797783196,0.0530973449349403,0,0.113244709209539,0,0.0430107535794377,0,0.0214773837360553,0.00653012737166137,4.09018350506085,0.00307219667593017,0.246659817639738,0,0.826952490024269,0.000887311471160501,1.2309099198319,0.00349406007444486,0.263988523744047,0,0.0743565314915031,0.0169163846294396,0.200269426743034,0.0364050045609474,0.770031255669892,0.100831601535901,1.93298431299627,0.0386329859029502,0.7010309221223,0.0129449842497706,0.819217419018969,0.0491721025900915,0.283112582517788,0.0113913749810308,1.94172276277095,0.00412371149286628,1.12635378353298,0.00888494017999619,0.327962754527107,0.00237576715881005,0.0269005844602361,0.00192030728794634,0.0227043387712911,0.000462748721474782,0.0778985521756113,0.160940329544246
0.0220159726159181,4.46940162419924,0.113592852285365,1.22458533046301,0,0.0405643726699054,0.0250128501211293,3.00049152161228,0.00285035627894104,0.107488989480771,0.00607638893416151,0,0.0167567571625113,8.03410112479469,0.00275197788141668,0.17046238144394,0.0197309411596507,6.24842745764181,0.691801288630813,1.38893720088527,0.00508905854076147,0.00752823078073561,0.0944763848092407,0.131985729443841,0.00307377032004297,0.0112201964948326,0.00190566934179515,0.0058939098380506,0.0351906158030033,9.49645177170169,0.285714285448194,0.441153543884866,0.233774408348836,0.739981923019513,0.0692840642295778,0.0524390244390815,0.0311212820233777,0.0393592684413306,0.0271370419068262,0.00672551477327943,0,0,0.00416542694438249,0.03849983564578,0.00369959307136014,0.037537538446486,0.00727052427828312,0.00924054253846407,0.00154918665066361,0.00226329686120152,0.000912408751901239,0,0.000916590273845941,0.000900495273526758,0.00058910163352266,0.0195069077890366,0.0351018757210113,1.1178520025569,0.0111076823668554,0.00648202729644254,0.00780596560798585,0.140527952928096,0.0071741730789654,0.27072864031652,0.00497306243050843,0.0974114427808672,0.101372287201229,0.392825101269409,0.278540596773382,0.816346154606435,0.14438502327539,1.84505792707205,0.0421146953012794,3.26356247067451,0.0290587479248643,0.159178438596427,0.381033733487129,0.601295912638307,0.00130718958098441,0.755641497671604,0.00406386057147756,0.467872454290045,0.000788022065535188,0.0256509915925562,0.00135409610811621,0.094919040275272,0,0.0041580043034628,0.000933271134272218,0.0030146426288411,0.238429170567542,0.159663869300857
3.0341685556923,0.00867208675481379,3.4258007244207,0.14324891672004,0.62591240380425,0.105924591771327,7.32484481189749,0.163532526261406,2.8549858382903,0.0526315770111978,12.8596805641428,0.0167567571625113,0,0.0670138119021431,5.11077647306956,0.0161127895116806,2.44128339813324,0.0099502484081313,0.46105073322542,0.0870333534840029,0.0188964477274567,0.00599700165912509,0.591921200044453,0.225326730287634,0.0925313984043896,0.0510426394175738,0.121021114289761,0.0160771698574536,4.46729424735531,0.0371931586414576,0.846655829285737,0.120329675904941,0.34887004995835,0.0559981774713378,0.0513186044991016,0.0103168757632375,0.368824789242353,0.00675053690792993,0.135768651845865,0.00579206505790353,0.0441347260493785,0.00076248572440818,0.0297632474103011,0.00440420868108049,0.0121789783006534,0.00107009091880172,0.0704000001423992,0.00352655933238566,0.0443107226165012,0,0.101502384321066,0,0.0294840289279819,0,0.0286417547613382,0.00881427072454244,1.95722099306295,0.00369561580009758,0.192352261656197,0,0.702853465627413,0.000547945208381861,0.783700788393617,0.00328792870277539,0.193289351824205,0,0.0879828348406591,0.0177087091724388,0.164504555170424,0.0240963860414922,1.8233875700389,0.174698798800819,2.45674524019705,0.0474377754726447,0.79262328450568,0.0144376901444048,1.06705712235998,0.0419002664857544,0.179723502136767,0.00609523802995682,0.945784441311844,0.0037907506339252,1.3621262612287,0.00877433549612761,0.360928098089062,0.000930665410123765,0.0721184834837914,0.00344926700927317,0.0324626868241467,0,0.039999998989515,0.0999200638034381
0.0280373831628822,0.928930063964799,0.376153576333309,1.80280721775489,0.00409416574984789,0.0864321598783135,0.115349404513836,6.90765199810266,0.00283486885018647,0.25041848316323,0.0284673956339248,8.03410112479469,0.0670138119021431,0,0.00110375275835395,0.240663911390584,0.0115371566498652,0.869671882246621,1.36092637840193,1.83117507951101,0.00873744022101164,0.0103851144667715,0.746078849770129,1.00367558002472,0.00524541008053347,0.010504201927688,0.00213068188168108,0.00363240105798468,0.0385631257668138,6.56147968838923,0.923818086041138,1.51751440059161,0.256489347200841,0.695242834335659,0.0465496134711429,0.0220619428437203,0.0289455545134842,0.0241212954279035,0.0184426224441268,0.000645994849037379,0.00179694523103535,0,0.006866111070849,0.0150134046562016,0.00175438594305888,0.0100561960134655,0.00398208061233163,0.00669856450986117,0.000606244313530624,0.00237529701553285,0.00039207999361679,0,0,0.000680735218338668,0.00291828793706372,0.0104355717194267,0.0193866759946104,0.610078645666363,0.00960080849472433,0.00924349296838045,0.00836431217612699,0.0789553596405312,0.00433973968029022,0.177390415105037,0.00127795524895191,0.0514645492658019,0.0657115585636348,0.211705622728914,0.197183093288913,0.552735069126356,0.214792292215861,2.37124541139929,0.0590030542225577,1.44342701602727,0.0408695660880767,0.122197804623283,0.438848902471364,0.507255957461894,0.00178015127312392,0.138447967590764,0.00432484384509735,0.208172395825386,0.00184331793570891,0.0158054704079404,0.00181132071884349,0.054515597759746,0,0.00448430504184216,0.00159904058091342,0.00261145300464705,0.128791416529566,0.215384614770301
0.13675214163959,0.00126528888358735,0.249297468457371,0.00702922683558427,4.27975944953505,0.0431541769648902,0.38509315502597,0.00375822116620839,16.4811400686158,0.0117600939120166,0.787620864808559,0.00275197788141668,5.11077647306956,0.00110375275835395,0,0.00692041520960629,0.64197530283127,0.00141592917498201,0.00993651675526053,0.00267809315118939,0.454398268018849,0.0128000001423061,0.0518449315277394,0.0257887516636401,0.34661889646668,0.0479338843142614,1.68235295743216,0.0388433318585157,6.45731323212385,0.00679012376349419,0.307798960246146,0.0182648409390822,0.0138929095119238,0.00666666682809591,0.0149031303590164,0.00937012012582272,0.944038899382576,0.00405514991143718,0.170947030477691,0.000751879706513137,3.41787699470297,0,0.0417353108059615,0.00182149355532601,0.0174262740183622,0.000679117161780596,0.102177549793851,0.00213675224222243,0.0433112129103392,0,0.11704179921071,0,0.0592773054377176,0,0.0729053298709914,0.00302114803344011,0.208094686822733,0.00077519379556179,0.0448608732549474,0,0.104446741286665,0,0.117562720086426,0,0.10616184421815,0,0.0229214421415236,0.0109681502217427,0.0113074202090502,0.00169419741723686,1.38059404160595,0.0277008305420168,3.2105054181302,0.0114416479482315,0.307939913589507,0.00326264288742095,0.373760499642231,0.0200308173662052,0.298177791992202,0.00218340614810586,1.04079439101042,0.00133838946931064,6.48811656952603,0.00490539573365822,0.550654371734709,0.000707463768776506,1.12926932156552,0.0037230082671158,0.202320994692855,0,0.0246045696549118,0.0163838504813612
0.00774719673790969,0.0291569833061658,0.0494671212800313,0.22679266508203,0.0667739359778352,3.11653542146087,0.0301194951171055,0.729810254852055,0.0420698372181505,6.31549965770682,0.00465838517993689,0.17046238144394,0.0161127895116806,0.240663911390584,0.00692041520960629,0,0.0135891286772676,0.0859375025611371,0.0387382420012727,0.0708724844735116,0.823210422880948,1.05037507833913,0.143692953424761,0.194719471153803,0.214028781861998,1.23517208680278,0.190636858460493,1.40034662093967,0.0808141299057752,9.41132819233462,0.680806684657,0.894996439456008,0.0383052817778662,0.0523531077196822,0.0329341316828504,0.0523012538906187,0.0350020362529904,0.96540499990806,0.0225533633492887,0.448887210804969,0.00224592932499945,0.404173536226153,0.0203688403125852,0.0773211604682729,0.00873949588276446,0.0299727516248822,0.0470193091314286,0.15850066114217,0.00350385409547016,0,0.00214776635402814,0,0,0.000802246271632612,0.000545404967851937,0.213474632415455,0.00803212844766676,0.0190254316257779,0.00398519798181951,0,0.00414615171030164,0.00280898879282176,0.00143833155743778,0.0109953704522923,0.00446927372831851,0.00249376567080617,0.0388308974797837,0.11284868902294,0.0184331793570891,0.0493197268806398,0.792527834302746,1.57744245033246,0.0415335455909371,1.5392269063741,0.0506738544208929,0.54863389977254,0.398009940981865,1.56783914286643,0.00776914565358311,0.0307185971178114,0.00807102536782622,0.19222172559239,0.00640569400275126,1.72653783066198,0.00582524249330163,0.156244460726157,0.00173611112404615,0.61710872198455,0.00351031147874892,0.0345809597638436,0.640753854066133,0.167058816878125
2.7094641776057,0.0162361620459706,0.300580713199452,0.0135335167869925,0.148514850880019,0.0224358985433355,0.278257671598112,0.00980907364282757,0.327677009627223,0.0106723583303392,9.04192840959877,0.0197309411596507,2.44128339813324,0.0115371566498652,0.64197530283127,0.0135891286772676,0,0.0949720682110637,0.112016289203893,0.0372914623003453,0.0544217675924301,0.0283806335646659,0.0316227459115908,0.0101078164880164,0.0167095115175471,0.00688468152657151,0.0575455076759681,0.0109756097663194,5.10138431063388,0.12641436222475,0.0987318858969957,0.0138248849543743,0.579553620191291,0.19979473692365,1.1826347745955,1.18810287397355,0.907769692596048,0.169927331618965,0.262258962495252,0.0342914776410908,0.107816713862121,0.00867302704136819,0.605733576812781,0.134505162015557,0.428261809982359,0.136684299213812,0.614802070718724,0.103032281040214,0.857273554371204,0.00177383597474545,1.15295888495166,0.000694685673806816,0.380739094689488,0,0.186062018328812,0.0801213984377682,8.66257424160722,0.0307829577941447,1.03901584434789,0,1.82074577955063,0.00366972479969263,5.3251301064156,0.0229555238038301,1.05007442459464,0.0047244094312191,0.765647755935788,0.387795274145901,0.229447278834414,0.134204281377606,0.651515150908381,0.137297300621867,2.35511976922862,0.14293059729971,1.02948607783765,0.0172117038164288,1.82416460150853,0.555497636436485,2.04761898564175,0.0588744604028761,5.53886529826559,0.0530740934191272,1.32026144152042,0.0248047776985914,0.97859215902281,0.023709060944384,0.0977995153516531,0.00497760076541454,0.106940878555179,0.00941619568038732,0.116504856850952,0.0949612399563193
0.0351571082137525,2.45444163487991,0.0186187488143332,0.157445968419779,0.00375234521925449,0.0548947846982628,0.00764552562031895,0.181637063215021,0.00197726138867438,0.0740402215160429,0.0126012604450807,6.24842745764181,0.0099502484081313,0.869671882246621,0.00141592917498201,0.0859375025611371,0.0949720682110637,0,0.114110428956337,0.26816969551146,0.0147651012521237,0.0224867718061432,0.0535850983578712,0.0329067630227655,0.00320855621248484,0.0184735055663623,0.00297471508383751,0.00818833149969578,0.117174423940014,12.7222799000447,0.0713719264604151,0.12399356008973,0.690168182365596,0.694470192771405,0.539393943035975,0.301668815081939,0.0380408950150013,0.146457445807755,0.0122123066103086,0.0148019157350063,0.00140154163818806,0.00136332656256855,0.0164684359333478,0.122824972495437,0.0160244177095592,0.123934932053089,0.012426219182089,0.0254362605046481,0.0039999998989515,0.0038925651460886,0.00790330080781132,0.000626370194368064,0.00190476188436151,0.00280504912370816,0.0018110474338755,0.0532003305852413,0.118153846822679,3.19032726611476,0.086736309400294,0.0157004828797653,0.0633380901999772,0.202085003256798,0.0387309431098402,4.71244343556464,0.0317460328224115,0.189908891974483,0.538773678126745,1.33028783462942,0.415889758500271,1.22422420640942,0.163737280934583,1.654343829141,0.0334883728064597,4.06728635285981,0.0213191211223602,0.24119241675362,0.363877816940658,1.0631437470438,0.0151933707529679,10.2014979820233,0.0440083246212453,3.71699037044891,0.00325732887722552,0.060216779820621,0.0188808786333539,0.248724246979691,0.00205128197558224,0.0120533795561641,0.0019029495306313,0.00745287159224972,0.209821432479657,0.0787518558790907
2.62105059315218,0.175391154596582,11.6976186468964,1.77572331548436,0.0395904431352392,0.0683646134566516,0.815199138596654,1.44348330551293,0.012052463425789,0.0622906888020225,0.328476826660335,0.691801288630813,0.46105073322542,1.36092637840193,0.00993651675526053,0.0387382420012727,0.112016289203893,0.114110428956337,0,11.4367956109345,0.0174825172871351,0.014718615100719,8.22853520212811,1.86568638484459,0.0187406301847659,0.0189141862210818,0.00355239782948047,0.00726744183339179,0.261558781494386,0.446802736783866,4.17469888168853,1.64716630463954,14.3943450812949,6.73754676390672,0.450980397406965,0.123938882024959,0.135815230722073,0.0241296095191501,0.0696959373308346,0.00581583223538473,0.00808988761855289,0.00176600436680019,0.00147167028626427,0.00429069437086582,0.0122842941200361,0.0065088756964542,0.00348518800456077,0.00382866710424423,0.00242571253329515,0.000594000623095781,0.00941176456399262,0,0,0,0.00729749444872141,0.00680735174682923,0.519301958964206,0.0893655014806427,0.0924943154677749,0.000973235990386456,0.050197537522763,0.00972053501754999,0.0297674406319857,0.0271794861764647,0.0159795468789525,0.00602409662678838,0.481849458243232,0.176970628090203,14.0900453152135,1.79327615402872,1.78918923251331,1.55367997835856,0.603120769315865,0.894340859027579,0.167899089574348,0.131926118046977,0.866862939437851,0.90597159799654,0.0178094394505024,0.0361711508012377,0.0293198750296142,0.0321268798725214,0.00860479392576963,0.0109455763595179,0.0138888887013309,0.0105107575654984,0.00072780204936862,0.00448574172332883,0.0039984006434679,0.000746268662624061,0.244631186476909,0.263992531166878
0.242124546930427,2.15620264533209,0.683791585033759,8.98689515292062,0.00328839203575626,0.0672051724977791,0.135354137339164,3.23341013814206,0.00477489770855755,0.0917016450548545,0.0466304690344259,1.38893720088527,0.0870333534840029,1.83117507951101,0.00267809315118939,0.0708724844735116,0.0372914623003453,0.26816969551146,11.4367956109345,0,0.0325135464663617,0.0173482027603313,0.504971011861926,1.94225716753863,0.00359841680619866,0.0155091037740931,0.0020505809225142,0.00628711155150086,0.0816221794229932,0.686212333850563,1.02302538201911,0.957264919765294,2.58235451811925,3.90738064306788,0.117233296623453,0.0299959474941716,0.116865873336792,0.0252324044704437,0.0743910447927192,0.00499064242467284,0.00856164377182722,0,0.00238777458434924,0.00729166704695672,0.00226628896780312,0.00401031220098957,0.00920542632229626,0.00419580418383703,0.0011733645806089,0.000575043144635856,0.00230282102711499,0,0,0,0.00994789187097922,0.00973882235120982,0.162863074539928,0.24745880876435,0.0491642102133483,0.00142146408325061,0.0258269149053376,0.0176315009593964,0.0227817751001567,0.0428820740198717,0.00740740774199367,0.0122242891811766,0.232740884996019,0.204274628777057,4.55509495642036,4.05366341932677,0.430478681402747,2.19915392861003,0.16345210315194,1.97790403856197,0.0796680506318808,0.272536689590197,1.08143939293223,1.53787389956415,0.0067882901057601,0.0454163165995851,0.0177902623545378,0.0572678446769714,0.00475482922047377,0.0223529402865097,0.0050482552323956,0.0190322588023264,0.00069954531500116,0.00433168309973553,0.0046939174644649,0.00219338323222473,0.467820695310365,0.368957882747054
0.0368818107526749,0.0129145875107497,0.0197422548662871,0.0240727082127705,0.225862068124115,2.07084015116561,0.0125444278819486,0.0142546029528603,0.0647002840414643,0.511513161705807,0.039999998989515,0.00508905854076147,0.0188964477274567,0.00873744022101164,0.454398268018849,0.823210422880948,0.0544217675924301,0.0147651012521237,0.0174825172871351,0.0325135464663617,0,2.91851846687496,0.0366474387701601,0.0233766239834949,2.17594661121257,3.00829496607184,1.0181818054989,2.45010195393115,2.01488841557875,0.573228344321251,1.88258071814198,0.865079338895157,0.0235849060118198,0.0273730676854029,0.020648967474699,0.0511945376638323,1.48364283354022,0.389036261476576,0.324978399090469,0.238490565912798,5.48131893528625,0.472727294079959,0.0138708278536797,0.0193976524751633,0.00606428133323789,0.0149068320170045,0.0347129498259164,0.0440016600186937,0.00785340322181582,0.00250469637103379,0.010810811072588,0,0.0141843967139721,0,0.023921400308609,0.0750853238278069,0.0256213155807927,0.00313725485466421,0.00823045265860856,0,0.0157915509771556,0.00131406041327864,0.0178694154601544,0.00563380296807736,0.0117733627557755,0.00106269924435765,0.015588914451655,0.0334703463013284,0.0254180595511571,0.0370370373129845,3.89075634011533,2.05704698944464,1.92020377493463,0.41181042091921,0.423440463840961,1.19841276761144,0.624708638526499,1.0388580407016,0.197479001712054,0.0201207236386836,0.267670433968306,0.0254129595123231,2.20889482984785,0.622778127202764,0.180057682329789,0.0194489460554905,0.372188130393624,0.492968153790571,0.0482673259684816,0.0100278554018587,2.97311827680096,1.60427810624242
0.00888642016798258,0.00641586480196565,0.0114472605055198,0.0263865151209757,0.108291029930115,3.56310691474937,0.0041623308788985,0.0165582495974377,0.0521901221945882,0.704361891373992,0.00314465397968888,0.00752823078073561,0.00599700165912509,0.0103851144667715,0.0128000001423061,1.05037507833913,0.0283806335646659,0.0224867718061432,0.014718615100719,0.0173482027603313,2.91851846687496,0,0.0296396091580391,0.0257289886940271,0.778260834049433,1.52664863038808,0.481724468059838,5.75298821926117,0.087383403792046,0.553191509679891,0.870229010470212,0.604954356327653,0.0168067227350548,0.0183646703953855,0.0342857139185071,0.118421053513885,0.03816131898202,2.80659155058675,0.0254452927038074,3.17743142135441,0.0125786159187555,3.35396527941339,0.00515242607798427,0.0272589612286538,0.00239377608522773,0.015931373112835,0.015866020694375,0.0789798460900784,0,0,0.00238663493655622,0,0,0,0.0016927634133026,0.238435505947564,0.00662420346634462,0.00883805559715256,0.0036215481813997,0,0.00391389447031543,0.00388601026497781,0.00541638443246484,0.002788104058709,0.00144822592847049,0.00210084044374526,0.018359150737524,0.0361726958071813,0.0171390898758546,0.0400763360084966,1.65181523305364,2.43822070304304,0.0716666684020311,0.394194053253159,0.0943738659843802,1.73384029045701,0.404889240744524,1.36087294633035,0.00803212821483612,0.0154142584651709,0.00828843738418072,0.022082018549554,0.00664010643959045,1.13562622573227,0.00410172273404896,0.0281041229900438,0.0120000005699694,1.53969415777829,0.00368776882532984,0.031561462150421,10.4213195834309,0.32323232293129
0.0938748297630809,0.0370116523699835,6.67873583559413,2.5615384154662,1.84508228994673,1.42190499755088,1.58236273698276,2.51096261595376,0.31896551605314,0.665569271659479,0.084262024902273,0.0944763848092407,0.591921200044453,0.746078849770129,0.0518449315277394,0.143692953424761,0.0316227459115908,0.0535850983578712,8.22853520212811,0.504971011861926,0.0366474387701601,0.0296396091580391,0,11.8548215689952,3.22332436498255,0.982925412943587,0.416810605907813,0.109058931469917,0.274977504712297,0.402399620274082,9.52751974400599,3.02258311701007,4.40360524319112,0.706859799858648,0.30511747521814,0.0902155903168023,0.0308988767210394,0.0179775282740593,0.0100390410516411,0.00266382528934628,0,0.000683994556311518,0.00337837846018374,0.00638103915844113,0.00441392854554579,0.00643723661778495,0.00384944403776899,0.00702769716735929,0.00303260050714016,0,0.00416739005595446,0,0,0,0.00125786164426245,0.00434267651871778,0.0786481329705566,0.0351774867158383,0.0186308492266107,0.000419375137425959,0.0181378478009719,0.00202480377629399,0.0123583939857781,0.00921254645800218,0.00633579748682678,0.00324750645086169,0.156117423903197,0.0802056566462852,0.337920474819839,0.151085390942171,0.410610659106169,1.22838992718607,0.210701407631859,0.314854675380047,0.0757268406450748,0.0634162951027974,0.259418723988347,0.22384823334869,0.0110154906287789,0.0116199585609138,0.0228215770039242,0.0121929351589642,0.0199335557408631,0.029888552671764,0.0115337083116174,0.00711321900598705,0.00176108011510223,0.00740740750916302,0.00176647241460159,0.00132912443950772,0.0406997498357669,0.0849090236588381
0.0137776945484802,0.0265435663168319,1.11417537467787,9.67218171112472,0.281165317283012,3.08250156842405,0.473003782244632,2.85634966622456,0.113260641985107,0.805186144716572,0.0262984889559448,0.131985729443841,0.225326730287634,1.00367558002472,0.0257887516636401,0.194719471153803,0.0101078164880164,0.0329067630227655,1.86568638484459,1.94225716753863,0.0233766239834949,0.0257289886940271,11.8548215689952,0,1.36579926294507,1.28050049592275,0.143108917342033,0.0720980518963188,0.0971893916721456,0.461996192694642,3.08916803798638,2.55811149033252,0.431492832489312,0.197190046310425,0.0542510111699812,0.0227081582997926,0.0116318853688426,0.0232637707376853,0.0067819602554664,0.000641642604023218,0.00089007563656196,0,0.000487923884065822,0.0117302050348371,0.000581226369831711,0.00352733675390482,0.00346620433265343,0.00571292534004897,0.000602409651037306,0,0.00117141741793603,0,0.000684931525029242,0,0.000483910000184551,0.00361255370080471,0.0126426686765626,0.0156667265109718,0.00452374981250614,0.000484027113998309,0.0018497109413147,0.00241400115191936,0.00369571906048805,0.0091789907310158,0.00190415745601058,0.00326619471888989,0.0323439881321974,0.027702963212505,0.0632795845158398,0.0581973036751151,0.208584835054353,1.38806974969339,0.0666666639153846,0.361156207043678,0.0336062040296383,0.06445993098896,0.196167580084875,0.214215524378233,0.00176366837695241,0.00524246413260698,0.00621563487220556,0.00971659901551902,0.0103785107494332,0.0259740249020979,0.00481492606922984,0.00556373764993623,0,0.0063633470563218,0.000398089177906513,0.00222965434659272,0.0369685771875083,0.101569715188816
