0,0.0281690150732175,6.45965398766566,0.0319891110993922,0.0165903882589191,0.000570125412195921,7.80153104662895,0.0236138086183928,0.0451127830892801,0,4.58760272525251,0.00571725575719029,2.23348949418869,0.00817624322371557,0.157817114784848,0.00291828793706372,2.54977386607789,0.00791556725744158,2.40525838173926,0.0970831532031298,0.00945945968851447,0.0026881720405072,0.0591366057051346,0.0168757122009993,0.00060587702319026,0.00116720166988671,0.00235363352112472,0,3.64903045567917,0.0102065611572471,0.388500382541679,0.0159957341384143,2.07672392507084,0.218876403901959,0.0385604111943394,0.013346680207178,0.736781281011645,0.00287356320768595,0.101598169305362,0.00548245618119836,0.301679819822311,0.000680272118188441,0.0112132765934803,0.00095556618180126,0.011066398001276,0.000520833360496908,0.0238805976696312,0.00353122921660542,0.00521376437973231,0,0.0256458609364927,0.000454029504908249,0.00462160585448146,0,0.0249671489582397,0.0257166951196268,13.477210465644,0.0264716120436788,0.801751962251728,0.00756901176646352,1.13414895685855,0.00211752252653241,0.961384781403467,0.00234192033531144,0.0400548696052283,0.00145985398557968,0.330974407028407,0.0213923806732055,4.98423540673684,0.0672963381512091,0.882420054753311,0.05808656278532,3.44624130846933,0.0174010658520274,0.549125159159303,0.00948830903507769,0.346933120454196,0.0464205818716437,0.0341413455316797,0.00203183200210333,0.460479583736742,0.00535987765761092,0.297917786403559,0.00211026123724878,0.366273809806444,0.00227938787429594,0.0254391267662868,0,0.0449695105198771,0,0.0380818066187203,0.0386235959012993
0.0281690150732175,0,0.0161645846674219,5.33922670444008,0.00118063751142472,0.0564705859869719,0.00622858933638781,4.05316721677082,0.00238805962726474,0.0325528284301981,0.00759124057367444,5.53957230085507,0.00872219796292484,1.66938298585592,0.00202020211145282,0.112387609260622,0.0355892652296461,2.40738734416664,0.40195166846388,2.96433350877487,0.0315568019868806,0.0662482567713596,0.071701914363075,0.0701426251907833,0.00563733174931258,0.0108466405654326,0.00243087206035852,0.0273461774922907,0.0609486366156489,0.761667041108012,0.108713033376262,0.260225084493868,0.411494808155112,1.70382307880209,0.0798934721387923,0.0609207330271602,0.065612880862318,0.0765124573954381,0.0418139004032128,0.0192090399796143,0.0177999289007857,0.0141242938116193,0.00735463108867407,0.00833742058603093,0.00672181998379529,0.00696677347877994,0.0174240636988543,0.0198959987610579,0.00107296137139201,0.0391735982266255,0.00076997111318633,0.0274610190244857,0,0.00176626432221383,0.0165993720002007,0.0811044030124322,0.0781140019535087,12.0323036564514,0.060047280654544,0.326186128804693,0.0382333551824559,0.861035465495661,0.0208390468033031,0.831811632873723,0.0039581565069966,0.238880566088483,0.23912641039351,0.618655418948038,0.73174687649589,3.4676829300588,0.190223800425883,1.47943592979573,0.0433128485456109,1.50795955327339,0.0349162000929937,0.545198742474895,0.266094432736281,1.23933098209091,0.00850762124173343,0.131458702904638,0.0195632392424159,0.251759191392921,0.00274876307230443,0.0667933747172356,0.019662057980895,0.181968841643538,0.000626174092758447,0.0352941192104481,0.00428015564102679,0.0596136156236753,0.559384163701907,0.124817513278686
6.45965398766566,0.0161645846674219,0,0.764894519932568,3.52426644938532,0.193475823383778,20.5795078186202,0.63125092672999,0.704506585607305,0.124658277025446,1.40296005085111,0.0225872697774321,3.34542380820494,0.0993035300052725,0.58211855974514,0.0360576923412737,0.387834838766139,0.0041688377968967,7.3977576434263,0.20766910695238,0.0252659566467628,0.00396825384814292,6.26362044643611,1.10399275299278,0.238280085555743,0.0863309309352189,0.178125901380554,0.0634262028033845,1.91147930076113,0.0441988956881687,7.20542344002752,0.533298264548648,9.18780534819234,0.220987106004031,0.150000001012813,0.0157635463401675,0.593331435753498,0.0034013605909422,0.0844594615045935,0.00541125540621579,0.130860037752427,0.00200803211191669,0.00931883745943196,0.000472366547910497,0.0283300186274573,0.00051440327661112,0.0140813077741768,0.00349421263672411,0.00566426391014829,0.00154519703937694,0.018314334389288,0.000898270809557289,0.0045584044419229,0,0.0125704377423972,0.0166944903321564,1.19897263456369,0.0103626944473945,0.329229358758312,0.00308370051789097,0.154238363698823,0.00156821741256863,0.131475157104433,0.000463177391793579,0.0173300839960575,0.000962000980507582,0.342867409141036,0.0100427744037006,1.45666844997322,0.0337601867504418,1.57545048859902,0.243258429458365,1.87293581373524,0.0409858754137531,0.398013251658995,0.0140046680462547,0.54341278783977,0.0524282560218126,0.0208263357053511,0.000666444539092481,0.125659052166156,0.00265553867211565,0.176067477092147,0.00364678289042786,0.107110706856474,0.0042003232811112,0.0173134322976694,0.00161030591698363,0.0173716011922807,0,0.0319001397583634,0.0593922674888745
0.0319891110993922,5.33922670444008,0.764894519932568,0,0.0899457209743559,3.25070862122811,0.42213529557921,18.6234423381393,0.129470107611269,2.25006286276039,0.0138248847797513,1.05472634977195,0.119597391632851,1.79899495560676,0.100427834695438,0.542697867960669,0.0117677156231366,0.123468654259341,3.32706370740198,10.7284077079967,0.0432043187320232,0.0561361605068669,3.93720147022395,11.7612439597724,0.173652685887646,0.624736813595518,0.0440084859146737,0.0940794779453427,0.0637362650013529,0.605614958738443,3.74539435838233,4.3923376215098,1.26395497322665,2.01658723977744,0.114203726290725,0.0474777445197105,0.0761606640880927,0.0337399446289055,0.0355945315095596,0.00845560809830204,0.0206686920719221,0.010866284603253,0.0053807946969755,0.0109673172119074,0.00413888241746463,0.00332304774201475,0.0211505917832255,0.0175367048941553,0.000475172244478017,0.00617870717542246,0.00140944321174175,0.0029300962050911,0.00104302482213825,0.00103145954199135,0.0145778500009328,0.0328317380044609,0.0178426608908921,0.334260018658824,0.0101889192592353,0.0349434741656296,0.00556438800413162,0.0568537704530172,0.00436046510003507,0.0495369384589139,0.000995520153082907,0.0191835823934525,0.080217539682053,0.122062435839325,0.494376639835536,0.474873726896476,0.301779723668005,3.12741330417339,0.0564392015803605,0.938008095137775,0.121375191374682,0.358002416032832,0.509557326149661,1.03671819303418,0.0018170804833062,0.0216476249042898,0.00820176326669753,0.0553868162387516,0.0101966496440582,0.0470701234880835,0.00715205242158845,0.047582502302248,0.00108843541238457,0.0217230319976807,0.00747198035242036,0.0114942525979131,0.535992523655295,0.343992537935264
0.0165903882589191,0.00118063751142472,3.52426644938532,0.0899457209743559,0,0.677333326078951,0.254312253673561,0.0324578254949301,9.4289658004418,0.224719096440822,0.0118032786995173,0.00326086941640824,0.124348476121668,0.00501043838448822,6.48932052659802,0.0969581741373986,0.0261780107393861,0.00112233450636268,0.0108153074979782,0.00541376625187695,0.140756309730932,0.057851237244904,2.03262641007314,0.148927223752253,3.8685226845555,0.921775860479102,10.2674337514909,2.10166917764582,0.520055326865986,0.0569530134089291,8.21046941762324,0.462421109201387,0.149040605640039,0.00327600329183042,0.0126811596564949,0.00606673420406878,0.020646937773563,0.0122282610973343,0.00133689842186868,0.00609756098128855,0.0110011000651866,0.00643776822835207,0.00571195426164195,0,0.00101626012474298,0.00109170307405293,0.00511290994472802,0.00396353541873395,0.00109409191645682,0.0010946907568723,0.00121396058239043,0,0.00275103165768087,0,0.000781860842835158,0.00438596494495869,0.0105708243791014,0,0.00686695287004113,0.000805152987595648,0.00528102600947022,0.00112994352821261,0.0103033769410104,0,0.00488698855042458,0.0019029495306313,0.00970596662955359,0.00180668465327471,0.00889877602458,0,2.75267385062762,0.124999996041879,0.456163469003513,0.0733118945499882,0.0456431559287012,0.0106044544372708,0.0313479627948254,0.0102040814235806,0.00434310548007488,0.0042328042909503,0.0352564107161015,0.00497512426227331,0.140391255263239,0.0201906908769161,0.0212581344821956,0.00290275766747072,0.0417310651391745,0.00838323368225247,0.00987654365599155,0.00169731251662597,0.0120772945228964,0.0309523821342736
0.000570125412195921,0.0564705859869719,0.193475823383778,3.25070862122811,0.677333326078951,0,0.112042345164809,1.66815758496523,0.580027383752167,17.864932210301,0.00130123621784151,0.0691144689917564,0.047442551702261,0.282509338576347,0.329150572943036,11.3128547136439,0.0103896101936698,0.101449278066866,0.0339403973193839,0.0646651249844581,1.29253118834458,6.37755074421875,0.775430627865717,1.6751778589678,3.62298858398572,12.2250173884677,1.93157525267452,15.6526317301905,0.0724438321194611,2.28126469440758,3.87131362920627,4.47179475752637,0.055037728860043,0.0488997541833669,0.0448028673417866,0.0799200776964426,0.0136518769431859,1.09568730730098,0.00928381946869195,2.01694923941977,0.00217155274003744,1.20550847682171,0.0609013412031345,0.0739726015599445,0.0242424253374338,0.0238611716777086,0.0847816874738783,0.189349106512964,0,0.0108754762914032,0.000604777771513909,0.0157741800067015,0,0.00397614331450313,0.00544747081585228,0.40611354354769,0.00210748147219419,0.044847838813439,0.0042698546894826,0.0080128206172958,0.00525722868042067,0.0179573521018028,0.00568504852708429,0.0149516267119907,0.00363856879994273,0.0189214758574963,0.0443812255980447,0.112811276689172,0.0342541420832276,0.0589080457575619,1.41909811878577,3.84432733431458,0.0523217767477036,2.61774083960336,0.106557371094823,1.10157069191337,0.21281892398838,0.70506329589989,0.0107181130442768,0.0334378257393837,0.0175438594305888,0.0762081799912266,0.0228571426123381,1.91197776328772,0.00519255723338574,0.229618911864236,0.00459418084938079,2.66349580138922,0.00246002455241978,0.129123206366785,0.745238123694435,0.201877937186509
7.80153104662895,0.00622858933638781,20.5795078186202,0.42213529557921,0.254312253673561,0.112042345164809,0,0.30918750478304,0.708742173883365,0.0962036269775126,2.4667689873022,0.00369306522770785,7.16608419388649,0.0497329171048477,0.735767563222907,0.0338653167709708,0.384480493317824,0.00539867096813396,0.723795531783253,0.0359430607932154,0.0225790266995318,0.00299850082956254,1.76389570595347,0.595084100204986,0.0457591856829822,0.0624298212642316,0.0253107340540737,0.0133272059320007,2.16490483283997,0.0151721450092737,1.94229595188517,0.2955829994753,1.30426540737972,0.0423666926799342,0.0275495406822301,0.00397713156417012,0.381546694086865,0.00266311591258273,0.0640176582965069,0.00556268711807206,0.0796347988652997,0,0.0120328165066894,0.000767459685448557,0.00799680128693581,0,0.0126370561192743,0.00215943861985579,0.00287947355536744,0,0.0189603416947648,0,0.00222816393943503,0,0.0146638058067765,0.0149046793812886,0.735406250896631,0.00443262411863543,0.166293807036709,0.00108735050889663,0.218469662329881,0.00083263945998624,0.189500110252993,0.00113293051254004,0.0124170412600506,0.00116822426207364,0.0905614157672971,0.00472069223178551,0.247516556060873,0.0135931131080724,1.05871961789671,0.105773471295834,1.69061744122882,0.0217912398511544,0.397198612801731,0.00704048248007894,0.49600345804356,0.0221642759861425,0.0131479142000899,0.00100527773611248,0.17034357378725,0.00127999996766448,0.27787091510254,0.000830392353236675,0.163788590405602,0.000558035739231855,0.0249537896015681,0.00170068023726344,0.0290086081658956,0,0.0186431903857738,0.0516262254677713
0.0236138086183928,4.05316721677082,0.63125092672999,18.6234423381393,0.0324578254949301,1.66815758496523,0.30918750478304,0,0.0477933263755403,5.91452987416415,0.00932203378761187,3.86176766926656,0.065975176577922,11.8175308921491,0.0258801144082099,1.77278733585263,0.0105864914075937,0.261603367369389,2.3386319304409,4.37951902957866,0.040993489237735,0.0475618551427033,3.36389770405367,5.06353189121,0.0891265575774014,0.2917208482977,0.0226777147036046,0.0966097958153114,0.0425055919331498,1.35797811672091,3.50713165441994,5.26569444508641,1.06769683491439,1.83785703906324,0.11025819889619,0.0473231353971642,0.056798622594215,0.0599957129452378,0.0379450011823792,0.0153050674707629,0.0204678364098072,0.0140537922852673,0.00673042854759842,0.0111669459147379,0.00464846030808985,0.00875273527344689,0.0212919519690331,0.0258831766550429,0,0.0111509357811883,0.00246533122844994,0.0100143064046279,0.0012906001356896,0.000426257465733215,0.0100816963531543,0.064407352503622,0.0206333287060261,0.667628838156816,0.0094117644475773,0.0648001418448985,0.00307902847998776,0.166767373855691,0.00445163913536817,0.138171157101169,0.00289735099067912,0.0581461187684909,0.0821140645712148,0.177716387930559,0.212297219550237,0.300765034276992,0.283095289720222,4.06852527064621,0.0428692708374001,1.27705260860967,0.128877134877257,0.288061863975599,0.536534443672281,0.788158738403581,0,0.0724637662642635,0.00456861729617231,0.179379192559281,0.0048651936231181,0.0626757745631039,0.00486867371364497,0.137262923351955,0.000445533514721319,0.0369989726459607,0.00559440540382639,0.0430906398105435,0.41660453134682,0.345972753711976
0.0451127830892801,0.00238805962726474,0.704506585607305,0.129470107611269,9.4289658004418,0.580027383752167,0.708742173883365,0.0477933263755403,0,0.297953961766325,0.211163409403525,0.00110987795051187,2.43731117597781,0.0110309714218602,22.3798209449742,0.136495646147523,0.284563769586384,0.00458715576678514,0.00591715972404927,0.0023547881282866,0.201312912628055,0.0838709694799036,0.663363045547158,0.179563920828514,1.52669325028546,0.509775526821613,1.96895785443485,0.71406251064036,2.50586583337281,0.0550990813644603,4.81763102533296,0.423460426973179,0.0608261479646899,0.00332778692245483,0.00562851782888174,0.0084121972322464,0.093286216724664,0.00697350071277469,0.0274348421953619,0.0037453182740137,0.0413318015635014,0.00447427295148373,0.0240364684141241,0.00186915893573314,0.011398964212276,0.00111482723150402,0.0199220448266715,0.00402414472773671,0.0100558656267822,0.0011179429711774,0.0270187284331769,0,0.0225988700985909,0.00137080193962902,0.0206349209183827,0.00667160883313045,0.0389749075402506,0.00216450216248631,0.011343804653734,0.00163532292935997,0.0344431679695845,0.0011547344038263,0.0362785260658711,0,0.0200125072151423,0.00193798448890448,0.0207792199216783,0.00609198876190931,0.00795454520266503,0.00447093893308192,3.96844992355909,0.144611187744886,1.15348205482587,0.0566908357432112,0.280777530279011,0.024309391155839,0.131021196953952,0.0313725499436259,0.0407701008953154,0.00220507173798978,0.205044749658555,0.00125865323934704,0.907058787415735,0.0183381084352732,0.162729661795311,0.0068359375,0.1894904486835,0.0122549023944885,0.0918176178820431,0.00171575637068599,0.0126582279335707,0.0473815477453172
0,0.0325528284301981,0.124658277025446,2.25006286276039,0.224719096440822,17.864932210301,0.0962036269775126,5.91452987416415,0.297953961766325,0,0.00488102482631803,0.0450358232483268,0.0385714281583205,0.40813073515892,0.161913518793881,13.5626692764927,0.00730816111899912,0.0411392385140061,0.0277998417732306,0.0311111110495403,0.281425891444087,0.497227363171987,0.541679772315547,1.24528300669044,1.18265816569328,3.983039880055,0.345514935906976,1.81284910882823,0.0367936932016164,1.23998199164635,1.78749357210472,3.49380705039948,0.0526539261918515,0.0211267603444867,0.0197044336237013,0.039891205728054,0.0140395656926557,0.282471626996994,0.00869565200991929,0.0877993134781718,0.00391006842255592,0.23135755083058,0.0272904493613169,0.0305410125292838,0.00768491812050343,0.0133607405005023,0.0398212113650516,0.0675009476835839,0,0.00618238002061844,0,0.00955794495530427,0,0.00124146498274058,0.000748503021895885,0.101052635349333,0.00256541825365275,0.0265072766924277,0.00245499185984954,0.0069284062483348,0,0.00530785589944571,0.00107469107024372,0.00925925903720781,0.00342661351896822,0.00631768949097022,0.0270942771458067,0.0477438134839758,0.0188284514006227,0.0307898257160559,0.433540364494547,2.09765139757656,0.0159411405911669,1.28939489787444,0.0834879413014278,0.365184484049678,0.170860155019909,0.293697974528186,0,0.0226628892123699,0.0038314177072607,0.0336336344480515,0.0129589629359543,0.541908282786608,0.00254022009903565,0.0988700546440668,0.00142045458778739,0.607623348943889,0.00298151455353945,0.0443957261159085,0.0912951214704663,0.150943391025066
4.58760272525251,0.00759124057367444,1.40296005085111,0.0138248847797513,0.0118032786995173,0.00130123621784151,2.4667689873022,0.00932203378761187,0.211163409403525,0.00488102482631803,0,0.00106553011573851,11.9889822961413,0.000822368427179754,0.823080612113699,0.000934142910409719,7.12460051290691,0.00109950522892177,0.235968863591552,0.0152497144881636,0.0222446920815855,0.00398009968921542,0.0380399730056524,0.0240265124593861,0.00150375941302627,0.00137362640816718,0.00840336154215038,0,3.12783317640424,0.00466417899588123,0.179894182365388,0.0168539327569306,0.161545218899846,0.0322710769250989,0.00876424193847924,0.0214424952864647,0.487248341320083,0.00265076220966876,0.0913242029491812,0.00954084657132626,0.175475684693083,0,0.0281350477598608,0,0.00897755578625947,0,0.0151006712112576,0.00312500004656613,0.00643431628122926,0,0.030612243921496,0,0.0120724341832101,0,0.0215799615252763,0.0122610890539363,2.91285007435363,0.00424290634691715,0.116603297065012,0,0.49479167588288,0.00221361382864416,1.10650229780003,0.00260983040789142,0.0322580634383485,0,0.0350282493745908,0.00952948164194822,0.224523172015324,0.0141143263317645,0.752772358595394,0.0311486050486565,2.36422139091883,0.00753768836148083,0.571428555529565,0.00612244871445,0.454656878835522,0.0211837999522686,0.09603340504691,0.0101832998916507,1.23095139866928,0.0012296341592446,2.11830995976925,0.00109890114981681,0.361953956395155,0.00191800529137254,0.0540946656838059,0.00117164617404342,0.0579798594117165,0,0.0485549122095108,0.0775370560586452
0.00571725575719029,5.53957230085507,0.0225872697774321,1.05472634977195,0.00326086941640824,0.0691144689917564,0.00369306522770785,3.86176766926656,0.00110987795051187,0.0450358232483268,0.00106553011573851,0,0.00329163915012032,8.48998941108584,0.00165837479289621,0.607491835602559,0.011702127289027,6.54451743280515,0.604499272129033,1.02518723881803,0.0260736190248281,0.0499999984167516,0.139888794627041,0.143642363371328,0.00729483249597251,0.0169395818375051,0.00344234076328576,0.0251497010467574,0.0285600945353508,9.14924738445552,0.237641726620495,0.623389030224644,0.256074052304029,0.874015725392383,0.0796703316736966,0.0671140925260261,0.0443213293328881,0.0690789478830993,0.0270562770310789,0.0150602404028177,0.0174464709125459,0.00934579409658909,0.00713521207217127,0.016600790200755,0.00948275858536363,0.0119047619518824,0.0111152278259397,0.0187826081528328,0.000917431199923158,0.0247820098302327,0.00329037581104785,0.0152782825171016,0,0.00108166574500501,0.00687285210005939,0.0602331591071561,0.0116054161917418,1.90357314900029,0.0149142427835613,0.085331455571577,0.00666000647470355,0.359095189953223,0.00381133868359029,0.390206583542749,0.00301659142132849,0.122249385458417,0.0731517509557307,0.223795271012932,0.171162794344127,0.406466510146856,0.128787878667936,2.85560343763791,0.0288924548076466,2.62611433677375,0.0592705174349248,0.437065628822893,0.220852585043758,0.725000037811697,0.00314218387939036,0.473400142160244,0.00491573038743809,0.390134548768401,0.00191387557424605,0.370960181113333,0.0028214429912623,0.176103434496326,0,0.0405539051862434,0.00334075733553618,0.0529971710056998,0.51525423116982,0.216442954028025
2.23348949418869,0.00872219796292484,3.34542380820494,0.119597391632851,0.124348476121668,0.047442551702261,7.16608419388649,0.065975176577922,2.43731117597781,0.0385714281583205,11.9889822961413,0.00329163915012032,0,0.0172557743499056,8.08532830892364,0.0096910959109664,2.72120326856384,0.00402684579603374,0.181565791368484,0.0248414372908883,0.05674418725539,0.00831024942453951,0.403471721801907,0.16223776852712,0.0353271774947643,0.0351547582540661,0.0347624556161463,0.0151033388683572,5.35432161658537,0.0145234493538737,0.784660795005038,0.105406324146315,0.271009001880884,0.0302197816199623,0.0199826244497672,0.0192043895367533,0.615616746246815,0.00299625471234322,0.0942835959140211,0.00352360802935436,0.117702894378453,0,0.0570019199512899,0.00059241708368063,0.0138976620510221,0.000660066027194262,0.0530324407154694,0.00376242963830009,0.0165234640007839,0,0.0752281340246554,0.000556328217498958,0.0422322782687843,0,0.0521831726655364,0.0208439239067957,1.19871536362916,0.00729926984058693,0.138321997364983,0.00162954919505864,0.457261623814702,0.00269541773013771,0.944651972036809,0.00115606933832169,0.0649029973428696,0.00181818183045834,0.0697723886696622,0.0177030311897397,0.164886522456072,0.0139643135480583,2.57980705355294,0.0725388574646786,3.30534081015503,0.011623683385551,0.755781686573755,0.00653900037286803,0.799140685703605,0.0325379613786936,0.0679565817117691,0.000933271134272218,0.898213291133288,0.0022655188513454,2.03542231488973,0.00134183163754642,0.670110202510841,0.0018754688790068,0.174157303350512,0,0.15141956275329,0.000845129950903356,0.0177690039854497,0.0932286557508633
0.00817624322371557,1.66938298585592,0.0993035300052725,1.79899495560676,0.00501043838448822,0.282509338576347,0.0497329171048477,11.8175308921491,0.0110309714218602,0.40813073515892,0.000822368427179754,8.48998941108584,0.0172557743499056,0,0.0060667340294458,1.3337761182338,0.0172484605573118,1.28969876433257,0.812443337053992,1.1720584515715,0.0322754157241434,0.0277333336416632,0.668680764734745,0.985383724211715,0.0200000001350418,0.0490111795370467,0.0104438639245927,0.0422471908968873,0.0182054615579545,9.96483086969238,1.02971018065,2.1199999988894,0.407878000172786,0.730367279786151,0.0596718024462461,0.0369198294356465,0.04067796561867,0.070617905119434,0.0366208897903562,0.017275225603953,0.0121145369485021,0.0174007620662451,0.00893388903932646,0.0149108595796861,0.00765217369189486,0.0109529026667587,0.0141364471637644,0.0139941684901714,0.000731261447072029,0.0219458673382178,0.00095192767912522,0.0102905573439784,0,0.000831946730613708,0.00750360719393939,0.0592917914036661,0.00724792157416232,1.04718811431667,0.0105035527376458,0.0642878203070723,0.00786958949174732,0.264475166564807,0.00527505640638992,0.287787958513945,0.00157232698984444,0.0957128601148725,0.0548752842005342,0.156575212720782,0.118299443274736,0.258854401763529,0.137328336713836,4.06387377652572,0.0297029712237418,2.11129163933219,0.0844468239229172,0.325405413284898,0.308553157025017,0.542222238902468,0,0.207343406975269,0.00705260038375854,0.293475620565005,0.00378071825252846,0.0959107811213471,0.00326264271279797,0.169014084152877,0,0.0349243311211467,0.00289365806384012,0.0423232778557576,0.366570609156042,0.256439603865147
0.157817114784848,0.00202020211145282,0.58211855974514,0.100427834695438,6.48932052659802,0.329150572943036,0.735767563222907,0.0258801144082099,22.3798209449742,0.161913518793881,0.823080612113699,0.00165837479289621,8.08532830892364,0.0060667340294458,0,0.0545590432593599,1.23333332012407,0.00339847058057785,0.0174731182632968,0.00569980993168429,0.498687662184238,0.0467532458715141,0.425075621751603,0.145133949466981,0.784986586309969,0.253139125183225,1.33163529774174,0.323809528257698,6.77854824112728,0.0335946260020137,5.0573194893077,0.296328301774338,0.0376821886748075,0.00729927013162524,0.0190930794924498,0.0217809102032334,0.7506172824651,0.0166340507566929,0.0512572548468597,0.000904159154742956,1.5719109037891,0.00531914876773953,0.096592788817361,0.00509090896230191,0.047244094312191,0.00249584019184113,0.0733127791318111,0.00387722149025649,0.0275000006658956,0.00083368067862466,0.122058439766988,0.000673627480864525,0.0799605179345235,0,0.189137376844883,0.0090689241187647,0.152433424140327,0.0013934045273345,0.0654720875900239,0.00196335080545396,0.116040957975201,0.00085397093789652,0.12419146578759,0,0.0642824802198447,0.00224382954183966,0.059386505628936,0.0159260212094523,0.0253164558671415,0.00614754064008594,6.41295956395334,0.0876685950206593,2.72857826203108,0.0507757411105558,0.307291675824672,0.0198019808158278,0.198431005410384,0.0317757019074634,0.091091759968549,0.00131839152891189,1.0482398760505,0.00369588186731562,11.6207795224618,0.0161358806071803,0.904670004732907,0.00382490444462746,1.73954974708613,0.00356824253685772,0.641133227851242,0.000486973469378427,0.0199999997857958,0.0524079313036054
0.00291828793706372,0.112387609260622,0.0360576923412737,0.542697867960669,0.0969581741373986,11.3128547136439,0.0338653167709708,1.77278733585263,0.136495646147523,13.5626692764927,0.000934142910409719,0.607491835602559,0.0096910959109664,1.3337761182338,0.0545590432593599,0,0.0177238801843487,0.395329439314082,0.0443708616658114,0.0930668371729553,0.396683665341698,1.9936868668301,0.15213257400319,0.441029072972015,0.567836586385965,1.42997540300712,0.304932746803388,2.7156152734533,0.0430879695340991,14.7888352957671,1.05305788456462,1.90165325003909,0.0539026962360367,0.0706343986093998,0.0755813950672746,0.147040493786335,0.0164330593543127,0.962643655075226,0.00378787890076637,0.49024821142666,0.00262295082211494,0.813953509787098,0.11607434193138,0.162491048045922,0.0557275526225567,0.0743464060942642,0.170772869081702,0.363810135633685,0,0.0384772807010449,0.00562515982892364,0.0311981426784769,0,0.0113582583144307,0.00315059849526733,0.451074003009126,0.00681818186421879,0.0891954030958004,0.0203665980370715,0.020000000775326,0.0140801958041266,0.0335289188660681,0.0067710536532104,0.0416956236585975,0.00443852652097121,0.0360559234395623,0.116533138789237,0.237744475482032,0.0347970180446282,0.100200402084738,0.804924266412854,3.28490570932627,0.0309423340950161,4.2008290020749,0.0531645573209971,1.1071199857397,0.116689280199353,0.880952384439297,0.00520494487136602,0.149903911398724,0.0115681233583018,0.264091863879003,0.00764655880630016,2.40183403511764,0.00918484479188919,0.505263148806989,0.00209424085915089,2.40069995680824,0.00155601667938754,0.198506384971552,0.43767311796546,0.108516486245207
2.54977386607789,0.0355892652296461,0.387834838766139,0.0117677156231366,0.0261780107393861,0.0103896101936698,0.384480493317824,0.0105864914075937,0.284563769586384,0.00730816111899912,7.12460051290691,0.011702127289027,2.72120326856384,0.0172484605573118,1.23333332012407,0.0177238801843487,0,0.0647639964008704,0.129296237952076,0.0380807323381305,0.0282258056104183,0.01785714388825,0.0264090170385316,0.00910219282377511,0,0.00822481163777411,0.0125786162680015,0.0117820324376225,6.0624716556631,0.110852350248024,0.106708923354745,0.00897364038974047,0.427005701814778,0.151490732794628,0.377622373402119,0.697764817858115,0.720696571515873,0.152116397512145,0.0989583362825215,0.0166666673030704,0.179135925136507,0.0102880655322224,0.262545160017908,0.0829576207324862,0.283864550292492,0.0769230807200074,0.129032257944345,0.0733515435131267,0.188436828553677,0.0257096942514181,0.5295352259418,0.01723430439597,0.127175367088057,0.00520494487136602,0.0831408749800175,0.0655619577155448,4.98483250831487,0.048224694270175,0.881856546038762,0.0309033290832303,1.33481973549351,0.0265193358063698,3.68662570486777,0.029539531795308,0.574836005922407,0.0326797386514954,0.628281104494818,0.346920558367856,0.339499446563423,0.139436614816077,0.58463543409016,0.0984455933794379,3.60693648084998,0.105329154990613,0.735059782862663,0.0508647004608065,0.758409767877311,0.462686556391418,2.65764841483906,0.0690355347469449,9.12618314591236,0.0417690409813076,3.8020249013789,0.0197476695757359,1.32387095934246,0.0421657874248922,0.163418295211159,0.0128654969157651,0.221951219718903,0.013426573947072,0.0944700459949672,0.0545454528182745
0.00791556725744158,2.40738734416664,0.0041688377968967,0.123468654259341,0.00112233450636268,0.101449278066866,0.00539867096813396,0.261603367369389,0.00458715576678514,0.0411392385140061,0.00109950522892177,6.54451743280515,0.00402684579603374,1.28969876433257,0.00339847058057785,0.395329439314082,0.0647639964008704,0,0.0822831756086089,0.220833338680677,0.032102728728205,0.0903328080894426,0.0208395355730318,0.0396855113795027,0.0075614363886416,0.0128429653123021,0.00830860529094934,0.0372208433691412,0.0690215200302191,14.550604011165,0.0624126677867025,0.145311727654189,0.33530570945004,0.347222224809229,0.296137346536852,0.366328914533369,0.0389238684438169,0.144960358738899,0.0134078208357096,0.0227507753297687,0.00498753134161234,0.0538336057215929,0.0240437160828151,0.0574433676083572,0.0335985862184316,0.077140168636106,0.0295342665631324,0.033368831500411,0.00377002824097872,0.0924092389177531,0.0094733914011158,0.0520252680871636,0,0.00670016719959676,0.00350631133187562,0.108250828459859,0.0456105949706398,3.6266136909835,0.0579268271103501,0.137508995598182,0.0522920214571059,0.461240308359265,0.0195982353761792,4.57433485088404,0.0113930607913062,0.320534214377403,0.324993433721829,0.64951593556907,0.143403440597467,0.560334509355016,0.147486029192805,1.83203551406041,0.0441744877025485,3.91346666542813,0.0238473771605641,0.481810831930488,0.160931712016463,1.08915147744119,0.00823045265860856,9.89023377245758,0.0379928302718326,6.80170922790421,0.00885826768353581,0.73952816426754,0.0191680262796581,0.792682942701504,0.00125944579485804,0.117107948753983,0.00226372387260199,0.102898928918876,0.413547227159142,0.0511463829316199
2.40525838173926,0.40195166846388,7.3977576434263,3.32706370740198,0.0108153074979782,0.0339403973193839,0.723795531783253,2.3386319304409,0.00591715972404927,0.0277998417732306,0.235968863591552,0.604499272129033,0.181565791368484,0.812443337053992,0.0174731182632968,0.0443708616658114,0.129296237952076,0.0822831756086089,0,16.357510735048,0.0278372587636113,0.022292994777672,6.43355976743624,2.56969328183914,0.00543232227209955,0.00856531027238816,0.00173385348170996,0.0134288269327953,0.388978945557028,0.258021833142266,3.23221370199462,1.18014293006854,14.3085213755257,9.27397241542349,0.652475267881528,0.228871390223503,0.188265094766393,0.0184254604391754,0.0555555555620231,0.00469483563210815,0.078904110006988,0.00649350648745894,0.00594000623095781,0.00129282486159354,0.00762829429004341,0.00218340614810586,0.0110327921574935,0.01279441639781,0.00218658900121227,0.0036456435918808,0.00284967944025993,0.0030184123897925,0.00084388186223805,0,0.0155440419330262,0.0257393219508231,0.402978716156213,0.189677418151405,0.133086873684078,0.0199999992037192,0.0527053532423452,0.0208488462958485,0.0368006007629447,0.0207677784492262,0.00626713689416647,0.0119284299435094,0.336275170353474,0.232711818738608,8.15180569235235,0.95034844201291,1.19485903828172,2.45702479424654,0.466091245471034,0.665317703504115,0.164893611799926,0.387304988689721,0.590203100990038,1.42995170596987,0.00544365786481649,0.0171950571238995,0.0263774904306047,0.0348499522078782,0.0316503384383395,0.0222304556518793,0.019543974660337,0.0170297027507331,0.000904977379832417,0.00232018553651869,0.00577478343620896,0.0058413841179572,0.737385289510712,0.356492042192258
0.0970831532031298,2.96433350877487,0.20766910695238,10.7284077079967,0.00541376625187695,0.0646651249844581,0.0359430607932154,4.37951902957866,0.0023547881282866,0.0311111110495403,0.0152497144881636,1.02518723881803,0.0248414372908883,1.1720584515715,0.00569980993168429,0.0930668371729553,0.0380807323381305,0.220833338680677,16.357510735048,0,0.0370731707662344,0.0474346571718343,1.07518617989263,1.66733804612886,0.00418235053075477,0.0103297575842589,0.00321414228528738,0.0206953642191365,0.0881542693823576,0.486115435662214,0.995594712323509,1.07778952055378,3.94728969084099,5.43502837070264,0.277929163305089,0.0872065149014816,0.159153270942625,0.0264591439627111,0.0624518102849834,0.019722425902728,0.0428500265115872,0.00985221704468131,0.00676246848888695,0.00610500632319599,0.00326157867675647,0.00477815693011507,0.0284470240003429,0.01601767441025,0.0006835269741714,0.00547008542343974,0.00409742761985399,0.00572246091905981,0,0.000770712911617011,0.0273522979114205,0.0459050578065217,0.134371158434078,0.668046356993727,0.060676780063659,0.0848687845282257,0.0336089627235197,0.0536959554883651,0.0365553612355143,0.0750000028638169,0.00438756868243217,0.0199999995529652,0.414257776283193,0.509617552917916,3.87292832648382,3.52138811402256,0.547417102498002,3.15603377274238,0.0856596538797021,1.29362983466126,0.106692533590831,0.664380179252476,0.716672873822972,2.05626407894306,0.0108964832033962,0.0577581978868693,0.0255982202943414,0.066759386099875,0.00634696776978672,0.0333217643201351,0.0185704267059918,0.0558103994117118,0.00167224078904837,0.0187861267477274,0.00922083912882954,0.0129505721270107,1.07788166636601,0.385964930523187
0.00945945968851447,0.0315568019868806,0.0252659566467628,0.0432043187320232,0.140756309730932,1.29253118834458,0.0225790266995318,0.040993489237735,0.201312912628055,0.281425891444087,0.0222446920815855,0.0260736190248281,0.05674418725539,0.0322754157241434,0.498687662184238,0.396683665341698,0.0282258056104183,0.032102728728205,0.0278372587636113,0.0370731707662344,0,3.94907410349697,0.0427046252880245,0.0478001097217202,3.3262880849652,2.31710073421709,0.970760221825913,2.40153450728394,1.30802201014012,0.212603428168222,4.52999224851374,1.65700085926801,0.0281524937599897,0.029380900785327,0.0211267601698637,0.0353200882673264,0.654307496733963,0.162393170408905,0.143750007497147,0.0434782616794109,1.78552284557372,0.212121211923659,0.0167101826518774,0.0328867250354961,0.022346368059516,0.0169753087684512,0.0419657633174211,0.0382486139424145,0,0.00154918665066361,0.00217470101779327,0.00322407321073115,0.00217864918522537,0.00416233111172915,0.0583580586826429,0.063636364066042,0.00738916243426502,0.0206378980656154,0.00445930892601609,0.0061601644847542,0.00851063820300624,0.0064829820767045,0.00825763854663819,0.00347624556161463,0.0145322438329458,0.00383141753263772,0.0249410176766105,0.0452423680108041,0.0237717916024849,0.0568720400333405,4.61041690711863,2.8533056655433,0.625891920179129,0.543670266168192,0.831775674596429,1.38083535479382,0.392823413014412,0.49806201364845,0.0155844152905047,0.014669927302748,0.04285714100115,0.0164179105777293,1.37936767935753,0.123496390879154,0.0446735378936864,0.0316842685570009,0.279683388769627,0.165784827433527,0.069526628125459,0.0106702232733369,2.03424656018615,1.50000001117587
0.0026881720405072,0.0662482567713596,0.00396825384814292,0.0561361605068669,0.057851237244904,6.37755074421875,0.00299850082956254,0.0475618551427033,0.0838709694799036,0.497227363171987,0.00398009968921542,0.0499999984167516,0.00831024942453951,0.0277333336416632,0.0467532458715141,1.9936868668301,0.01785714388825,0.0903328080894426,0.022292994777672,0.0474346571718343,3.94907410349697,0,0.0165029475465417,0.0301561644300818,1.21604140847921,1.76863173488528,0.390355903655291,15.1152881325688,0.0460885381326079,0.509136716835201,1.62040511146188,1.21504493651446,0.0476467157714069,0.0468262250069529,0.0582191776484251,0.119402987882495,0.0385852069593966,1.53151268349029,0.0266393427737057,4.40714288176969,0.0154241644777358,1.61165050044656,0.0455722431652248,0.068757539964281,0.0276243104599416,0.0487804859876633,0.0459770117886364,0.113829256268218,0.00152905203867704,0.0229533284436911,0.00360360369086266,0.00852424092590809,0,0.00409416574984789,0.00686947989743203,0.376353788247798,0.00612745119724423,0.0416925962199457,0.00662983395159245,0.0183299398049712,0.00844673876417801,0.0223999994341284,0.00651996722444892,0.0126291615888476,0.00895255128853023,0.0189633382251486,0.0522963472176343,0.11281685042195,0.0485133015317842,0.118604650720954,3.00819655321538,5.40853638388216,0.0822467408142984,1.44541059108451,0.333333341404796,3.09219858516008,0.199069771682844,1.09541985089891,0.00997506268322468,0.0611764681525528,0.0101214577443898,0.0408011866966262,0.0180623974883929,1.04354710434563,0.00440097798127681,0.107913674146403,0.00516795879229903,1.47478264011443,0.00367647066013888,0.0650082930224016,4.53246752824634,0.568750008475035
0.0591366057051346,0.071701914363075,6.26362044643611,3.93720147022395,2.03262641007314,0.775430627865717,1.76389570595347,3.36389770405367,0.663363045547158,0.541679772315547,0.0380399730056524,0.139888794627041,0.403471721801907,0.668680764734745,0.425075621751603,0.15213257400319,0.0264090170385316,0.0208395355730318,6.43355976743624,1.07518617989263,0.0427046252880245,0.0165029475465417,0,11.635305918986,2.41881527553778,0.564753028331324,0.291105114854872,0.160276340786368,0.18793380074203,0.217698162188753,9.97084504924715,3.36084344313713,7.75536961387843,1.19681508658687,0.514733316376805,0.160561183816753,0.058085810393095,0.020990489050746,0.00780995772220194,0.00870376115199178,0.00563153676921502,0.00557991239475086,0.00347567029530182,0.00426098518073559,0.00338504940737039,0.00176004687091336,0.00713557563722134,0.0102439024485648,0.000587371527217329,0.00293772027362138,0.00328407227061689,0.000503271236084402,0.00197954464238137,0,0.00290205568308011,0.0083468584343791,0.0376795362099074,0.0606288820272312,0.0189403623808175,0.00541738502215594,0.0104068117216229,0.0101583511568606,0.00601684732828289,0.0140661625773646,0.00248911022208631,0.00597988563822582,0.125984251499176,0.0669661106076092,0.204444440023508,0.14000676915748,0.370972991804592,1.25154166389257,0.0989011019119062,0.201787990052253,0.0661157006397843,0.0380952386185527,0.23707440122962,0.312877582618967,0.00320256198756397,0.00951625686138868,0.0157132335007191,0.020446483802516,0.0283559588133357,0.0130952385952696,0.0126070798141882,0.0157590610615443,0.00626959232613444,0.00492762541398406,0.00373676558956504,0.00430359932943247,0.0706860731588677,0.123293339158408
0.0168757122009993,0.0701426251907833,1.10399275299278,11.7612439597724,0.148927223752253,1.6751778589678,0.595084100204986,5.06353189121,0.179563920828514,1.24528300669044,0.0240265124593861,0.143642363371328,0.16223776852712,0.985383724211715,0.145133949466981,0.441029072972015,0.00910219282377511,0.0396855113795027,2.56969328183914,1.66733804612886,0.0478001097217202,0.0301561644300818,11.635305918986,0,0.723189726064447,1.52339688094798,0.0815789490588941,0.115994565188885,0.0758665762841702,0.393858494935557,5.7337710368447,3.92325232713483,1.67987217474729,0.56439507054165,0.191670848871581,0.0638977624475956,0.0179333896958269,0.0228716651326977,0.0117400420131162,0.00474495836533606,0.0033370410092175,0.0054914882639423,0.00479041924700141,0.00456472131190822,0.000700035016052425,0.00147004774771631,0.00679851660970598,0.0140679948963225,0,0.00220913108205423,0.000956022937316447,0.00182592810597271,0,0,0.00638236128725111,0.0110344833228737,0.010271773673594,0.0428293309814762,0.00559179863194004,0.00711532775312662,0.00169491529231891,0.0195562244625762,0.00227617600467056,0.0133291021920741,0,0.00735539937159047,0.0396174860943574,0.0370546316262335,0.0684778564609587,0.065226973965764,0.179454927914776,1.83618882973678,0.0399002507328987,0.37397709331708,0.0885051258374006,0.077510918257758,0.284219004621264,0.251526260515675,0.00110497232526541,0.00981461245100945,0.0059084192616865,0.0233861147426069,0.00913589657284319,0.0276946118101478,0.00400072726188228,0.0179175792436581,0.000916170421987772,0.0101602190406993,0.000968757551163435,0.00678119366057217,0.0640652305446565,0.190861774608493
