0,0.0809730667970143,5.46852243854664,0.0942292455001734,0.0198072802741081,0.00907877169083804,7.45882696835906,0.0685730129480362,0.0994565172004513,0.00370860908878967,5.02627429261338,0.0331464783521369,3.3333334577037,0.0476391237461939,0.497217072639614,0.00641613191692159,2.57961796713062,0.02130822656909,3.63204376361682,0.366004968382185,0.0202595759183168,0.0131578946602531,0.115110539918533,0.0336424416163936,0.00453771976754069,0.00218340614810586,0.00387168140150607,0.00503214995842427,3.4493928240845,0.0462899918784387,0.699830958939856,0.0390605690772645,2.66038970294176,0.418223816435784,0.0921131847426295,0.0166512483847328,0.817302558920346,0.0102013424620964,0.283725906629115,0.00565843604272231,0.136582243954763,0.00640409882180393,0.0144777665263973,0.00266252498840913,0.0139188863977324,0.00341546718846075,0.0343803063151427,0.00666944542899728,0.00839091854868457,0.00145737189450301,0.0695007933245506,0,0.00805585412308574,0,0.0522203951259144,0.0251949607918505,17.5058216378093,0.0466623441316187,1.14041095040739,0.00422832992626354,2.05919070029631,0.0108615159988403,1.39390866481699,0.0113686054828577,0.250380909710657,0.00501824813545682,0.633367339381948,0.0846505128138233,5.31465112406295,0.11768001888413,1.13263389328495,0.187231759307906,4.81371004198445,0.0587002076208591,0.449936625082046,0.0164661175804213,0.660093433689326,0.134340016054921,0.066623960621655,0.0063593004597351,0.628899839823134,0.0129799889400601,0.687390319188125,0.00345849816221744,0.652655495388899,0.00837821629829705,0.0786075263749808,0.0035714284167625,0.0651629053754732,0.00101608809200116,0.0873015846591443,0.147927034122404
0.0809730667970143,0,0.077273492643144,6.89607472394709,0.00110283982940018,0.102310230606236,0.0208425062592141,4.37773061566986,0.00280033593298867,0.0556464821565896,0.00973762467037886,5.24386588996276,0.0139414455043152,1.27508094286895,0.00428265536902472,0.126909515820444,0.0327958445996046,2.32391136494698,0.350333555892576,4.83604820125038,0.0406557377427816,0.0849821618758142,0.0492170011857525,0.106890460185241,0.00819432269781828,0.0365682152914815,0.00513259187573567,0.0438292948529124,0.0719391305465251,1.07864121033344,0.181051597755868,0.169207310769707,0.538806642493,1.59346793778241,0.0647370060905814,0.0255264830775559,0.039856075309217,0.141039822483435,0.0358422944555059,0.014818734722212,0.00465116259874776,0.0557398810051382,0.00550148109323345,0.0236471119569615,0.00640709727304056,0.0250626559136435,0.0147729739546776,0.0106632542156149,0,0.00898203591350466,0.0061151078552939,0.00395865394966677,0.00110650074202567,0,0.0130389067926444,0.0486508571484592,0.0839506171178073,11.666172234749,0.0482138953520916,0.15278078589472,0.0275833671039436,0.412988318945281,0.0193161047645845,0.620828656246886,0.0120135805336758,0.200701749388827,0.217413884704001,0.671083255496342,0.739075503021013,2.93583808466792,0.312084254517686,1.09477754466934,0.0662537027383223,1.52576206251979,0.0466032174881548,0.295178752276115,0.236048063961789,1.09271162486402,0.00331895134877414,0.104743084113579,0.0134369097650051,0.414122849993873,0.00567010330269113,0.062452401034534,0.0147122464841232,0.208365010184934,0.000579206505790353,0.0215166631387547,0.00949424848658964,0.0307108339038678,0.737564305018168,0.128699245455209
5.46852243854664,0.077273492643144,0,1.30891181377228,2.21187304635532,0.601480751880445,18.4536233029212,0.956344914855435,1.72429913969245,0.161135047674179,1.30668685067212,0.130526312539587,4.03093170979992,0.338893405685667,0.908563755947398,0.0939153410727158,0.424365493003279,0.0199619770282879,9.84212661421043,0.746006376575679,0.0300210143905133,0.0291319853276946,7.71975182485767,1.43980033951811,0.242293126881123,0.452033371722791,0.06388595799217,0.157908777240664,2.80424435331952,0.231928363762563,7.01646194281057,0.755513402778888,6.55750151438406,0.417021267669043,0.324556373641826,0.0163982433732599,0.55110424128361,0.0189889667090029,0.153019444900565,0.00886699534021318,0.0486174412071705,0.0103186649503186,0.0171759539225604,0.0111134857288562,0.0534685410093516,0.0051510184421204,0.0253890255116858,0.00965794734656811,0.00710227293893695,0.00186523667071015,0.0417736684321426,0.000414250214817002,0.00667351152515039,0,0.0270055605797097,0.0189445196883753,1.21019508963218,0.0334174023009837,0.413707691186573,0.00285597713082097,0.231562567932997,0.00757755152881145,0.171206225641072,0.0075853347661905,0.0501216535049025,0.00438981573097408,0.479366110288538,0.0497783821774647,0.799056615680456,0.0539962574839592,1.64721010526409,0.890256377402693,3.14621938375058,0.163490472594276,0.378004821774084,0.0312312319874763,0.745653288962785,0.2008472525049,0.0473588324384764,0.00361772684846073,0.15939730242826,0.017835285543697,0.327325162215857,0.0175355448154733,0.118935399834299,0.00875145866302773,0.0380289227468893,0.0117302052676678,0.0250086842570454,0.00362020728061907,0.102002504921984,0.152494509879034
0.0942292455001734,6.89607472394709,1.30891181377228,0,0.0362163460813463,5.0622921041213,0.650684034859296,15.5650358771381,0.0758270949299913,0.866855512373149,0.0496836179518141,1.28352323189029,0.238597752846545,2.51258401756058,0.0385501785203815,0.366010373021709,0.0151336016133428,0.170335776230786,1.29154687016853,10.3877663607709,0.0790055212564766,0.106761564966291,2.21166159451241,13.4413491924643,0.0687233516364358,1.38084847759455,0.0166789299109951,0.250619113678113,0.152842880197568,1.10805259845802,1.98044324840885,2.45539287140127,0.642004766617902,1.27947936655255,0.0438805161393248,0.0188984876149334,0.0688501093536615,0.0888676549075171,0.0519418647745624,0.017475281318184,0.00949720642529428,0.0401785732246935,0.0101963746128604,0.0281803545658477,0.00691443402320147,0.0223684215161484,0.0158515368821099,0.0372694442048669,0.000886328401975334,0.00567933614365757,0.00358890698407777,0.00117256207158789,0,0,0.0195305163506418,0.0380812883377075,0.0285929256642703,0.707070725766243,0.0159750628517941,0.0231169327162206,0.00847457651980221,0.0806737563107163,0.00590774818556383,0.133465741295367,0.00591043409076519,0.0458204349561129,0.0636521191336215,0.163444360543508,0.241996027063578,0.61488836130593,0.359023455530405,3.53019814152503,0.153163668233901,1.18026657321025,0.11335360846715,0.247029562073294,0.528389345272444,1.09205021162052,0.0011163828894496,0.0343871327349916,0.00900056236423552,0.138482018373907,0.0125842696288601,0.0736305176978931,0.006397440796718,0.0842547201609705,0.00248570722760633,0.0433690937643405,0.0109145027236082,0.0172792955709156,0.576757512171753,0.216915996861644
0.0198072802741081,0.00110283982940018,2.21187304635532,0.0362163460813463,0,0.239950535120443,0.193158117705025,0.0114263199502602,5.63917508441955,0.0582877937704325,0.0393325384939089,0.00202531646937132,0.248501005582511,0.00152905203867704,3.3772893906571,0.0348837202764116,0.0646341464016587,0,0.0136986302677542,0.00443131453357637,0.124151311814785,0.0695488739293069,0.917787777143531,0.157034677395131,3.09728190943133,0.574218767113052,5.72849461832084,0.34092476288788,1.44262299826369,0.0166739795240574,6.06557405611966,0.193009902141057,0.0975809785304591,0.000759013288188726,0.0284757115878165,0,0.0326223333831877,0.00375704455655068,0.00373134319670498,0.00113636360038072,0.0565085764974356,0.00603015068918467,0.00443295144941658,0.00168137869331986,0.000980873010121286,0.00304413994308561,0.00773993786424398,0.00224719103425741,0.00415800418704748,0,0.0158147420734167,0,0.00626566412393004,0,0.00730994157493114,0.00417681864928454,0.019723866134882,0.000494559819344431,0.00786163494922221,0,0.0154984149849042,0,0.00772626930847764,0,0.0132596679031849,0.00177304958924651,0.00904736598022282,0.00392596767051145,0.00206185574643314,0,2.27312775026076,0.0799999982118607,0.729633982060477,0.0177725125104189,0.0933852139860392,0.00194174761418253,0.066048665670678,0.0105078807100654,0.0160965789109468,0,0.0838192450464703,0.00467973109334707,0.214938214048743,0.00312500016298145,0.0423280438408256,0.00175592629238963,0.0543933055596426,0.00334821443539113,0.0150375943630934,0,0.00446428591385484,0.011273956624791
0.00907877169083804,0.102310230606236,0.601480751880445,5.0622921041213,0.239950535120443,0,0.267332909570541,2.06057034796686,0.362588093383238,11.4178742419463,0.00948429200798273,0.165322575718164,0.118897373089567,0.194285712204874,0.116735063493252,7.83073498983867,0.0169799877330661,0.153364624944516,0.144103146740235,0.186970927170478,1.37115384743083,8.00186409219168,1.29039949877188,3.93248618912185,1.12437813589349,10.1501614199951,0.630594548769295,15.1851851551328,0.171035663224757,3.26835660682991,2.63699295674451,4.16303237038665,0.0996732037747279,0.0869894068455324,0.0432252716273069,0.0747330954764038,0.0336868363665417,0.824408441083506,0.0247371685691178,1.79762585554272,0.00600000028498471,1.5418327152729,0.0574374081334099,0.195142376469448,0.0341796875,0.166666674194857,0.0416505988687277,0.263531177304685,0.00103466119617224,0.0160160157829523,0.00957746524363756,0.00236499798484147,0,0,0.00437158474233001,0.688410801813006,0.00885608838871121,0.063656548387371,0.0117508816765621,0.00459594035055488,0.00561797758564353,0.0207039341330528,0.00439319061115384,0.0195519346743822,0.00549752614460886,0.0273730676854029,0.0647730272030458,0.182377629447728,0.0246280152350664,0.0924137958791107,1.14267836802173,4.49596018134616,0.0751614794135094,2.21449623454828,0.127290259581059,0.617901827674359,0.305475507630035,0.717770018381998,0.01595214381814,0.0643274858593941,0.0145296042319387,0.19136522943154,0.0149732623249292,2.11819591268431,0.00487507623620331,0.149835710471962,0.00277200271375477,2.34203213453293,0.00576867605559528,0.117802425287664,0.605524834245443,0.167410721769556
7.45882696835906,0.0208425062592141,18.4536233029212,0.650684034859296,0.193158117705025,0.267332909570541,0,0.507383211748675,2.88645004038699,0.0815228614665102,3.13939147075871,0.0430149208987132,12.7928252116835,0.154084792215144,1.44171321686008,0.0416820347600151,0.414421869209036,0.0109933253843337,1.26281385033508,0.171360709064174,0.0180222908384167,0.00988235315890051,2.16291530043236,0.693942036246881,0.0824607338290662,0.209656930383062,0.0346598197356798,0.0677454172691796,3.22202033683425,0.096614824142307,2.58126565197017,0.351165987551212,1.07164445635863,0.0989520717412233,0.0689497705898248,0.00837014650460333,0.286610887269489,0.00794480432523414,0.102211099001579,0.00404367165174335,0.0277711279923096,0.00334848120110109,0.00610894267447293,0.00323450125870295,0.0111004784994293,0.00310257892124355,0.0152512998320162,0.00443989058840089,0.00469667336437851,0,0.0279470775858499,0,0.00501882063690573,0,0.0209388712537475,0.011883148807101,1.06048051267862,0.0141078844608273,0.12705061212182,0.00138217001222074,0.353526962280739,0.00117439814493991,0.346938772854628,0.00319602282252163,0.0448358678258955,0.00220507162157446,0.0803571427823044,0.0171800954267383,0.179867348721018,0.0125351200986188,1.08062823826913,0.3731717398623,2.93278688797727,0.0689372175838798,0.343616514233872,0.00806451606331393,0.616042323905276,0.0645029611187056,0.0272727269330062,0.00237925298279151,0.245193936716532,0.00514761544764042,0.364176743139978,0.0090090092853643,0.255802468629554,0.00413329899311066,0.0419913430814631,0.00401767785660923,0.0346177001483738,0.00114893005229533,0.0470357649028301,0.128652099287137
0.0685730129480362,4.37773061566986,0.956344914855435,15.5650358771381,0.0114263199502602,2.06057034796686,0.507383211748675,0,0.0414342635776848,2.01720432922593,0.0338126707356423,4.13264734722907,0.17774342559278,8.75838301566546,0.0254777062218636,0.750701256154571,0.0160532498266548,0.210565480112564,1.33333332836628,2.8636657310999,0.0440097795508336,0.0688437782227993,1.92191392224049,3.31470632267883,0.0427455815952271,0.437250199203845,0.0145278446143493,0.173276385467034,0.101278949936386,1.54341395304073,1.58912612430868,2.2362116962031,0.531572691979818,0.978535119793378,0.0467610483465251,0.0213833735033404,0.0406953760539182,0.0927936847438104,0.0342789598507807,0.0175975518068299,0.00583090382860973,0.0291283884143922,0.0116599188186228,0.0283906270633452,0.00762665728689171,0.0272108837380074,0.00826173200039193,0.0364939719438553,0.00111275963718072,0.00513102440163493,0.00285347399767488,0.0040026685455814,0,0,0.0119277881458402,0.0428954430390149,0.0321637422894128,0.697816814063117,0.0126413835096173,0.0217462935252115,0.00983034717501141,0.0623260983265936,0.00606060586869717,0.139330407953821,0.00492610828951001,0.0482180290273391,0.0636590091744438,0.146431622561067,0.122041421709582,0.325117128028069,0.283567333157407,3.02959739993094,0.109259975608438,0.935996905318461,0.0765124548925087,0.126278346288018,0.384674624365289,0.625361914280802,0.00134468846954405,0.0521739117102697,0.0122343855910003,0.252069119364023,0.00675548863364384,0.0790645902743563,0.005487950227689,0.127118646050803,0.0016319869318977,0.0399239534453955,0.00606410604086705,0.0231884059030563,0.272685606469167,0.14466131280642
0.0994565172004513,0.00280033593298867,1.72429913969245,0.0758270949299913,5.63917508441955,0.362588093383238,2.88645004038699,0.0414342635776848,0,0.0842237595934421,0.313193580834195,0.0041688377968967,5.81262707978021,0.00703125010477379,24.891917919158,0.0403669727966189,0.306818181532435,0.00431965431198478,0.0241057546809316,0.00603318260982633,0.123076918534935,0.0456349232699722,0.426269390445668,0.261720336915459,0.4947839085944,0.632432447746396,0.667597745778039,0.308686285279691,4.47745370026678,0.0269905541790649,2.72866628598422,0.245029564015567,0.043642467353493,0.00853043817915022,0.0123022848274559,0.00377714820206165,0.0988296484574676,0.00778715126216412,0.0283505145926028,0,0.0342245995998383,0.0106496270745993,0.0158430780284107,0.00344382273033261,0.0100857287179679,0.00208877283148468,0.0403481022804044,0.00229533284436911,0.0182012845762074,0,0.0545193668222055,0,0.0298701293068007,0,0.0402985077816993,0.00283990055322647,0.0950000045122579,0.00250752258580178,0.0313504817895591,0.00078554596984759,0.0359324476448819,0,0.0785877025919035,0,0.0478905346244574,0.000909090915229172,0.0108049705158919,0.0108262105495669,0.007430998259224,0.00144404335878789,3.59425970178563,0.113989634439349,1.72161178314127,0.0232843145495281,0.386831264011562,0.0143737171310931,0.356886233901605,0.0193120092153549,0.0533049053046852,0.00208116555586457,0.317708339251112,0.00237882835790515,0.924099716590717,0.0128755364567041,0.164265126484679,0.00133333334815688,0.269956457661465,0.0103686635848135,0.064667840488255,0.000537489948328584,0.00476190494373441,0.0529482564888895
0.00370860908878967,0.0556464821565896,0.161135047674179,0.866855512373149,0.0582877937704325,11.4178742419463,0.0815228614665102,2.01720432922593,0.0842237595934421,0,0.00232964474707842,0.0734856005292386,0.0361723123933189,0.155932202877011,0.0233918136218563,8.70681335963309,0.00357355561573058,0.0934771406464279,0.0727409046958201,0.0800873711705208,0.19065421144478,0.455122392624617,0.380023641104344,0.711930944118649,0.218510791193694,2.27428562042769,0.129666012595408,2.03225806262344,0.0356385230552405,1.62036243465263,0.640350881963968,1.86605312628672,0.0330912016215734,0.0314136135857552,0.0162205996457487,0.032928942819126,0.00489895883947611,0.220048909541219,0.00607164518442005,0.120066701900214,0.00194174761418253,0.286266932729632,0.018208303663414,0.0703060391242616,0.0105871029663831,0.068656719638966,0.0106748001417145,0.0753045432502404,0.00203769747167826,0.00788954645395279,0,0,0,0,0.00144144147634506,0.100961541000288,0.000976801034994423,0.0264511395944282,0.00232288031838834,0.00227186665870249,0.00416956236585975,0.0122324153780937,0.00108049705158919,0.0128772631287575,0.00108166574500501,0.0200435735750943,0.0242296563228592,0.0576976416632533,0.0111167256254703,0.0297297304496169,0.226044221781194,1.36790720757563,0.0265435649780557,0.894035921897739,0.029990628361702,0.115996257402003,0.0997167145833373,0.221461178036407,0.00193610845599324,0.0265151523053646,0.0057491916231811,0.100057839415967,0.00105263153091073,1.29657992860302,0.000807591364718974,0.090533185750246,0.00135777320247144,0.585472390986979,0.00285959395114332,0.036687629763037,0.0641711242496967,0.0647948146797717
5.02627429261338,0.00973762467037886,1.30668685067212,0.0496836179518141,0.0393325384939089,0.00948429200798273,3.13939147075871,0.0338126707356423,0.313193580834195,0.00232964474707842,0,0.0156479217112064,10.4140628103632,0.0320178710971959,2.80212962592486,0.00260190811241046,7.76842095586471,0.00202224473468959,0.340252050489653,0.0784737200010568,0.0108991828747094,0.0141093470156193,0.114202052063774,0.0573865841142833,0.0108991824090481,0.0136986296856776,0.0179717591963708,0.00131665566004813,2.7370183961466,0.0255427847150713,0.461833902751096,0.0362355289980769,0.287764053500723,0.0510166349122301,0.0316455704160035,0.0067510548979044,0.223557700635865,0.00479904003441334,0.109654349740595,0.00109289621468633,0.0659754942171276,0.00187793432269245,0.0144040328450501,0.0016333197709173,0.00948316766880453,0.000979911768808961,0.0301431794650853,0.00145985395647585,0.0130391174461693,0,0.0614788131206296,0,0.0264105633832514,0,0.0213827518746257,0.00611620821291581,2.78865721882903,0.00680602836655453,0.105585310840979,0.00149700604379177,0.345135780400597,0.00100351229775697,0.743889471050352,0.000794912572018802,0.0946808480657637,0.00343938102014363,0.0412748161470518,0.0170517051010393,0.0567164205713198,0.00794176035560668,0.54490656638518,0.0934131753165275,1.67006805015262,0.026166097028181,0.306010927073658,0.00909090915229172,0.267260586842895,0.0358945615589619,0.201127824606374,0.00183992634993047,1.76545846369117,0.00229292060248554,4.26618339994457,0.00402010045945644,0.28812199033564,0.00129701683181338,0.210106376325712,0.0021482277661562,0.060657597205136,0,0.0310559011995792,0.102403341326863
0.0331464783521369,5.24386588996276,0.130526312539587,1.28352323189029,0.00202531646937132,0.165322575718164,0.0430149208987132,4.13264734722907,0.0041688377968967,0.0734856005292386,0.0156479217112064,0,0.015434846514836,9.13845144328661,0.00313602504320443,0.429504412866663,0.0159441959112883,6.62153859296814,0.605008361279033,1.68845533649437,0.0300429192138836,0.0559049611911178,0.079741379013285,0.248261477448978,0.00339943345170468,0.0357330529950559,0.00215633423067629,0.0473568262532353,0.0469273741473444,9.09297064645216,0.301680675183889,0.371278451755643,0.340698513202369,0.655562974512577,0.0499679704662412,0.0391363010276109,0.0295767479110509,0.118126278743148,0.0222784811630845,0.011283498024568,0.00736377027351409,0.0411160052753985,0.00715679919812828,0.0466132573783398,0.014131338801235,0.0504704884951934,0.00474415451753885,0.0250246946234256,0.00174596242140979,0.0220713077578694,0.00767656078096479,0.00276338518597186,0,0,0.00837898830650374,0.032716050860472,0.0167307262308896,0.958512802317273,0.0192373753525317,0.0255978442728519,0.0137242666678503,0.0655021853162907,0.0128499310230836,0.15926057100296,0.00826825923286378,0.0449866577400826,0.0732121208275203,0.204424102208577,0.146510619204491,0.429203538224101,0.169734147377312,1.75088960817084,0.0572537612169981,2.79902670835145,0.0530465932097286,0.243378662271425,0.172001912724227,0.683653846790548,0.0029390153940767,0.291907507926226,0.0102860815823078,0.319598508067429,0.00359066436067224,0.160034984874073,0.00568074232432991,0.099532806489151,0,0.0444650296121836,0.00732026132754982,0.0144787642057054,0.479809973621741,0.0861244008410722
3.3333334577037,0.0139414455043152,4.03093170979992,0.238597752846545,0.248501005582511,0.118897373089567,12.7928252116835,0.17774342559278,5.81262707978021,0.0361723123933189,10.4140628103632,0.015434846514836,0,0.0812967551755719,15.7870316674816,0.0159779620007612,2.06130515545374,0.0066626284387894,0.372451500268653,0.0672842517960817,0.0181443295441568,0.0113913749810308,0.697193493484519,0.319754018448293,0.0530085979262367,0.103754264768213,0.0832755002193153,0.0408019704045728,5.16217670490732,0.0539068900980055,1.38714410399552,0.167925091227517,0.359509542468004,0.0615537366829813,0.0370942801237106,0.00637704273685813,0.253012046101503,0.00601805403130129,0.0952698225155473,0.00253646168857813,0.0343815516098402,0.00334868137724698,0.0282857840065844,0.00265041075181216,0.013981940690428,0.00178306095767766,0.0583207674790174,0.00246062991209328,0.0241109100170434,0.00118238246068358,0.104559268278535,0,0.0381270893267356,0,0.0469733642530628,0.0070307006535586,1.40256877394859,0.00882677477784455,0.108684613951482,0,0.334042059897911,0.00241181789897382,0.619463490962517,0.00156250008149073,0.104868911672384,0.00164383562514558,0.0547360258642584,0.0201612900127657,0.05398920038715,0.0141093472484499,1.5098894094117,0.209084845089819,2.70725381793454,0.0415314733982086,0.382328664709348,0.0090759078739211,0.510256426176056,0.0463469582609832,0.084589613834396,0,0.952150791999884,0.00332432985305786,2.70599072962068,0.00543150259181857,0.490805336739868,0.00336134457029402,0.28500707767671,0.00313873199047521,0.116652928176336,0.000386772386264056,0.0174672494176775,0.101709777023643
0.0476391237461939,1.27508094286895,0.338893405685667,2.51258401756058,0.00152905203867704,0.194285712204874,0.154084792215144,8.75838301566546,0.00703125010477379,0.155932202877011,0.0320178710971959,9.13845144328661,0.0812967551755719,0,0.00877192977350205,0.284833532175981,0.0113293051254004,0.947873797849752,1.03685368114384,1.55705055705039,0.0186365871923044,0.0308880303055048,0.530209034972358,1.2487916238606,0.00997506268322468,0.0416666652308777,0.00320512824691832,0.0309320320375264,0.0655441976268776,4.3395191996824,0.79179081809707,0.963418795203324,0.375398886622861,0.430414485745132,0.0508628534153104,0.0226095146499574,0.0292083008680493,0.0537428032839671,0.02064220252214,0.00289017334580421,0.00100050028413534,0.0269595606951043,0.00323014799505472,0.0183052857173607,0.00393830006942153,0.0154414232820272,0.00946547911735252,0.0168569882516749,0,0.0040040040621534,0.00219828536501154,0.0016968326526694,0,0,0.00801282090833411,0.0180365887354128,0.0189573462121189,0.498416465998162,0.0106981984572485,0.00997229909989983,0.00935794122051448,0.0293415212072432,0.00780141819268465,0.105964102142025,0.00283889286220074,0.0208333340706304,0.0306336549692787,0.0926978600909933,0.0970149268978275,0.216414869646542,0.124759337631986,1.850460079615,0.0680977029260248,1.05341245653108,0.0520628702361137,0.076545633142814,0.215801028825808,0.41822858422529,0.00199800194241107,0.0641975307371467,0.00639658863656223,0.191551837371662,0.00627396296476945,0.0471311462461017,0.00371496102889068,0.0762041715206578,0.00245700246887282,0.0178571426658891,0.00761307653738186,0.013375130482018,0.257352954358794,0.0812664905097336
0.497217072639614,0.00428265536902472,0.908563755947398,0.0385501785203815,3.3772893906571,0.116735063493252,1.44171321686008,0.0254777062218636,24.891917919158,0.0233918136218563,2.80212962592486,0.00313602504320443,15.7870316674816,0.00877192977350205,0,0.0149359884671867,1.92328518646536,0.00563607091316953,0.0730337063432671,0.0152253356645815,0.37087742309086,0.0158536585513502,0.171894926344976,0.102431122330017,0.451874389545992,0.183712126687169,0.932170539163053,0.074074073927477,8.80787840287667,0.0168126099742949,1.2089609564282,0.0938628137810156,0.0908789402456023,0.0224229216109961,0.0395480234874412,0.00946185644716024,0.355760372825898,0.00828347919741645,0.0540293042431585,0.00256849313154817,1.72303760773502,0.00254614884033799,0.0584830921143293,0.0013536378974095,0.0214149134699255,0.00314095010980964,0.114556962798815,0.0043130005360581,0.0335999991511926,0,0.188000974390889,0,0.0920810329262167,0,0.182367147295736,0.00347926933318377,0.403713297710055,0.00216450222069398,0.0987179517978802,0,0.168081994575914,0.00400160060962662,0.275544385658577,0,0.148365465982351,0.00211864407174289,0.0470696803531609,0.017865765868919,0.0174880765844136,0.00495785847306252,2.77505775424652,0.0726102943881415,1.90925114921993,0.0123674912611023,0.270573575282469,0.00373598991427571,0.264986976399086,0.0270860646851361,0.140127390623093,0.00125549279619008,1.39698798075551,0.005506883317139,12.9372178332414,0.0040064103086479,0.782513668877073,0.00272798127843998,2.12736328388564,0.00168918923009187,0.459097694605589,0.00091890647308901,0.0149456524522975,0.0437457263469696
0.00641613191692159,0.126909515820444,0.0939153410727158,0.366010373021709,0.0348837202764116,7.83073498983867,0.0416820347600151,0.750701256154571,0.0403669727966189,8.70681335963309,0.00260190811241046,0.429504412866663,0.0159779620007612,0.284833532175981,0.0149359884671867,0,0.0149911812040955,0.432965308253188,0.0835380819626153,0.185251802788116,0.159132006112486,1.72340425732546,0.240120824135374,0.369142508308869,0.153010867652483,1.08410352602368,0.120037810062058,2.07414539821912,0.0448065156815574,10.9294801560463,0.368799687596038,0.808644429780543,0.0815128805697896,0.0772295451024547,0.0647639964008704,0.0814687313977629,0.0153015305404551,0.741573031700682,0.0098389980266802,0.578726961975917,0.00617665238678455,0.869993822416291,0.0797601189697161,0.224143662955612,0.0487439052085392,0.252404775936157,0.0448318789713085,0.27046694746241,0.00156739808153361,0.0359189921291545,0.00959462719038129,0.00570342200808227,0.000899280596058816,0.00088534748647362,0.00178359093843028,0.368466151412576,0.00811272391001694,0.08176369802095,0.0100882723927498,0.0123839010484517,0.0115373521111906,0.0250882003456354,0.00737704918719828,0.0331815235549584,0.0114848236553371,0.0568654665257782,0.0852713159110863,0.261325709987432,0.0334890955127776,0.106331560527906,0.253495710378047,1.80969483777881,0.0267011204268783,4.31519860675326,0.0289855068549514,0.359469244023785,0.0985556468367577,0.611704379320145,0.00369913678150624,0.0802431574556977,0.014827995619271,0.450210030248854,0.00401767785660923,4.7087913271971,0.00613496921141632,0.283564816927537,0,2.07685950485757,0.00293685751967132,0.128944379393943,0.253280838951468,0.0422442257404327
2.57961796713062,0.0327958445996046,0.424365493003279,0.0151336016133428,0.0646341464016587,0.0169799877330661,0.414421869209036,0.0160532498266548,0.306818181532435,0.00357355561573058,7.76842095586471,0.0159441959112883,2.06130515545374,0.0113293051254004,1.92328518646536,0.0149911812040955,0,0.0360824755625799,0.12706767040072,0.0437956186942756,0.0169332077493891,0.0200729925418273,0.0296120822895318,0.0181031085085124,0.00559440581128001,0.0102040814235806,0.0118421057704836,0.00405131676234305,5.09021267440403,0.102985718462151,0.134963324759156,0.0194971787277609,0.63213275722228,0.171728527580854,0.585644377395511,0.254577158484608,0.515375143731944,0.103130753617734,0.12804878060706,0.0111607147846371,0.0723362658172846,0.0136319380253553,0.0985761240008287,0.0721692219958641,0.112023180583492,0.0948577135568485,0.0733944978564978,0.0288675045012496,0.0971370120532811,0.0316674895584583,0.381752009852789,0.00625000009313226,0.0724815711146221,0,0.0556358369067311,0.0316695355577394,6.88160464540124,0.0598626105347648,0.824534176848829,0.0189825354027562,1.3953326032497,0.0705882363254204,4.50650765094906,0.0282485867501236,0.971769851166755,0.0646853139624,0.462269127834588,0.430239015142433,0.114604459726252,0.0950441241730005,0.688463888363913,0.126225494663231,2.55851673334837,0.0732558136805892,0.541509442031384,0.028248587041162,0.803185413125902,0.28080228541512,4.33333336561918,0.0438512878026813,11.7672907183296,0.0492610860965215,6.24828289821744,0.0174180318135768,1.1265669221757,0.0296425458509475,0.495225105201825,0.00877192988991737,0.142120340373367,0.00840115547180176,0.0603448273614049,0.082698583137244
0.02130822656909,2.32391136494698,0.0199619770282879,0.170335776230786,0,0.153364624944516,0.0109933253843337,0.210565480112564,0.00431965431198478,0.0934771406464279,0.00202224473468959,6.62153859296814,0.0066626284387894,0.947873797849752,0.00563607091316953,0.432965308253188,0.0360824755625799,0,0.0894808718585409,0.255984034447465,0.0300525920465589,0.12463343096897,0.0307270232588053,0.0505517980782315,0.0176678452407941,0.0490196066675708,0.00894854590296745,0.0663236130494624,0.0932009195676073,18.4311749276239,0.0691742310300469,0.130807395034935,0.359255207469687,0.256218068301678,0.218206156161614,0.168197875609621,0.0263991561951116,0.230890883132815,0.0199161418713629,0.0194174761418253,0.00619674660265446,0.0880308863706887,0.0252743596211076,0.088839122094214,0.033347585296724,0.133861739188433,0.00970873818732798,0.0471380451926962,0.00539568357635289,0.0323285288177431,0.0140588388894685,0.0084865631069988,0,0,0.00461133074713871,0.0731169232167304,0.0404040401335806,2.42357278661802,0.0675105471163988,0.0530668499413878,0.0407773181796074,0.139451196591835,0.0217803036794066,3.5979608038906,0.0293838859070092,0.166666664939839,0.216855600010604,0.581996922846884,0.125892857846338,0.564043660066091,0.192694549914449,1.67578939720988,0.0330992981325835,4.66297770326491,0.0436746971681714,0.34285714616999,0.18460020807106,1.38499758136459,0.0154559500515461,8.44039454148151,0.0427069634315558,2.99596652691253,0.00462748721474782,0.223423428833485,0.016877637244761,0.294069186144043,0.00230680499225855,0.0774378579226322,0.00319318799301982,0.0593573682126589,0.702341131400317,0.082561076618731
3.63204376361682,0.350333555892576,9.84212661421043,1.29154687016853,0.0136986302677542,0.144103146740235,1.26281385033508,1.33333332836628,0.0241057546809316,0.0727409046958201,0.340252050489653,0.605008361279033,0.372451500268653,1.03685368114384,0.0730337063432671,0.0835380819626153,0.12706767040072,0.0894808718585409,0,12.0987124238163,0.0360799611080438,0.0499040293507278,7.65131747192936,1.43780105951009,0.0760959482286125,0.0852895139832981,0.0215311002102681,0.0429323599091731,0.523067725764122,0.484995450824499,4.34751064650482,1.70377943711355,14.1948537813732,6.28891914716223,1.01174347102642,0.318501165602356,0.214231065474451,0.0825372585095465,0.0761035014875233,0.0201438846997917,0.0308304312638938,0.0277915643528104,0.00965924339834601,0.0176522514084354,0.0130761682521552,0.0147107987431809,0.017203108232934,0.0531165299471468,0.00271739135496318,0.00664672639686614,0.0127165098965634,0.0011273956624791,0,0,0.0133120338432491,0.0190084769274108,0.385736801079474,0.116113745549228,0.187429862562567,0.00828271644422784,0.0746307307854295,0.0210669394000433,0.0734463278204203,0.0305828031268902,0.0219081266550347,0.0164835170726292,0.603599818248767,0.375926732202061,10.7432435033843,0.679398626554757,1.78995789581677,2.02137405239046,0.946941811125726,0.688330857548863,0.1396484375,0.178536585532129,0.519300820480566,1.13355285610305,0.0168818271486089,0.015709375962615,0.0531349622178823,0.0419013283099048,0.0756681731436402,0.0251700683729723,0.0262891807942651,0.0215208035660908,0.00651996722444892,0.0149359884671867,0.0116123270709068,0.00500312692020088,0.646137801348232,0.200314631918445
0.366004968382185,4.83604820125038,0.746006376575679,10.3877663607709,0.00443131453357637,0.186970927170478,0.171360709064174,2.8636657310999,0.00603318260982633,0.0800873711705208,0.0784737200010568,1.68845533649437,0.0672842517960817,1.55705055705039,0.0152253356645815,0.185251802788116,0.0437956186942756,0.255984034447465,12.0987124238163,0,0.106053497816902,0.140480593312532,0.271766033256426,1.49847597815096,0.0184147314284928,0.0538694987772033,0.00772797502577305,0.0619850905495696,0.155646579572931,0.765907108318061,1.4834564353805,0.806761676794849,3.04888373852009,3.68995964841451,0.129032258410007,0.0686230238061398,0.161841133143753,0.0689655196038075,0.126292464206927,0.02237762324512,0.0277379245962948,0.0792362779611722,0.0073548728832975,0.0270192582393065,0.00509716477245092,0.029306415526662,0.0309446265455335,0.0249336871202104,0.00132275128271431,0.00453221099451184,0.00646412416244857,0.00330760760698467,0,0,0.0417101150378585,0.0417820301954634,0.133048876305111,0.664074661210179,0.055433590139728,0.0297136689187028,0.04671236500144,0.0562355277361348,0.0260989017551765,0.0896785153308883,0.0151202746201307,0.0494636468938552,0.523260590882273,0.399914270325098,3.84342121728696,4.73593060416169,0.905169201956596,3.16222221596399,0.286327837966383,1.8486370263272,0.188909779186361,0.513615037256386,0.743807478866074,2.85602550767362,0.00573065900243819,0.0321209252579138,0.0161290330579504,0.100022126222029,0.0209388712537475,0.0443708616658114,0.0136348519008607,0.0541018398071174,0.00157853192649782,0.0290456438669935,0.0236946024815552,0.0106622922467068,1.80961926165037,0.401610446395352
0.0202595759183168,0.0406557377427816,0.0300210143905133,0.0790055212564766,0.124151311814785,1.37115384743083,0.0180222908384167,0.0440097795508336,0.123076918534935,0.19065421144478,0.0108991828747094,0.0300429192138836,0.0181443295441568,0.0186365871923044,0.37087742309086,0.159132006112486,0.0169332077493891,0.0300525920465589,0.0360799611080438,0.106053497816902,0,2.28336763568223,0.0758670503273606,0.0921325068920851,2.30937891360372,4.16058397502638,0.922063677571714,2.75688061583787,1.27857554715592,0.190364273730665,2.22144843020942,1.65373135637492,0.0375939859077334,0.0466472301632166,0.0356564014218748,0.00743494415655732,0.308751240139827,0.107843143632635,0.195926288957708,0.0287404900882393,3.96618352131918,0.253588507417589,0.00563380296807736,0.0266370708122849,0.00547195645049214,0.0344332857057452,0.0159441959112883,0.0324892501812428,0.00296956207603216,0.00991501403041184,0.00134952762164176,0.00102511537261307,0.00196270854212344,0,0.0333487722091377,0.0383275265339762,0.0143719458719715,0.0184597633779049,0.00305033032782376,0.00296296295709908,0.00618921325076371,0.00742942036595196,0.00971659901551902,0.0042803636752069,0.00486617989372462,0.00476474082097411,0.0176045261323452,0.0361324860714376,0.0161408659769222,0.0625000004656613,5.17193696601316,1.89638318493962,0.363473582314327,0.336633671890013,0.793791567441076,0.3355408385396,0.814621386118233,0.522887314204127,0.0095923263579607,0.0227272720076144,0.0350715265376493,0.0161857841885649,1.67601240798831,0.0893521984107792,0.0189070791820996,0.0140738883055747,0.112018670886755,0.0790123455226421,0.0263797300867736,0.0106249997625127,0.382445131894201,0.832258051726967
0.0131578946602531,0.0849821618758142,0.0291319853276946,0.106761564966291,0.0695488739293069,8.00186409219168,0.00988235315890051,0.0688437782227993,0.0456349232699722,0.455122392624617,0.0141093470156193,0.0559049611911178,0.0113913749810308,0.0308880303055048,0.0158536585513502,1.72340425732546,0.0200729925418273,0.12463343096897,0.0499040293507278,0.140480593312532,2.28336763568223,0,0.0664048549951985,0.117048346437514,0.742388727841899,2.26814509369433,0.275423729326576,10.5988945439458,0.076662905048579,0.542939487146214,1.22804633388296,1.69847056572326,0.0707124008331448,0.0755619325209409,0.0553846154361963,0.0735551649704576,0.0990476179867983,1.88983850821387,0.0958646640647203,4.26315792649984,0.00894854590296745,7.60532144224271,0.0268146085436456,0.0980926479678601,0.0267558521591127,0.120532580884174,0.0196078442968428,0.115710252954159,0.00289855082519352,0.0179930798476562,0.0040040040621534,0.00403225794434547,0,0,0.0109489050228149,0.324602842913009,0.00683371326886117,0.0474285709206015,0.0100000004749745,0.00485908647533506,0.00958605692721903,0.0203045681118965,0.00315457419492304,0.0189274437725544,0.00473933655302972,0.0233644852414727,0.0435594288865104,0.117140965245198,0.0530085979262367,0.167224084725603,2.27942580892704,8.75000026077032,0.104347828309983,0.951048940420151,0.36363634839654,1.14814811339602,0.385786794126034,0.833190776174888,0.00444444455206394,0.0676532760262489,0.0163636364741251,0.0723478239960968,0.0167046311544254,0.470930230803788,0.00503432503319345,0.0458624134771526,0.00449438206851482,0.767628215136938,0.00686341780237854,0.0284565422916785,4.90909105539322,0.443148704245687
0.115110539918533,0.0492170011857525,7.71975182485767,2.21166159451241,0.917787777143531,1.29039949877188,2.16291530043236,1.92191392224049,0.426269390445668,0.380023641104344,0.114202052063774,0.079741379013285,0.697193493484519,0.530209034972358,0.171894926344976,0.240120824135374,0.0296120822895318,0.0307270232588053,7.65131747192936,0.271766033256426,0.0758670503273606,0.0664048549951985,0,7.17051336492295,4.58373200031929,1.20867704111151,0.67782942939084,0.514752046437934,0.368927250383422,0.498007982969284,8.81280009797774,2.87411058216821,4.76628341060132,0.38014638403547,0.643466383684427,0.140252453275025,0.105673970654607,0.0611877604387701,0.0179372204001993,0.0171575637068599,0.00366568914614618,0.0241581259178929,0.00945094533381052,0.0189504372538067,0.019067796645686,0.0140237319283187,0.010182828118559,0.0431132277299184,0.0021851952187717,0.00107353727798909,0.00833649095147848,0.000468933169031516,0,0,0.00491839932510629,0.0169197396899108,0.0766442228341475,0.0387476207688451,0.0476524176774547,0.00368748558685184,0.0218531466089189,0.00819672161014751,0.0197238664259203,0.0114750182256103,0.00845785194542259,0.00851490075001493,0.191446766082663,0.085234773112461,0.176230618497357,0.0509754561935551,0.363800362974871,1.74048542277887,0.296123586362228,0.310072980355471,0.0658227822277695,0.0484278985532001,0.368466633721255,0.26318839378655,0.0153789818286896,0.00653594773029909,0.0263334081391804,0.0275407294975594,0.0261256249505095,0.0371889527887106,0.0108254395890981,0.0146194187109359,0.00378429517149925,0.0255029750405811,0.00192492778296582,0.00544069640454836,0.0759589835070074,0.0899390210397542
0.0336424416163936,0.106890460185241,1.43980033951811,13.4413491924643,0.157034677395131,3.93248618912185,0.693942036246881,3.31470632267883,0.261720336915459,0.711930944118649,0.0573865841142833,0.248261477448978,0.319754018448293,1.2487916238606,0.102431122330017,0.369142508308869,0.0181031085085124,0.0505517980782315,1.43780105951009,1.49847597815096,0.0921325068920851,0.117048346437514,7.17051336492295,0,1.65898219594965,2.43331964447862,0.211804097110871,0.378723397443537,0.177694934303872,0.858490552345756,2.65133829705883,2.38325055781752,0.500598811311647,0.194570144172758,0.0763723161071539,0.0228174616349861,0.0408817628631368,0.0480384298134595,0.0342766047106124,0.012025554664433,0.0116279068170115,0.0390295339748263,0.0133037692867219,0.0201219512382522,0.0034013605909422,0.0188022280926816,0.0051649926463142,0.0263231577700935,0.00141592917498201,0.00346020766301081,0.00135074291029014,0.001749781309627,0.00160192232578993,0,0.00604894157731906,0.0164281925535761,0.0133145045838319,0.0590495462529361,0.00638606661232188,0.00285469606751576,0.00534759368747473,0.0070821528788656,0.00663472164887935,0.0131461014971137,0.00221320538548753,0.0057016157079488,0.0309079200960696,0.0398477714334149,0.0366068289149553,0.0546541400253773,0.297991974046454,2.67972811125219,0.143352601560764,0.550019297748804,0.0787973026745021,0.0631797007517889,0.364674538199324,0.260137722361833,0.00211081793531775,0.00938477588351816,0.00877914950251579,0.0430555547936819,0.0123099203919992,0.0666430330602452,0.00447119525051676,0.0267546272370964,0.00342612410895526,0.0415893066674471,0.0045882083941251,0.0085506628965959,0.129104067571461,0.133109620306641
