0,0.0283110326563474,7.18260853615357,0.0591045836044941,0.0241181789897382,0.00237812125124037,8.01184390566777,0.0425665113143623,0.0847302635083906,0.00176574446959421,5.72727294929791,0.00546000548638403,3.05441561155021,0.0165916094556451,0.269919557031244,0.00102301791775972,3.07176757248817,0.00773267040494829,3.01047128523351,0.121239744010381,0.0518281850963831,0.00141043728217483,0.146702277153963,0.0592979122302495,0.000632511044386774,0.00184049078961834,0.00184729060856625,0,4.98675351776183,0.0111731846118346,0.348875495838001,0.0334448169451207,2.44340999552514,0.291148154065013,0.0816739808651619,0.0104638998163864,0.759393944521435,0.0012062726309523,0.526378908893093,0.00114975566975772,0.217687068507075,0,0.00421842039213516,0.00049937580479309,0.013785790768452,0.000541711808182299,0.0164211543160491,0.00185356813017279,0.00770712876692414,0.000547495204955339,0.0303388495231047,0.000480076821986586,0.00363086233846843,0,0.0292772185057402,0.00447427300969139,13.99927593756,0.0165868041221984,0.544927522307262,0.00186784961260855,1.05533066840144,0.00331583304796368,1.12053950177506,0.00392830837517977,0.113695093430579,0.00050774309784174,0.569785262807272,0.0384844276122749,4.08278511813842,0.126192672469188,1.1947509124293,0.0778909557266161,5.34221444430295,0.0135294112260453,0.796616140869446,0.00995024899020791,0.646887753624469,0.0388463783310726,0.0405063275247812,0.00143163918983191,0.807017555227503,0.00201979404664598,0.250836127088405,0.0011163828894496,0.490650492720306,0.00168890386703424,0.0356234097853303,0,0.04419669546769,0,0.0267260586842895,0.0362694287323393
0.0283110326563474,0,0.0218600197986234,4.71162126073614,0,0.0674977208836935,0.0058318484807387,4.99255737569183,0.00249532121233642,0.0108335836557671,0.00479760114103556,7.22463787376182,0.00453617598395795,2.26978760198108,0.00264690315816551,0.110560631146654,0.0218380345031619,5.60236913699191,0.584928527183365,2.80222586216405,0.0386579143814743,0.065193772315979,0.0763772932696156,0.126539483258966,0.00518302572891116,0.0144427002524026,0.00378190982155502,0.034326424007304,0.0499235880561173,2.85840028978419,0.127135251357686,0.201537155080587,0.353880689479411,1.76912044550409,0.0803324077278376,0.0401146146468818,0.0496124010533094,0.185128039447591,0.0570377186522819,0.0464159803232178,0.0176600441336632,0.0441176479216665,0.00572519085835665,0.0264631044119596,0.00540979148354381,0.0160353885148652,0.017707820283249,0.0287668000091799,0.00224845414049923,0.00670765782706439,0.00559888017596677,0.0229772684979253,0.000619195052422583,0,0.0190830810170155,0.0682593861711212,0.07561020180583,12.8596528366907,0.0531365303322673,0.0912547521293163,0.0352322121325415,0.559255092288367,0.0200918479822576,0.813406731002033,0.00880281702848151,0.325569364242256,0.236529850400984,0.532823209126946,0.362720384728163,2.40705725038424,0.275167774583679,1.72724490554538,0.0490463213645853,2.50947370845824,0.0217233889270574,0.511865651293192,0.263455240637995,1.04905201733345,0.00520446099108085,0.397204865003005,0.0164435051556211,0.516817064490169,0.00170794199220836,0.0986316963098943,0.00873503720504232,0.180978451768169,0.00130335614085197,0.0442890452686697,0.0137429264141247,0.0228593565989286,0.80641463957727,0.165968787739985
7.18260853615357,0.0218600197986234,0,0.994570002570981,6.14044431166258,0.308007004496176,18.276562167739,0.601426794106374,2.66906264983118,0.066550926421769,1.86851204372942,0.0300994371064007,4.1862616923172,0.148702365404461,1.15315776492935,0.0473790308460593,0.545189480762929,0.00815438950667158,12.8333336776996,0.344129565783078,0.047999998612795,0.0152038701344281,7.952487169503,1.94197467644699,0.401863346458413,0.235684145416599,0.104053233517334,0.103073576348834,3.90490280551603,0.0780780769418925,8.14902785955928,0.885353852645494,8.60676306509413,0.354412793676602,0.184707055392209,0.0123076922027394,0.486003563739359,0.00474214600399137,0.241013560385909,0.00452360743656754,0.0785689242184162,0,0.0120231211185455,0.00147674133768305,0.0287206264329143,0,0.0247678022133186,0.00228623684961349,0.00921159534482285,0,0.0307752246444579,0,0.00713648507371545,0,0.0194130922609475,0.00485865728114732,1.96703692025039,0.0145878922194242,0.374940442998195,0.000460723327705637,0.174067499348894,0.00163176498608664,0.149847940949257,0.00290486571611837,0.0440553529188037,0.00300225173123181,0.467576789291343,0.0282408320344985,1.64543980901362,0.0925309990416281,2.34535336494446,0.406949368712958,2.91385335987434,0.0798149239271879,0.424870472343173,0.00696378818247467,0.457665883004665,0.039351852145046,0.0198370525613427,0.00490883586462587,0.286560358101269,0.00558993819868192,0.26878772478085,0.00494369678199291,0.167854314204305,0.00200702453730628,0.0449718944728374,0.00504908821312711,0.0322771115461364,0,0.0334302324336022,0.0391304361401126
0.0591045836044941,4.71162126073614,0.994570002570981,0,0.0460385433398187,4.28125806862954,0.43677815515548,20.1066240826622,0.0551351364701986,1.6154047040618,0.0349960824241862,1.44438994722441,0.177034469903447,2.48555419722106,0.0566479406552389,0.469392469385639,0.0094961755676195,0.235643571708351,2.63233070768183,12.0328689491726,0.0939431386068463,0.114900151325855,4.84903505025432,11.2466022656299,0.226193798007444,1.07148678117665,0.122716117766686,0.332774970913306,0.124886878416874,0.912095460807905,3.64821641123854,4.31195384543389,0.882026214676443,2.06669522210723,0.057362504710909,0.0109555686358362,0.0763646108098328,0.0690763016464189,0.0756324869580567,0.0271934334887192,0.0317559142713435,0.0186683266656473,0.00384122924879193,0.0131103077437729,0.00429491756949574,0.00924349296838045,0.0201754390145652,0.0202745511196554,0,0.00343811407219619,0.001819836179493,0.00436205009464175,0.000537056941539049,0,0.0296389070572332,0.0449989768094383,0.0403836462646723,0.60085544269532,0.0127220879658125,0.0119098254945129,0.00739979452919215,0.117384841782041,0.00452488713199273,0.205699025653303,0.00153767305891961,0.0821477733261418,0.118189887958579,0.0978021997434553,0.21981803473318,0.59105777204968,0.47507955878973,4.03886068233987,0.0921780403587036,1.34433095325949,0.0325552819413133,0.288277145824395,0.370235923910514,0.806392422819044,0.00188442209037021,0.0846560848876834,0.0130498840881046,0.139664804009954,0.00549039151519537,0.0629685174208134,0.0038945477863308,0.0643533112015575,0.00224529881961644,0.0422822225373238,0.0124954058555886,0.0166195194178727,0.936716969590634,0.339634730480611
0.0241181789897382,0,6.14044431166258,0.0460385433398187,0,0.16839198814705,0.591737835260574,0.0143016763031483,14.1010248918319,0.0134861771948636,0.0200668891193345,0,0.108991824090481,0.00434027781011537,3.5851394883357,0.00902255612891167,0.0411805068142712,0.00117233290802687,0.0367293407907709,0.00242620299104601,0.0354767180979252,0.0325732911005616,1.17073173075914,0.153846150962636,1.906976737082,0.435687734396197,1.84996250225231,0.288461542222649,0.891658688778989,0.00692041486036032,5.28365089313593,0.138673046603799,0.143054910877254,0.00767918064957485,0.0152671756222844,0,0.0245487370993942,0.00856531038880348,0.0422237848397344,0.00127877236809582,0.00683371326886117,0.00227272720076144,0.00850340118631721,0.000956937787123024,0.00107700587250292,0,0.00628930830862373,0.00166597252245992,0.00465657748281956,0,0.00949066743487492,0,0.00143884890712798,0,0.00732600758783519,0.00156555778812617,0.016070933197625,0.00113927654456347,0.00808988761855289,0,0.014223626581952,0,0.0121654500253499,0,0.0102040814235806,0,0.00727052427828312,0.00127959053497761,0.0115406804252416,0.00299850082956254,3.14464538102038,0.0309205900412053,0.41968556214124,0.00538720516487956,0.134490240365267,0.002224694006145,0.135259358910844,0.00404585315845907,0.014117646496743,0,0.0719900705153123,0,0.196054996922612,0.00359712238423526,0.0432980182231404,0.000499251123983413,0.0683482498861849,0.00376884418074042,0.0218790221260861,0,0,0
0.00237812125124037,0.0674977208836935,0.308007004496176,4.28125806862954,0.16839198814705,0,0.148401824117173,2.76028308726382,0.225053071626462,10.8078434555791,0.0129701686091721,0.0969359355513006,0.0848623881465755,0.252658440847881,0.135012595448643,9.41332003753632,0.0132978719193488,0.0889903055503964,0.0736932302825153,0.0825396836735308,1.65858791861683,7.74380132835358,1.78592862037476,4.15758080425439,3.53477577678859,13.8261493737809,1.49855077662505,16.6378375240602,0.118143457453698,2.61545887036482,5.31158626754768,9.00232554785907,0.0695573636330664,0.0710999590228312,0.0200913238804787,0.0300300295930356,0.0279329600743949,1.05524865956977,0.0313351494260132,3.42768481734674,0.00864864885807037,2.36030195839703,0.0475197986816056,0.111371077829972,0.0199579842155799,0.0581140355207026,0.0545534539269283,0.202614381443709,0,0.0123249305179343,0.00311720708850771,0.0104438639245927,0,0.00266311573795974,0.00559105421416461,1.36587238532957,0.00382932170759887,0.0550871264422312,0.0044014083687216,0.00662525882944465,0.00465477118268609,0.0365505442023277,0.00354819616768509,0.0253968257457018,0.00495356041938066,0.040560117107816,0.0304659488028847,0.097699337056838,0.0168539327569306,0.0738595223519951,1.56632990168873,5.88163273385726,0.0715231799986213,3.08093999512494,0.0412796717137098,0.663847771007568,0.179617837071419,0.809150350629352,0,0.0539956788998097,0.00892857142025605,0.161530979443341,0.00697674416005611,2.285714186728,0.00729095470160246,0.153960024006665,0.00313479616306722,4.21354468131904,0.000633914431091398,0.241021064808592,1.05569011811167,0.374100727960467
8.01184390566777,0.0058318484807387,18.276562167739,0.43677815515548,0.591737835260574,0.148401824117173,0,0.227113142958842,1.04863857393502,0.0457634807971772,3.44103016948793,0.00641162638203241,9.50836339616217,0.040878702129703,1.20394334936282,0.0198944381263573,0.462625338986982,0.000862626708112657,1.16174783345195,0.0525536620407365,0.025045657530427,0.00934579479508102,2.20329761231551,0.85129972253344,0.0732407849282026,0.103835359448567,0.0309568480588496,0.0397224212065339,4.38429326028563,0.0145337098510936,1.84427290680469,0.427888806152623,0.801098448748235,0.0602843603992369,0.0231213879305869,0,0.161260427325033,0.00554016628302634,0.139705882873386,0,0.0273037552833557,0.000524796661920846,0.0177929211058654,0.000398327014409006,0.0100250628311187,0.000424808822572231,0.0236571642744821,0.000750187551602721,0.00989460104028694,0.000428357248893008,0.0325016420683824,0,0.00879426064784639,0,0.0270972539437935,0.0018228217959404,1.17798162333202,0.00465693869045936,0.126066719531082,0,0.17685829102993,0.000862998946104199,0.170928965701023,0.00117901351768523,0.0440097795508336,0.000403632700908929,0.0965982056804933,0.00759451859630644,0.159090913424734,0.0150058614090085,1.26070038881153,0.14790997072123,2.35502953542164,0.0262681164313108,0.348300043784548,0.00156657962361351,0.436012586025754,0.0144993206486106,0.0290928332833573,0.000524934381246567,0.359012726694345,0.000670353590976447,0.370547362079378,0.00260926288319752,0.226316519605462,0.000576618127524853,0.0519230769714341,0.00132655317429453,0.0420599444478285,0.000319846469210461,0.00754716980736703,0.0129101662896574
0.0425665113143623,4.99255737569183,0.601426794106374,20.1066240826622,0.0143016763031483,2.76028308726382,0.227113142958842,0,0.0130660056020133,3.39025468903128,0.0214535897830501,4.72101238789037,0.09819212849834,6.54007786445436,0.0111754139652476,1.35990525467787,0.00662251637550071,0.482527731335722,2.08656718069687,4.90335376077564,0.0437735831947066,0.0861291952896863,3.31253103906056,5.27130629844032,0.0458333325223066,0.263014936674153,0.0290512945502996,0.156908124190522,0.0620275270193815,1.62990584946238,2.52289756375831,3.48630414003856,0.578244276694022,2.09747093182523,0.0495025473064743,0.00944099383195862,0.0466576942708343,0.1099687081296,0.0596350676496513,0.0280353680136614,0.0207542387070134,0.0278269656701013,0.00516129046445712,0.0189812129247002,0.00486815418116748,0.0107216492760926,0.0154746180051006,0.0299598111305386,0.000834898790344596,0.00332571193575859,0.00192492781206965,0.00939143501454964,0.000896258105058223,0,0.0180831819307059,0.0511727090924978,0.0335228983312845,1.12849336219369,0.0128350324230269,0.0165410769113805,0.00642398279160261,0.146116808522493,0.00593597633996978,0.362072249088669,0.00215470805414952,0.105159898055717,0.102604330721078,0.132602037774632,0.181023716577329,0.51463579206029,0.317002886877162,3.66592523703002,0.0608465590048581,1.45283016326721,0.0255319135612808,0.194864048156887,0.265883369080257,0.602721699862741,0.00203925557434559,0.203947373549454,0.00801457202760503,0.313635612197686,0.00294985240907408,0.0767770515521988,0.00566419417737052,0.12063850951381,0.000464900047518313,0.0501607710903045,0.0106778834306169,0.0197028921393212,0.655244057299569,0.238341978983954
0.0847302635083906,0.00249532121233642,2.66906264983118,0.0551351364701986,14.1010248918319,0.225053071626462,1.04863857393502,0.0130660056020133,0,0.0221147201955318,0.119259768747725,0.00116822426207364,1.73628102993825,0.00440917094238102,23.9116706326604,0.0153139361646026,0.284306817920879,0.00119760481175035,0.0462016889359802,0.00328272464685142,0.0762124706525356,0.0429378540720791,0.718792865518481,0.200441495631821,1.27497939160094,0.444614222855307,0.715497283264995,0.305280537577346,3.12975610047579,0.0140915946103632,4.13923302292824,0.180818576365709,0.160488036519382,0.0129982669022866,0.00988142332062125,0,0.115641219774261,0.00293040298856795,0.0794223847333342,0.00261780107393861,0.0403800492640585,0.00236966833472252,0.0431778928032145,0.00194741971790791,0.0186710600974038,0,0.0639269396197051,0.00422832992626354,0.0178359093843028,0,0.0607999984640628,0,0.03249630657956,0,0.0363486153073609,0.00158793176524341,0.0901203425019048,0.00115107907913625,0.0365463690832257,0,0.0641282554715872,0,0.0945273609831929,0.000942507060244679,0.0718015676829964,0,0.0318529848009348,0.00323624582961202,0.0153211554279551,0.00770416052546352,3.45363775617443,0.0403749090619385,1.06657318666112,0.0331262927502394,0.261851022019982,0,0.258238054811954,0.0152038701344281,0.0712530699092895,0.0047449585981667,0.488030222535599,0.000666666659526527,1.11789863090962,0.00367647071834654,0.326985595747828,0,0.380553229129873,0.00257069407962263,0.130208337213844,0,0,0.00532623147591949
0.00176574446959421,0.0108335836557671,0.066550926421769,1.6154047040618,0.0134861771948636,10.8078434555791,0.0457634807971772,3.39025468903128,0.0221147201955318,0,0.00126903550699353,0.0251503541367128,0.0166037735762075,0.0872117406688631,0.013868251349777,8.0529866568977,0.00130039011128247,0.0134303304366767,0.0278716222965159,0.0219263900071383,0.160732453456149,0.43712574779056,0.564457623753697,1.21578503539786,0.292168663814664,1.96353434585035,0.118811883497983,0.978179054800421,0.0138440236332826,0.484790870686993,0.806843266356736,3.04218919947743,0.0231316724093631,0.0173195872921497,0.0053144374396652,0.00580832536797971,0.0040927694644779,0.109311737352982,0.0119840208208188,0.0498480220558122,0.00208550575189292,0.0957336155697703,0.0115084258140996,0.0257945640478283,0.00206398358568549,0.011840688646771,0.0121369743719697,0.0346494761179201,0,0.00219901045784354,0.000616903125774115,0.000857632956467569,0,0,0.00236406619660556,0.0440060694236308,0,0.00835189333884045,0,0.0016333197709173,0,0.00560224114451557,0,0.00535953557118773,0.00121285626664758,0.00760095007717609,0.00413956219563261,0.0255690666963346,0.00220507173798978,0.0141342752613127,0.194865037687123,1.22872336534783,0.0220207248348743,0.661558093968779,0.0139581258408725,0.0571428546682,0.0648379074409604,0.129156009177677,0,0.0062500003259629,0.00160128099378198,0.0263073467649519,0,0.163522011484019,0.000452181790024042,0.0274039651267231,0,0.0908547546714544,0,0.0188069343566895,0.0581395346671343,0.140552995260805
5.72727294929791,0.00479760114103556,1.86851204372942,0.0349960824241862,0.0200668891193345,0.0129701686091721,3.44103016948793,0.0214535897830501,0.119259768747725,0.00126903550699353,0,0.00325909839011729,12.4808414769359,0.0091781395021826,1.09207289142068,0,5.29548407625407,0.00555864360649139,0.352100843738299,0.0233826966723427,0.0562814064323902,0.0019723866134882,0.140558288199827,0.0543024236685596,0.00597014930099249,0.00417246180586517,0.0028050490655005,0.00298284855671227,5.89720048737945,0.00567107764072716,0.251096493098885,0.0373725924873725,0.175221238285303,0.0295445218216628,0.0210341806523502,0.00191387557424605,0.307171841734089,0,0.289299877127632,0.00362100172787905,0.0823892932385206,0,0.0229038859251887,0,0.0164102558046579,0.00106951873749495,0.0336351886508055,0.000801924616098404,0.0198785194661468,0,0.0436385977664031,0.000853242294397205,0.018880648072809,0,0.0235294114099815,0.00226586102508008,4.92328481556615,0.00166481692576781,0.114754102134611,0.000812677782960236,0.59070119750686,0.00111296609975398,1.65687972900923,0.00177698803599924,0.0818783864378929,0.00188946619164199,0.0383028885698877,0.00497048767283559,0.109529029577971,0.0140154163818806,0.774657055037096,0.0593667570501566,3.26863752224017,0.0088719897903502,0.610837456770241,0.00201612897217274,0.415841577574611,0.0291878166608512,0.116648998809978,0.00411522621288896,1.94661357539007,0,2.11778024095111,0,0.360315676982282,0.00146377165219747,0.0953101327177137,0,0.0524835996329784,0,0.0344036682508886,0.0340909080114216
0.00546000548638403,7.22463787376182,0.0300994371064007,1.44438994722441,0,0.0969359355513006,0.00641162638203241,4.72101238789037,0.00116822426207364,0.0251503541367128,0.00325909839011729,0,0.00480274431174621,9.29132074984955,0.00087565672583878,0.215292602777481,0.00332778703887016,6.8869396224618,0.853019384783693,1.51259316853248,0.0384615389630198,0.0726124686188996,0.206185565330088,0.346052132779732,0.00376647838857025,0.0201064449502155,0,0.0526976154651493,0.0238486843882129,12.7842974441592,0.368801154836547,0.665676064789295,0.155988860176876,1.0044609712786,0.0344332857057452,0.0169491531560197,0.0577700731810182,0.113337146351114,0.0452744774520397,0.0366492150351405,0.0277777781011537,0.0391517132520676,0.00593031896278262,0.0238095239619724,0.00726282363757491,0.0244936408707872,0.0155520997941494,0.0211139433085918,0,0.00383877148851752,0.0011405759723857,0.00847131304908544,0,0,0.0128433817299083,0.0317132010823116,0.0101137801539153,1.62043033924419,0.00777907436713576,0.0132645545527339,0.00347584282280877,0.134634146466851,0,0.355431303614751,0.00208986410871148,0.086075949948281,0.0712914759060368,0.109447004506364,0.134680137271062,0.539285734877922,0.183856511488557,3.78292837273329,0.0265339957550168,4.78973215387668,0.0173501580720767,0.555823304690421,0.224719092948362,0.667031131451949,0,0.795102040399797,0.00361925456672907,0.319337655091658,0.000990589382126927,0.0854021843988448,0.00127986344159581,0.0716911767376587,0,0.0433436552993953,0.00694846571423113,0.00981461245100945,1.22133334691171,0.247131511569023
3.05441561155021,0.00453617598395795,4.1862616923172,0.177034469903447,0.108991824090481,0.0848623881465755,9.50836339616217,0.09819212849834,1.73628102993825,0.0166037735762075,12.4808414769359,0.00480274431174621,0,0.0190146929235198,10.565539182513,0.00442757731070742,2.28887186595239,0.00208840932464227,0.273306318093091,0.0241758252959698,0.0425326242111623,0.00191570876631886,0.756979847385082,0.408304483629763,0.0463960240595043,0.0660828035324812,0.0175999995553866,0.0314699794398621,7.74177666660398,0.0137931036297232,1.01518284657504,0.200704218295868,0.193761241389439,0.0358872111537494,0.018961624999065,0.00283152423799038,0.240595605515409,0.00233644852414727,0.204791338182986,0.000732332468032837,0.0498777504544705,0.00195407913997769,0.0545609537512064,0,0.0211640205234289,0.000679347838740796,0.0931329170707613,0.00280269072391093,0.0346620450727642,0,0.102587801695336,0,0.037543997168541,0,0.0562913906760514,0.00214938214048743,1.72361807199195,0.00299273201380856,0.10731132235378,0.000565770838875324,0.436992960982025,0.00139324273914099,0.76840982073918,0.00180451129563153,0.125776968896389,0.00188028824049979,0.0716204103082418,0.00885161885526031,0.0634482777677476,0.0255897641181946,1.98157393251313,0.0872586856130511,3.27680600754684,0.0211161391343921,0.50550502538681,0,0.621561341220513,0.0226415094221011,0.0922161675989628,0.000977517105638981,1.44866077904589,0.00142755178967491,2.18802809208864,0.000705467362422496,0.641132678952999,0.000773245701566339,0.202003333019093,0.000724900339264423,0.126783622574294,0,0.0143884897697717,0.0122824972495437
0.0165916094556451,2.26978760198108,0.148702365404461,2.48555419722106,0.00434027781011537,0.252658440847881,0.040878702129703,6.54007786445436,0.00440917094238102,0.0872117406688631,0.0091781395021826,9.29132074984955,0.0190146929235198,0,0.00352112663676962,0.465308937127702,0.00593471812317148,1.12269936036319,1.40859197883401,1.8773332927376,0.0365853655384853,0.0460778956767172,1.05137523321901,1.5766468437505,0.015821311972104,0.0480640843743458,0.0080536914174445,0.0632558153010905,0.0334672018652782,7.60683754197089,1.07709838612936,1.69941751193255,0.291300097480416,0.876771394687239,0.0287179476581514,0.0172599777579308,0.0445999138173647,0.0798957860097289,0.0473525625420734,0.0235198694863357,0.0258426968939602,0.0213243556208909,0.00368776882532984,0.0160427810624242,0.00289960135705769,0.00821201968938112,0.0153452684171498,0.0260369360330515,0.000763358781114221,0.00227272720076144,0.00196898845024407,0.00380589917767793,0,0,0.0196487049688585,0.0306624240474775,0.0141875417903066,1.05823705744115,0.00447713467292488,0.0171253818552941,0.00291290431050584,0.0798158072866499,0.00314218387939036,0.292156871350016,0.00242914975387976,0.0656185895204544,0.0542469680076465,0.102780535875354,0.110815940075554,0.343470476567745,0.216239318076987,3.88989244843833,0.0372093033511192,3.47046501561999,0.0296052633784711,0.288728475570679,0.229278346057981,0.524109018442687,0,0.24592926108744,0.00602591142524034,0.218384971958585,0.000776699045673013,0.0653696497902274,0.00152555305976421,0.0623471865837928,0,0.0408981554210186,0.00748129648854956,0.0142045458778739,0.650803076918237,0.254588519455865
0.269919557031244,0.00264690315816551,1.15315776492935,0.0566479406552389,3.5851394883357,0.135012595448643,1.20394334936282,0.0111754139652476,23.9116706326604,0.013868251349777,1.09207289142068,0.00087565672583878,10.565539182513,0.00352112663676962,0,0.0165942310122773,1.34370296669658,0.00178412126842886,0.0318809773307294,0.00598205375717953,0.389429768547416,0.0205902534071356,0.400229340652004,0.177652449114248,1.97307918069419,0.269005844602361,1.00909573643003,0.180493282619864,8.14111390343169,0.0101602190406993,2.39258929202333,0.136713443847839,0.0569737332989462,0.0152777781477198,0.0151515151374042,0.00672043010126799,1.00468510237988,0.00309757352806628,0.154317831154913,0,1.99009904859122,0,0.123961215373129,0.00228484394028783,0.0585039681755006,0,0.211440985556692,0.00408580200746655,0.0550133112119511,0,0.210440888709854,0,0.0996884778141975,0,0.207818244991358,0.00194111937889829,0.372496992931701,0.00345935259247199,0.109380662441254,0.00206611573230475,0.268014351313468,0,0.29633027757518,0.00296956207603216,0.212927754968405,0.0023437500349246,0.0776648466126062,0.0147460396983661,0.0220361398532987,0.0160427810624242,5.30395163514186,0.0275650850962847,2.23311663419008,0.0108856995357201,0.347050753771327,0.00557491276413202,0.492472061596345,0.0257553239353001,0.186147185973823,0,2.17067385558039,0,10.5586237228708,0.00181488203816116,1.39524399134098,0.000440334668383002,2.71048160549253,0.00187969929538667,1.09385292226216,0.000518403307069093,0.0106463875854388,0.00453514745458961
0.00102301791775972,0.110560631146654,0.0473790308460593,0.469392469385639,0.00902255612891167,9.41332003753632,0.0198944381263573,1.35990525467787,0.0153139361646026,8.0529866568977,0,0.215292602777481,0.00442757731070742,0.465308937127702,0.0165942310122773,0,0.00780487805604935,0.20704654569272,0.0694444461259991,0.103718201920856,0.244816047255881,2.88243073923513,0.304654446663335,0.583275745157152,0.369565200526267,1.35603721579537,0.19210800412111,3.0233569398988,0.019410228356719,10.574159373471,0.814113590517081,1.96910857968032,0.0362318853149191,0.0803541061468422,0.0377818390261382,0.0699029099196196,0.00910010130610317,1.51354063278995,0.00595829193480313,1.43532680114731,0.00271923863328993,2.22810582525562,0.0977928712964058,0.245993285207078,0.046530612220522,0.111392405815423,0.136218521744013,0.460921862977557,0.00173085241112858,0.0240240248385817,0.00159829517360777,0.0253164551686496,0,0.0029296875,0.00327868852764368,1.02287162037101,0.00285578303737566,0.131091618910432,0.00425833929330111,0.00540357967838645,0.00256081949919462,0.0391815416514874,0.00357621815055609,0.0654307549120858,0.00370198977179825,0.0787160891341045,0.0796096527483314,0.225867158733308,0.0223559766309336,0.094447330920957,0.540620394400321,3.52579385438003,0.0243190661421977,3.44177092798054,0.00924092438071966,0.671581791015342,0.140831761411391,1.25433528260328,0.00554400542750955,0.134510872070678,0.00265780719928443,0.454119594302028,0.00176522508263588,4.51658562524244,0.0008105369633995,0.401826484012417,0.00109769485425204,3.41693369980203,0.0016211835318245,0.3223499431042,0.5524781543063,0.0898550755809993
3.07176757248817,0.0218380345031619,0.545189480762929,0.0094961755676195,0.0411805068142712,0.0132978719193488,0.462625338986982,0.00662251637550071,0.284306817920879,0.00130039011128247,5.29548407625407,0.00332778703887016,2.28887186595239,0.00593471812317148,1.34370296669658,0.00780487805604935,0,0.0431572957895696,0.127241669746581,0.0308544311556034,0.05642633093521,0.00819672085344791,0.0498836045153439,0.0263157900189981,0.00768049154430628,0.00571428565308452,0.00720461073797196,0.00460475811269134,5.4301727382117,0.0384985562413931,0.104143340606242,0.0243055557366461,0.452745285991114,0.176740303868428,0.335448775440454,0.345580932218581,0.536111124092713,0.0549450563266873,0.210027104476467,0.0111179742962122,0.08788852696307,0.0106951873749495,0.188616528990678,0.0820512818172574,0.232217567274347,0.0578602629248053,0.101709777023643,0.0309446243336424,0.278623814927414,0.011154490057379,0.672263665939681,0.0104076324496418,0.0747404855210334,0.00264900666661561,0.0708598736673594,0.0306513416580856,7.61517479305621,0.0420639393269084,1.11842107580742,0.0115559226833284,3.2312450571917,0.0136441164650023,4.96291912253946,0.0244012644980103,1.56253847992048,0.0355940362787805,0.626340878137853,0.378497311845422,0.24049217114225,0.15406767046079,0.586738100973889,0.0460081172641367,3.18445326166693,0.051948050968349,0.491299889981747,0.0272536678239703,0.813688206486404,0.422626786166802,2.79337003827095,0.0321199139580131,13.305825685733,0.020058233581949,2.87384261400439,0.00580383057240397,1.32499432793702,0.0108347700443119,0.241433014161885,0.00485731614753604,0.185899463715032,0.00296120822895318,0.0743405292741954,0.0261282671708614
0.00773267040494829,5.60236913699191,0.00815438950667158,0.235643571708351,0.00117233290802687,0.0889903055503964,0.000862626708112657,0.482527731335722,0.00119760481175035,0.0134303304366767,0.00555864360649139,6.8869396224618,0.00208840932464227,1.12269936036319,0.00178412126842886,0.20704654569272,0.0431572957895696,0,0.143573908600956,0.311127109453082,0.0447761194081977,0.102857142803259,0.0343980337493122,0.0667946269386448,0.00902643427252769,0.023044269066304,0.00366524141281843,0.076030925498344,0.0635983282700181,16.4125478640199,0.0727272713556886,0.141628729179502,0.275192237459123,0.603474319679663,0.306213021744043,0.227707009762526,0.0438129079993814,0.412903241813183,0.0289855059236288,0.091006422881037,0.0101522840559483,0.106418921495788,0.0323795168660581,0.135338348220102,0.0351689028320834,0.164344066113699,0.0339920942205936,0.072458409005776,0.000989119638688862,0.0528893228620291,0.0173160166013986,0.111937381851021,0.00118063751142472,0.00113700970541686,0.0130387544631958,0.135711791110225,0.0337337097153068,4.97824405087158,0.0545670212013647,0.133982040919363,0.0395061722956598,1.10657373815775,0.0154004112118855,5.77579205681104,0.029914531391114,1.16580757696647,0.437725377618335,1.0693877087906,0.170839463593438,1.11233215208631,0.249138914979994,2.2605675123632,0.0384833058342338,6.14421456959099,0.017944535240531,0.867830453440547,0.298850576626137,1.33631787844934,0.0138648180291057,15.6213016714901,0.0213156923418865,4.08083839603933,0.00404653511941433,0.230223118211143,0.0137752909213305,0.525754055764992,0.00130463147070259,0.10759493149817,0.0046893316321075,0.0529509074985981,1.15420130896382,0.159486707649194
3.01047128523351,0.584928527183365,12.8333336776996,2.63233070768183,0.0367293407907709,0.0736932302825153,1.16174783345195,2.08656718069687,0.0462016889359802,0.0278716222965159,0.352100843738299,0.853019384783693,0.273306318093091,1.40859197883401,0.0318809773307294,0.0694444461259991,0.127241669746581,0.143573908600956,0,14.488385651377,0.0492445449344814,0.0398671100847423,5.7299977101502,1.55304458888713,0.00375234521925449,0.0116591925034299,0.000901713268831372,0.0309423340950161,0.532480668160133,0.553645121108275,4.57186559564434,1.79749807767803,13.0733949306887,9.57571974955499,0.44386965315789,0.0827435995452106,0.259030843502842,0.0262467196444049,0.169991330010816,0.0179665174800903,0.0737379462225363,0.0226628896780312,0.00370713626034558,0.00672268914058805,0.0160466814413667,0.0105184072162956,0.0218579233624041,0.0109555686358362,0.000768344209063798,0.00152497144881636,0.0103806222905405,0.00191326526692137,0,0,0.0311190891079605,0.0162790697067976,0.935914531844901,0.190627842850517,0.230868159153033,0.0202889636275358,0.0743559687980451,0.0278099644929171,0.0577303267782554,0.0630956310778856,0.00570729706669226,0.0288759019458666,0.90253225871129,0.325105956522748,8.09702087292681,3.6971609905595,2.85406808776315,3.76343154377537,0.605621788941789,0.967932495987043,0.140564478118904,0.337443963158876,0.64036543329712,1.23648651642725,0.00691642658784986,0.0453514745458961,0.0417928511160426,0.0367253255099058,0.0218921035993844,0.0148844501236454,0.0237229775520973,0.0147209154674783,0.00662251655012369,0.0121114248759113,0.0150262954412028,0.00522937963251024,1.49639428651426,0.49162677617278
0.121239744010381,2.80222586216405,0.344129565783078,12.0328689491726,0.00242620299104601,0.0825396836735308,0.0525536620407365,4.90335376077564,0.00328272464685142,0.0219263900071383,0.0233826966723427,1.51259316853248,0.0241758252959698,1.8773332927376,0.00598205375717953,0.103718201920856,0.0308544311556034,0.311127109453082,14.488385651377,0,0.0547389783896506,0.0612449776381254,1.43673877755646,2.53262165177148,0.00431406399002299,0.0132450331002474,0.00332778692245483,0.0353600701200776,0.0798226199112833,0.808661950926762,1.62455387040973,1.39795923477504,2.4712786199525,5.41493422247004,0.111373286694288,0.0276816594414413,0.134364816185553,0.0525889985146932,0.134028892440256,0.0227703986456618,0.0749102130066603,0.0307534611783922,0.00467426236718893,0.0101233785971999,0.00546448072418571,0.00491573038743809,0.0266909310594201,0.0120967741822824,0.000717102899216115,0.00213599146809429,0.0047258980339393,0.007826610468328,0,0.000791765633039176,0.0527210891596042,0.0358521769521758,0.135897437052336,0.514185933105182,0.0461165052838624,0.0232625752687454,0.0272071063518524,0.0951351374387741,0.0213627999764867,0.148033442441374,0.00378931406885386,0.0898222978576086,0.460658734926255,0.255897076916881,3.23609138780739,3.0735967811197,1.05619770329213,4.53809140250087,0.125493288156576,1.75117369077634,0.0391369796125218,0.615228442009538,0.637625272909645,1.71965544484556,0.00208224891684949,0.103589739766903,0.016055045183748,0.10518626938574,0.00583090400323272,0.046732384711504,0.00812857912387699,0.0350600737438072,0,0.0292902740766294,0.0181861687451601,0.00637377629755065,1.94918923638761,0.523143152939156
0.0518281850963831,0.0386579143814743,0.047999998612795,0.0939431386068463,0.0354767180979252,1.65858791861683,0.025045657530427,0.0437735831947066,0.0762124706525356,0.160732453456149,0.0562814064323902,0.0384615389630198,0.0425326242111623,0.0365853655384853,0.389429768547416,0.244816047255881,0.05642633093521,0.0447761194081977,0.0492445449344814,0.0547389783896506,0,4.34679353842512,0.066068516112864,0.14547473192215,1.49665326741524,2.54911240912043,0.965186043642461,3.2700535398908,1.33039092179388,0.182534474646673,2.84646629635245,1.22932653117459,0.0191961601376534,0.0379609549418092,0.0401459850836545,0.0176991149783134,0.790960469748825,0.0954495037440211,0.914223703555763,0.0770676711108536,1.33862429810688,0.163157901726663,0.0118790493579581,0.0201257858425379,0.00736919697374105,0.0187940485775471,0.0405561982188374,0.0399789586663246,0.00656814454123378,0.00807754462584853,0.00526118016568944,0.00228440901264548,0.00224719103425741,0,0.0827797637321055,0.0457420915481634,0.0385976198595017,0.0278977076523006,0.0173913035541773,0.00321199139580131,0.0167405222309753,0.0116279067005962,0.0279720276594162,0.0168878168333322,0.0149812735617161,0.0236220471560955,0.0199928595684469,0.0289413565769792,0.0227088395040482,0.0767386108636856,4.76545853423886,3.73781147645786,0.863966807723045,0.552284277975559,0.412322290241718,0.501253129914403,0.238514173775911,0.366225843317807,0.0342857139185071,0.0844327211380005,0.0772039608564228,0.019716088718269,0.944586544064805,0.113013697788119,0.0583029696717858,0.0136908162385225,0.268861453514546,0.0897435900988057,0.15490797185339,0.0113394754007459,1.90681003406644,0.759581889491528
0.00141043728217483,0.065193772315979,0.0152038701344281,0.114900151325855,0.0325732911005616,7.74380132835358,0.00934579479508102,0.0861291952896863,0.0429378540720791,0.43712574779056,0.0019723866134882,0.0726124686188996,0.00191570876631886,0.0460778956767172,0.0205902534071356,2.88243073923513,0.00819672085344791,0.102857142803259,0.0398671100847423,0.0612449776381254,4.34679353842512,0,0.0704168372321874,0.15494506212417,1.51174937048927,2.94444446638227,0.868544613476843,12.6414599977434,0.0161993764340878,0.893644617171958,2.98879992449656,1.77181208878756,0.0154211154440418,0.0579710130114108,0.0317460307851434,0.0849256943911314,0.0110619468614459,2.14347816305235,0.0446808496490121,5.71006471570581,0.0352644822560251,5.9197994642891,0.0203099956270307,0.0770665002055466,0.00872093020007014,0.0432098768651485,0.0366762168705463,0.100000005215406,0,0.00954653928056359,0.00298507465049624,0.00790960469748825,0,0.00205338816158473,0.00303643732331693,0.578592089004815,0.00127877236809582,0.0448844898492098,0.00114678894169629,0.00211976678110659,0.00487804878503084,0.0130825834348798,0.00171969051007181,0.0262373280711472,0.00367985269986093,0.0375891105504707,0.0333333322778344,0.0657844975939952,0.0239616609178483,0.0961312984582037,3.20585154276341,9.10403443872929,0.0712830992415547,1.27689246833324,0.0770975067280233,1.32057411409914,0.195777345914394,0.924151695100591,0.00542005430907011,0.100502511486411,0.00103305780794472,0.0626223115250468,0.00503355707041919,0.994102759286761,0.00155400153016672,0.0510638323612511,0,1.99279933038633,0.0030452988576144,0.0830693425377831,12.0402685124427,0.653594778850675
0.146702277153963,0.0763772932696156,7.952487169503,4.84903505025432,1.17073173075914,1.78592862037476,2.20329761231551,3.31253103906056,0.718792865518481,0.564457623753697,0.140558288199827,0.206185565330088,0.756979847385082,1.05137523321901,0.400229340652004,0.304654446663335,0.0498836045153439,0.0343980337493122,5.7299977101502,1.43673877755646,0.066068516112864,0.0704168372321874,0,14.8403014027281,0.74722916848259,0.925043191004079,0.235171694657765,0.280200151260942,0.511551153031178,0.492023484839592,9.67083187453682,4.12534913700074,4.98143685702235,1.12634818372317,0.236335635359865,0.0295763388858177,0.0695059653371572,0.0257539816666394,0.0309660059865564,0.010918433079496,0.00411861605243757,0.0123456789879128,0.00820092298090458,0.00494505517417565,0.00410918693523854,0.00300571089610457,0.0111228813766502,0.0116426217136905,0,0.000608272501267493,0.00509445962961763,0.00105235469527543,0.00272108847275376,0,0.00648864451795816,0.0136419002665207,0.105446795932949,0.0517684259393718,0.0328476805007085,0.00153139361646026,0.0166625828715041,0.0092194220633246,0.0156543523189612,0.0167206034529954,0.00513149471953511,0.00727476231986657,0.188827040081378,0.0752780167385936,0.272311897657346,0.248266305075958,0.574966528045479,2.52472239854978,0.252904092776589,0.442833613604307,0.0574433676083572,0.0449162937002257,0.194598113244865,0.144411471497733,0.00500000012107193,0.0115273772971705,0.0408369041397236,0.0222416048054583,0.0502637304598466,0.0248601613566279,0.031228783656843,0.0107991357799619,0.00719683361239731,0.0178230418823659,0.00815800795680843,0.007389162608888,0.0927436694037169,0.180573381832801
0.0592979122302495,0.126539483258966,1.94197467644699,11.2466022656299,0.153846150962636,4.15758080425439,0.85129972253344,5.27130629844032,0.200441495631821,1.21578503539786,0.0543024236685596,0.346052132779732,0.408304483629763,1.5766468437505,0.177652449114248,0.583275745157152,0.0263157900189981,0.0667946269386448,1.55304458888713,2.53262165177148,0.14547473192215,0.15494506212417,14.8403014027281,0,0.829450156306848,3.27450972539373,0.347670250572264,0.731252898694947,0.276046898216009,0.769336097873747,6.14296563679818,4.9860031940043,1.00326160097029,0.450200419290923,0.0626605008728802,0.0183684498770162,0.0446584930177778,0.0486956532113254,0.0327586205676198,0.0138043040060438,0.0112549238838255,0.0157391789834946,0.00615195313002914,0.0127132821362466,0.00580551521852612,0.00523168907966465,0.0115199997089803,0.0187878789147362,0.00152846775017679,0.00227531284326687,0.00443349767010659,0.000634920608717948,0.00262123206630349,0,0.00715137063525617,0.0220034747617319,0.0314995572261978,0.0730158740188926,0.00960307312197983,0.00550964183639735,0.00583090353757143,0.00922013050876558,0.0102241450222209,0.0333660452160984,0.00324280513450503,0.0109476568177342,0.0642857135972008,0.0397515529766679,0.111702129011974,0.174652932328172,0.362858359701931,3.26012067147531,0.133784925215878,0.683724835398607,0.0362438225420192,0.0678531671874225,0.203137908247299,0.223341726115905,0.00343053170945495,0.0269966265186667,0.0223160436726175,0.0406607380136847,0.0318818045780063,0.0560966120101511,0.0133562300470658,0.0126401630986948,0.00845864682924002,0.0417503006756306,0.00499126501381397,0.00568585633300245,0.165673419716768,0.23368921095971
