0,0.0228459533536807,7.12969117239118,0.00896458950592205,0.0155974836670794,0.000502638868056238,6.42751370833139,0.00764062724192627,0.0232438006787561,0.000996512244455516,4.19514641910791,0.00462534691905603,2.61610304372152,0.00359424913767725,0.232041796669364,0.00304083415539935,2.13446647161618,0.0126050420512911,2.86799267728929,0.0607341909781098,0.00416542694438249,0.00178944220533594,0.0364784291014075,0.0107676969200838,0.00370468368055299,0.000519210821948946,0.00516662374138832,0.00158856238704175,3.3211969435215,0.0418177940300666,0.203669726382941,0.0140614013071172,1.57695502787828,0.244349180225981,0.0864373072981834,0.00706921960227191,0.334687666327227,0.00355239788768813,0.23160556552466,0.00780107267200947,0.107846110127866,0.000599340710323304,0.00549234979553148,0,0.00225174517254345,0.00184034963604063,0.0216043213731609,0.00351425225380808,0.00463714357465506,0,0.0153486822382547,0.000404122052714229,0.0030549899674952,0,0.0524475536076352,0.0199435567192268,13.0582122759079,0.00949754935572855,0.419263467658311,0.00277667585760355,0.971919796429574,0.00372612942010164,0.759427218290512,0.00656410260125995,0.0724568118457682,0.001722282031551,0.366331911849556,0.0450950716622174,3.48108355564182,0.0629190320614725,1.09576609637588,0.0792774715228006,2.2842079809634,0.0309734524344094,0.810923089971766,0.0345032709883526,0.675516248331405,0.0774926007143222,0.0211352654150687,0.00717060081660748,0.32353514211718,0.00749191245995462,0.302800187957473,0.00511508953059092,0.4558366247511,0.00315547903301194,0.0247238297015429,0.00144196106703021,0.0572197936708108,0.000641951512079686,0.0483570992946625,0.0298972288146615
0.0228459533536807,0,0.00611030717846006,5.68925278441748,0.0010311936493963,0.0118465106352232,0.00163643807172775,5.23629064866691,0,0.00561510992702097,0.00358882342698053,5.48438977729529,0.00304356100969017,0.67141691481811,0.00222321032197215,0.0306122457550373,0.0133162616984919,2.36341928358888,0.347469781991094,2.99118850508239,0.00551301660016179,0.00921093014767393,0.0221191574237309,0.0349664571112953,0.00162910670042038,0.00212992541491985,0.00158940389519557,0.00380331435007975,0.0405722818686627,0.736223020940088,0.0436210131738335,0.141452890238725,0.219015284674242,1.42732330475701,0.0274773448472843,0.0230372839141637,0.0156168668763712,0.128478545870166,0.0295413309358992,0.0154767848434858,0.003120124747511,0.0111076823668554,0.00239904038608074,0.019014693563804,0.00184119679033756,0.0117619383672718,0.00611870287684724,0.00915240761241876,0,0.00558529200498015,0.00135639205109328,0.00700597549439408,0,0,0.0170229611103423,0.0647633638291154,0.030702435906278,12.9897385035292,0.0140321918297559,0.217953902028967,0.00428098865086213,0.380181033688132,0.0112359550548717,1.04289601603523,0.00196463661268353,0.167949001886882,0.185850737558212,0.606806896510534,0.307692310540006,3.3638286771602,0.0769628066918813,0.879177415044978,0.0313866740907542,0.745216514915228,0.0103880231035873,0.478260856703855,0.143504531588405,0.684529842692427,0.00373134319670498,0.113811132905539,0.0119024002924562,0.598234383389354,0.00242836322286166,0.0413793102779891,0.00685213090036996,0.208842359308619,0,0.00885608838871121,0.0102634282666259,0.0244498784013558,0.275399356149137,0.0731942241545767
7.12969117239118,0.00611030717846006,0,0.231132078915834,2.96655178134097,0.213267809245735,18.9632972718682,0.196303046715911,0.822104435472284,0.13447015976999,1.31555772013962,0.0126840313896537,4.63335776876193,0.0341243387083523,1.07321238296572,0.0443024486303329,0.507820136379451,0.00548571429681033,9.52565091045108,0.0664903661236167,0.011008110945113,0.0116144015919417,5.194199696125,1.04817864554934,0.863049059989862,0.106010655814316,0.18324079492595,0.0692864521406591,3.03655041335151,0.0493930503143929,7.04560792073607,0.665442856552545,8.90467460709624,0.156232048524544,0.126940131944139,0.0109007457504049,0.168776374775916,0.00595238129608333,0.107266430335585,0.00667779619107023,0.0253537739627063,0.00233372231014073,0.00847947603324428,0.00207684322958812,0.00529567524790764,0.000450653460575268,0.016110020224005,0.00268559367395937,0.00363306095823646,0.000892060634214431,0.0203779781004414,0,0.00696690694894642,0,0.0213781252969056,0.00850906406412832,0.935201922286069,0.0036259253975004,0.200675535597838,0.00038963567931205,0.0942545999132562,0.00228050164878368,0.06774118199246,0.00161095452494919,0.0291148154065013,0.000422297307522967,0.275927092996426,0.014252568653319,0.922478862950811,0.0156210640561767,1.78615428012563,0.194260477786884,1.74668623984326,0.0418369803519454,0.673988424241543,0.0185346081852913,0.689588848559652,0.0362056482117623,0.0105789005756378,0.000581733591388911,0.114384086744394,0.00335345393978059,0.300580713199452,0.0127504552947357,0.101282741350587,0.00283165805740282,0.0400719243334606,0.00611476946505718,0.0238687223754823,0.00189813348697498,0.0205004521412775,0.0230163527885452
0.00896458950592205,5.68925278441748,0.231132078915834,0,0.0387038713670336,3.65197850059485,0.0828057765320409,18.6148890590994,0.0281041229900438,1.29913004487753,0.00447828031610698,1.47465048485901,0.0329783577471972,1.91126525303116,0.0308117714594118,0.329588015796617,0.0058165549125988,0.061014097154839,1.51928014945588,10.3677718519466,0.0177545690676197,0.0293040289543569,1.83924814191414,8.66739616217092,0.167137473326875,0.665123818471329,0.10230414866237,0.0730098910571542,0.0522103639086708,0.756788214785047,1.21805754958768,3.66680752122193,0.371044167201035,1.10515977372415,0.0381334673147649,0.0139751555398107,0.0258679366379511,0.0662131528370082,0.0266726950649172,0.0166265587904491,0.00424403185024858,0.0136626379098743,0.0100592778762802,0.0181012905086391,0.00285132380668074,0.00872093002544716,0.0117044625803828,0.0225362195342313,0,0.00370218028547242,0.00123781524598598,0.00221483950736001,0.000909711176063865,0.00224164992687292,0.021363717969507,0.0273167364939582,0.00998003975837491,0.346434178180061,0.00295693962834775,0.0431863535486627,0.00350631133187562,0.0621457076631486,0.000858553336001933,0.131362280342728,0.00129394006216899,0.0324599142186344,0.0872144806198776,0.161260133347241,0.128394020866835,0.906372195750009,0.187514081597328,2.51402913127095,0.0300988326198421,0.808022907032864,0.0270974456798285,0.375358900695574,0.305488202167908,0.686573757324368,0.00158688181545585,0.0267295588273555,0.00356760603608564,0.122358877211809,0.00683322641998529,0.0754716986557469,0.00254388200119138,0.0610133078880608,0.00187309761531651,0.0345572363585234,0.0106067696469836,0.00985074596246704,0.215967524447478,0.172826079069637
0.0155974836670794,0.0010311936493963,2.96655178134097,0.0387038713670336,0,0.393063575029373,0.351737445103936,0.0224634970072657,7.96549584716558,0.114447592874058,0.0480549177154899,0,0.269974218506832,0.00217470101779327,4.27121521905065,0.0569002105621621,0.0433789936359972,0.000982800964266062,0.0139296187553555,0.00541638443246484,0.143884895369411,0.0652173925191164,1.61309011862613,0.344179324805737,3.99738573865034,0.270742351538502,1.98890254285652,0.35732984659262,1.31699602259323,0.0295324036851525,3.74135476176161,0.264618441578932,0.228995706071146,0.00346860906574875,0.0205047322669998,0.00174520071595907,0.114860866917297,0.0118203309830278,0.0211019923444837,0.00431732321158051,0.60266159218736,0.00367647060193121,0.0077220075763762,0.00242424249881878,0.000912408751901239,0,0.0101818179246038,0.000696136441547424,0.0106589146889746,0.000932835799176246,0.0117489986587316,0,0.00714711123146117,0,0.0124180755810812,0.00195694720605388,0.0144320299732499,0.000467398931505159,0.0207946533337235,0,0.0133958470541984,0.000977995106950402,0.00824317336082458,0,0.017717560636811,0.00166944903321564,0.0114314110251144,0.00324851099867374,0.00688637455459684,0.00122774706687778,3.12274591857567,0.101324125193059,0.545559380669147,0.028587135951966,0.133928572176956,0.0233602880034596,0.12424409086816,0.0177481975406408,0.0169332077493891,0,0.0879501360468566,0.000551876379176974,0.78066158015281,0.00877192988991737,0.0633748066611588,0.00338767725042999,0.166130078025162,0.00523012538906187,0.029244516743347,0.00100452033802867,0.00409416574984789,0.0207900209352374
0.000502638868056238,0.0118465106352232,0.213267809245735,3.65197850059485,0.393063575029373,0,0.0451388892251998,0.941264514927752,0.22126612951979,12.3289999715053,0.00799086724873632,0.0153920156881213,0.0289575292845257,0.0289540365338326,0.122605366632342,6.52479866798967,0.00797266548033804,0.0147130951518193,0.0409956076182425,0.0344827577937394,2.17562723811716,5.24187722336501,0.460514897014946,1.71263542352244,2.46805732010398,11.9527072864585,2.68511679896619,13.3550915890373,0.108918702928349,1.66748567554168,2.29219855600968,3.62710171507206,0.0351151006179862,0.0332525102421641,0.0172955968882889,0.0452173922676593,0.0129946845117956,1.00000001490116,0.0187134500592947,2.42003219551407,0.00189393945038319,1.43223443790339,0.0427620037808083,0.0782573615433648,0.0145719489082694,0.04376783920452,0.049382716184482,0.139033712912351,0,0.00465549353975803,0.000533475598786026,0.00221893494017422,0.00118835410103202,0.00228963932022452,0.0137788499705493,0.511400642863009,0.00186046515591443,0.00607051124097779,0.00370782363461331,0.00143010367173702,0.00535117043182254,0.00195217179134488,0.00308483303524554,0.00304182502441108,0.00624024937860668,0.0158333337167278,0.0322740813135169,0.090859922580421,0.00981835997663438,0.0281690133269876,1.42193849023897,4.404365361901,0.0437284237705171,0.936917212093249,0.108540924382396,1.14055503415875,0.242457498679869,0.606530189048499,0.00749765709042549,0.0127041742671281,0.00760719244135544,0.0446527026942931,0.0274250895017758,1.5768482486601,0.0066045067505911,0.0579648822022136,0.00642260769382119,2.64405016286764,0.00378685403848067,0.0832915207138285,1.56371043249965,0.236024849116802
6.42751370833139,0.00163643807172775,18.9632972718682,0.0828057765320409,0.351737445103936,0.0451388892251998,0,0.0666211904172087,0.803624162217602,0.0375550867174752,2.74778928261367,0.00253210344817489,9.36749033571687,0.00772573635913432,1.18675635862746,0.0134274401643779,0.326930460956646,0.000728730170521885,0.711743772262707,0.0152933829522226,0.0065703023574315,0.00526546721812338,0.923121469910257,0.315434072603239,0.104333868366666,0.0185880957578775,0.0374310481129214,0.020072259940207,2.87232625938486,0.0224032578407787,1.76460013113683,0.218201756011695,1.33776812138967,0.0416600896278396,0.0288013560930267,0.00173913047183305,0.0867198112828191,0.00272055971436203,0.0728682167828083,0.000753721513319761,0.0084332003898453,0,0.00793273065937683,0.00134930002968758,0.00247963157016784,0.00252161375829019,0.0167633779346943,0.0012644223170355,0.00724900339264423,0.000357270444510505,0.0186136972042732,0,0.00428599247243255,0,0.0154257837857585,0.00368098157923669,0.754838687862502,0.000775895488914102,0.0992353993933648,0.000320153660140932,0.144099376164377,0.000727404956705868,0.108619090722641,0.000657894765026867,0.022706123359967,0,0.0863867351727095,0.00531617246451788,0.241662117739907,0.00747589999809861,1.0910496849101,0.0716624914202839,1.34078639611835,0.016688791802153,0.513336262956727,0.0113860300043598,0.521145453094505,0.0216853721940424,0.0075271200039424,0.00131810194579884,0.112898139283061,0.00169539410853758,0.288983208301943,0.00363240105798468,0.150732727604918,0.00146753084845841,0.0271619736449793,0.00223630259279162,0.0159507486387156,0.000268961797701195,0.0108327688649297,0.0208333337213844
0.00764062724192627,5.23629064866691,0.196303046715911,18.6148890590994,0.0224634970072657,0.941264514927752,0.0666211904172087,0,0.0122160715982318,3.07043295886251,0.00372856069589034,5.31962769324309,0.020833334128838,6.51450994744664,0.0218084208609071,0.577122743008658,0.00707898664404638,0.142629623907851,1.72036570147611,3.73394233977888,0.0101522840559483,0.0118644066387787,1.80817646917421,3.10278897819808,0.0637388275936246,0.142172828287585,0.0351279104361311,0.038102644495666,0.030914415983716,1.09712583379587,1.37104939378332,3.63258779514581,0.448582987883128,1.02169565157965,0.0425880427937955,0.0155396886693779,0.00980207388056442,0.074604369176086,0.0135287489974871,0.0120680199761409,0.00257069407962263,0.00935374130494893,0.0133023978269193,0.0177310790168121,0.00103305786615238,0.011550577764865,0.00879673229064792,0.0200339035654906,0.000352112663676962,0.00243055561440997,0.000815106643131003,0.00348321718047373,0,0.000746407895348966,0.0061396777164191,0.0365160142537206,0.00783619834692217,0.505383158888435,0.00824219366768375,0.0408800126751885,0.00181763106957078,0.096449393837247,0.00359906436642632,0.308875358663499,0,0.039920158451423,0.0882198961917311,0.161422704986762,0.133474947768264,0.44804575300077,0.141705721209291,1.76387067543692,0.015700934571214,0.467341307667084,0.013091216533212,0.190738002216676,0.203127875458449,0.404871749051381,0.000427441758802161,0.0848536263220012,0.00307503069052473,0.413535892730579,0.00501702213659883,0.066337333759293,0.00273972598370165,0.13430866994895,0.00193461019080132,0.0361794489435852,0.0046517989540007,0.016056857915828,0.107990422984585,0.100480562541634
0.0232438006787561,0,0.822104435472284,0.0281041229900438,7.96549584716558,0.22126612951979,0.803624162217602,0.0122160715982318,0,0.0830324931303039,0.120364736183546,0.0010141987586394,1.06631126254797,0,12.3487953594304,0.0390763774048537,0.122498482931405,0.00103519670665264,0.00380952376872301,0.00140301650390029,0.0336967303883284,0.0419580407906324,0.359402973903343,0.171235448447987,1.04134543717373,0.141333331819624,0.730743891326711,0.251228079549037,2.01483310433105,0.0162740895175375,1.21513947844505,0.154569189529866,0.0993485307553783,0.00647482008207589,0.0137339057400823,0.00191754556726664,0.0491803279146552,0.00755191943608224,0.0262008727295324,0.00228571426123381,0.0358271850273013,0,0.018208303663414,0.00252951099537313,0.00670177116990089,0,0.0294673213502392,0.00288808671757579,0.00815910287201405,0,0.0285557389725,0,0.0164974615909159,0,0.0150214596069418,0.00337495788699016,0.0147865487087984,0,0.0293436287902296,0,0.0263614288996905,0,0.0141458102734759,0,0.02643171697855,0.00174443959258497,0.0102014793083072,0.00278473977232352,0.00414507789537311,0.00131061603315175,1.94925739488099,0.0795593648217618,0.529736364260316,0.00699300714768469,0.214355956530198,0.0178217827342451,0.17832168226596,0.0176470581209287,0.0145833340939134,0,0.127827642951161,0,0.857142878696322,0.0112878403160721,0.098789922427386,0.00129870133241639,0.205517247552052,0.00773908209521323,0.0183844015700743,0.00051559682469815,0.00457665883004665,0.0116414437070489
0.000996512244455516,0.00561510992702097,0.13447015976999,1.29913004487753,0.114447592874058,12.3289999715053,0.0375550867174752,3.07043295886251,0.0830324931303039,0,0.00223838840611279,0.0122989593073726,0.0286350617534481,0.119370982807595,0.0469798659905791,8.69172947457992,0.00446677813306451,0.00964320148341358,0.0267437648726627,0.0233879053848796,0.173761951737106,0.409448826452717,0.375715940259397,0.98752227408113,0.565965578891337,1.99147390492726,0.55629139021039,1.04148050956428,0.0568314511328936,1.15542993316194,0.617674431763589,2.04375308949966,0.023864510410931,0.0246406579390168,0.0122417751699686,0.0236286921426654,0.00578703708015382,0.181398029788397,0.0103151859948412,0.132135304738767,0.00549954164307564,0.175687671289779,0.0256232679821551,0.047732696402818,0.00806813081726432,0.0196537196170539,0.0207959840772673,0.0652472543879412,0,0.000916170421987772,0.00052854121895507,0.00219058053335175,0,0.00112233450636268,0.00544588174670935,0.0534621564438567,0.00138408306520432,0.00370541913434863,0.00585651537403464,0.000706214690580964,0.000661157013382763,0.00191938574425876,0.00101010105572641,0.00300187617540359,0.00204290100373328,0.00492813158780336,0.0187053902773187,0.0482185900909826,0.000965250947047025,0.0179856119211763,0.301478944020346,2.0360360853374,0.0157924429513514,0.510226038051769,0.0241587583441287,0.348958335933276,0.109795476542786,0.272529868874699,0.00725952815264463,0.00527704472187907,0.00614964152919129,0.0305760307237506,0.0109780438942835,0.439980872906744,0.000385876919608563,0.0285594278248027,0.00502512557432055,0.344438765197992,0.000535905652213842,0.0253668242949061,0.192913385108113,0.0879120854660869
4.19514641910791,0.00358882342698053,1.31555772013962,0.00447828031610698,0.0480549177154899,0.00799086724873632,2.74778928261367,0.00372856069589034,0.120364736183546,0.00223838840611279,0,0.00190748693421483,9.33909151953412,0.00143833155743778,1.76594848453533,0.00084139674436301,6.71476856572554,0.00291686929995194,0.290909083560109,0.0127688171924092,0.0229276889003813,0.00355239794589579,0.0293525165179744,0.0222381636849605,0.0128865975420922,0.00369230762589723,0.0085158150177449,0.00258064526133239,2.33855793764815,0.0113821135601029,0.154711670475081,0.0215686287265271,0.197597828228027,0.0426850261865184,0.0418604649603367,0.00684931501746178,0.191700754221529,0.00233372231014073,0.159722223412246,0.00533333339262754,0.0409683431498706,0.00180180184543133,0.0111459419131279,0,0.00451671192422509,0.000943396240472794,0.0223665223456919,0.00276338518597186,0.00671140948543325,0,0.0244226168142632,0,0.0152851259335876,0,0.0335501533118077,0.0103626940399408,1.89346917765215,0.00186003255657852,0.126703503308818,0,0.256648928043433,0.000967585889156908,0.353540511336178,0.00151057401672006,0.0597630068659782,0.00248138961615041,0.0805734015884809,0.0134553280076943,0.145012162567582,0.0133252568775788,0.568638720433228,0.0659465629141778,1.13439640263095,0.00977729517035186,0.721541142091155,0.0246696041431278,0.392178172944114,0.0306849316693842,0.215668205288239,0.00357142859138548,0.957388297538273,0.00329127826262265,2.49421224603429,0.00192864029668272,0.202090587699786,0.00126448893570341,0.0939682500902563,0,0.0290713319554925,0,0.0420420414302498,0.0304878037422895
0.00462534691905603,5.48438977729529,0.0126840313896537,1.47465048485901,0,0.0153920156881213,0.00253210344817489,5.31962769324309,0.0010141987586394,0.0122989593073726,0.00190748693421483,0,0.000579206505790353,7.27927936147898,0.00074239051900804,0.356508880387992,0.0095192767912522,6.82214768277481,1.07312319078483,2.07508325082017,0.00136892544105649,0.0137646251823753,0.0741714891046286,0.0834670977201313,0.00212879199534655,0,0,0.00319659034721553,0.0201458845403977,9.07929677632637,0.109756095043849,0.402196879731491,0.242778543790337,0.917698005272541,0.055658629280515,0.0347826078068465,0.0176643768791109,0.0803527650423348,0.0204379557981156,0.0118074481142685,0.00142755173146725,0.00695894239470363,0.00625390850473195,0.0283286115154624,0.00550964171998203,0.0220678385230713,0.0116166503867134,0.0111731848446652,0,0.00802246271632612,0,0.00787143339402974,0,0,0.00862068950664252,0.0445095177274197,0.0133476857445203,0.684528968296945,0.00920447113458067,0.0617441093781963,0.00479760114103556,0.12698412919417,0.00436681235441938,0.422184878028929,0.00705467350780964,0.0721311482484452,0.11662474469631,0.22508038819069,0.214105790073518,0.814964628079906,0.0531914908788167,0.860977959702723,0.0182429192354903,1.51199263823219,0.0108917634934187,0.378932984196581,0.135608857730404,0.486059474234935,0.00141643057577312,0.432619213825092,0.00741427252069116,0.829599828459322,0.00259291275870055,0.257392754720058,0.00400509752216749,0.156151422648691,0,0.0212295446544886,0.00544284976786003,0.0170861227670684,0.23378582613077,0.0793287591077387
2.61610304372152,0.00304356100969017,4.63335776876193,0.0329783577471972,0.269974218506832,0.0289575292845257,9.36749033571687,0.020833334128838,1.06631126254797,0.0286350617534481,9.33909151953412,0.000579206505790353,0,0.00676818937063217,9.53424654481933,0.0101794801303186,1.46517569292337,0.00175798422424123,0.279590846737847,0.0143120962311514,0.018473895965144,0.00886381947202608,0.238459948450327,0.171332043100847,0.0894085288746282,0.0134183163754642,0.0333333329763263,0.0103234688867815,4.01228243485093,0.0241090138442814,0.725136140536051,0.118963491288014,0.416052832093555,0.0370804980921093,0.0234315951820463,0.00792393053416163,0.163677864184137,0.00456026050960645,0.112840466899797,0.00185701029840857,0.0337448559002951,0.00324411992914975,0.0260231840366032,0.00103815214242786,0.00728291348787025,0,0.0484496122226119,0.00188191013876349,0.0180127827916294,0,0.0593402299564332,0,0.0222440301440656,0,0.0453588976233732,0.00765076527022757,1.1572083143692,0.00318189852987416,0.145910088554956,0.000959002645686269,0.303391380643006,0.000584282795898616,0.380837602075189,0.00399600388482213,0.0697603879962116,0.00264970847638324,0.0773787516518496,0.0141955838771537,0.117267668247223,0.01064183562994,1.65256696968572,0.066773678176105,1.70308482774999,0.0162652486469597,0.724579649686348,0.0184664791449904,0.658742570201866,0.0345803191885352,0.0319541169446893,0.00323101785033941,0.46272854169365,0.00279888045042753,1.68232127209194,0.00174927106127143,0.433302669116529,0.00196689058793709,0.15216649370268,0.00303951353998855,0.0489055429352447,0,0.0161358806071803,0.0376068379264325
0.00359424913767725,0.67141691481811,0.0341243387083523,1.91126525303116,0.00217470101779327,0.0289540365338326,0.00772573635913432,6.51450994744664,0,0.119370982807595,0.00143833155743778,7.27927936147898,0.00676818937063217,0,0.00236826529726386,0.109799288562499,0.00430879695340991,0.347457620606292,1.76282912056195,1.85854027600726,0.00559440557844937,0.00655123987235129,0.625501566071762,0.683337756549008,0.00624268455430865,0.00227617600467056,0.000753295666072518,0.00234283483587205,0.00898119527846575,9.01469305419596,0.711832063389011,1.88003939855844,0.358017827791627,0.795199215703178,0.0252064315136522,0.00917852215934545,0.00881704618223011,0.0220183480996639,0.0102227091556415,0.00138600135687739,0.00191846524830908,0.00282885425258428,0.00103039667010307,0.00912200659513474,0.000620155013166368,0.00766528258100152,0.00264340458670631,0.00921658985316753,0,0.00125904940068722,0,0,0,0,0.00305188202764839,0.0112222493335139,0.00600487878546119,0.18674698099494,0.00161030591698363,0.0177731306757778,0.00199054484255612,0.0357374921441078,0.00268997973762453,0.122984417248517,0.000677506788633764,0.0145815109135583,0.0454815108969342,0.0660038074711338,0.0874103085370734,0.265965439612046,0.048691860283725,1.0382671749685,0.0101192623842508,0.518934077117592,0.00278680905466899,0.151910534244962,0.11500701168552,0.227080402430147,0,0.0713280162308365,0.00255036982707679,0.208718065812718,0.00133422284852713,0.0194489472778514,0.000647563545498997,0.0562890919391066,0,0.00882852310314775,0.00296233597327955,0.00478564307559282,0.130348264821805,0.0631578929023817
0.232041796669364,0.00222321032197215,1.07321238296572,0.0308117714594118,4.27121521905065,0.122605366632342,1.18675635862746,0.0218084208609071,12.3487953594304,0.0469798659905791,1.76594848453533,0.00074239051900804,9.53424654481933,0.00236826529726386,0,0.0161398784257472,1.20539854309754,0.00150715897325426,0.031670153606683,0.00167926104040816,1.0664355509216,0.0220545561751351,0.315324176335707,0.167208265105728,0.85528151190374,0.0612061221618205,0.528335560113192,0.0763856531120837,6.72022842202568,0.0170101406984031,1.08937731100013,0.178232839389239,0.07866582745919,0.0125642495695502,0.0243773179827258,0.00793201138731092,0.671577123284806,0.0103851144667715,0.129892472294159,0.002427184546832,1.80251339217648,0.00234329234808683,0.0628604360390455,0.00258564972318709,0.0135183209204115,0.00294442404992878,0.093202727031894,0.00458190171048045,0.0245993285207078,0,0.108157652313821,0,0.0617928615538403,0,0.151222290820442,0.00162822258425876,0.140793486847542,0.000816659885458648,0.112922703789081,0,0.119278778438456,0,0.073437501094304,0.00369799684267491,0.122931442223489,0.000663349928800017,0.0663364219362848,0.0120565732941031,0.0241327304393053,0.00444839854026213,3.71941837249324,0.0857385416748002,2.39779009739868,0.0164068909361959,0.477285810047761,0.00808314082678407,0.464315013494343,0.0255986794945784,0.120095123187639,0.00232964474707842,0.913031065894756,0.00235682295169681,8.4287923341617,0.00449269940145314,0.605934400926344,0.00336952455108985,1.79650095239049,0.00553141033742577,0.264842302683974,0.00173875247128308,0.00877192977350205,0.0493358614621684
0.00304083415539935,0.0306122457550373,0.0443024486303329,0.329588015796617,0.0569002105621621,6.52479866798967,0.0134274401643779,0.577122743008658,0.0390763774048537,8.69172947457992,0.00084139674436301,0.356508880387992,0.0101794801303186,0.109799288562499,0.0161398784257472,0,0.0159596802550368,0.130630633793771,0.0828120327205397,0.108847331721336,0.436530734878033,2.34275812632404,0.2405683392426,0.495434473792557,0.366836494300514,0.834229389904067,0.312749894335866,2.4033378995955,0.0652105099870823,11.958917734155,0.469343047006987,1.06535700266249,0.0627352565061301,0.0888382724951953,0.0674749612808228,0.17690141685307,0.0189818815561011,1.25204652448883,0.0265524618444033,1.08622078620829,0.00356930389534682,1.10658125486225,0.140310527291149,0.291881434328388,0.0524636643240228,0.166483318724204,0.150932235410437,0.43346661014948,0.00297066476196051,0.0165885322494432,0.00411522632930428,0.0090117150102742,0,0.00674536265432835,0.0102040817728266,0.402165089384653,0.0073096445412375,0.0191524037218187,0.0150511739775538,0.00818234926555306,0.0110650074202567,0.0104712045285851,0.00622568093240261,0.0153609827975743,0.00392464688047767,0.0284297515754588,0.119922632176895,0.342354841413908,0.0232907588360831,0.0761736033018678,0.850936943956185,3.37193573417608,0.0287769780261442,2.9754902307177,0.0926243561552837,1.45235358271748,0.243464055121876,1.16447369288653,0.010638297884725,0.0555877257138491,0.0130793293938041,0.247354807157535,0.0100231300457381,5.31816494558007,0.00796812752378173,0.254110612440854,0.00274977082153782,2.25974019686691,0.00647848210064694,0.12405118055176,1.07222910539713,0.163419235032052
2.13446647161618,0.0133162616984919,0.507820136379451,0.0058165549125988,0.0433789936359972,0.00797266548033804,0.326930460956646,0.00707898664404638,0.122498482931405,0.00446677813306451,6.71476856572554,0.0095192767912522,1.46517569292337,0.00430879695340991,1.20539854309754,0.0159596802550368,0,0.0456089284271002,0.145969499310013,0.0496644314844161,0.0333919159602374,0.0106194689869881,0.0241448690649122,0.0157593128969893,0.00642673519905657,0.00245549413375556,0.021844660397619,0.0102960104122758,3.50938963500084,0.15097402583342,0.0758072042372078,0.0244618393480778,0.716440983116627,0.223444479343016,0.284389480948448,0.262798626674339,0.524781318381429,0.083818394690752,0.200923786265776,0.0287386919371784,0.141001856420189,0.0107719930820167,0.354086946288589,0.0967612955719233,0.357078454457223,0.100753293780144,0.21829970536055,0.0572611262905411,0.440191382076591,0.006451612978708,0.749403333524242,0.00660308153601363,0.130205283639953,0.00339174689725041,0.110769229824655,0.0523932734504342,3.71818597704987,0.0255516835022718,0.971680790127721,0.00922312907641754,0.743027910590172,0.00772573659196496,1.58515499369241,0.0309200608753599,0.521336782956496,0.0198183325119317,0.707654319587164,0.25322581169894,0.455560940608848,0.12809668155387,0.715186228975654,0.108905274420977,1.80454539740458,0.104065038263798,0.945898788049817,0.0719929779879749,1.30189698911272,0.310552198905498,3.25252523075324,0.0444839854026213,9.65065177192446,0.0400000002118759,4.43194373138249,0.0288739171810448,1.03984522819519,0.0227416303823702,0.210259655257687,0.0144478850997984,0.153804779518396,0.00399201596155763,0.0897308089770377,0.0546558718197048
0.0126050420512911,2.36341928358888,0.00548571429681033,0.061014097154839,0.000982800964266062,0.0147130951518193,0.000728730170521885,0.142629623907851,0.00103519670665264,0.00964320148341358,0.00291686929995194,6.82214768277481,0.00175798422424123,0.347457620606292,0.00150715897325426,0.130630633793771,0.0456089284271002,0,0.054000656818971,0.139748700661585,0.00703729747328907,0.00283085624687374,0.00478468893561512,0.00585365871665999,0.00108754762914032,0.00104602507781237,0.00103573279920965,0.00979858415666968,0.0732652344740927,17.3498368635774,0.0132231405004859,0.0206274166703224,0.248953975446057,0.310150374134537,0.256182630546391,0.151202746201307,0.0100100098643452,0.0839580232277513,0.00794044695794582,0.00462534691905603,0.0029390153940767,0.00429491756949574,0.00696643436094746,0.0359195400960743,0.00479808077216148,0.042376400786452,0.00849950936390087,0.0157133879838511,0.00168562994804233,0.0130452504381537,0.00148001970956102,0.0119641075143591,0,0,0.00311720708850771,0.0420740731642582,0.0469055366702378,2.72362685995176,0.0413057971745729,0.0618955492973328,0.0273141131037846,0.15802888199687,0.0204444446717389,7.27086911909282,0.00269299827050418,0.0798521242104471,0.308792988915229,0.54309268243378,0.116994018491823,0.536635732278228,0.0571992117911577,0.631476050242782,0.0420949577819556,3.05733090394642,0.00979706109501421,0.284106885781512,0.102443611598574,0.465909104794264,0.0174927120096982,22.7263686936349,0.0325304972939193,6.73633353720652,0.00527704472187907,1.33587466349127,0.0121034289768431,0.191573929856531,0.0021482277661562,0.0243133723852225,0.00249875069130212,0.0172453973500524,0.157076207920909,0.0251770261675119
2.86799267728929,0.347469781991094,9.52565091045108,1.51928014945588,0.0139296187553555,0.0409956076182425,0.711743772262707,1.72036570147611,0.00380952376872301,0.0267437648726627,0.290909083560109,1.07312319078483,0.279590846737847,1.76282912056195,0.031670153606683,0.0828120327205397,0.145969499310013,0.054000656818971,0,14.3528820044594,0.00851466413587332,0.0161443490651436,6.97598190550343,1.60244169604266,0.0292259087436832,0.00844529765890911,0.00685975584201515,0.00790513819083571,0.507361255586147,0.569767439737916,2.61869572568685,4.48874179658014,13.3861281366553,8.25637112301774,0.534801775531378,0.0875232785474509,0.0854700832860544,0.0163325914181769,0.0753323470707983,0.0112084066495299,0.0233690366148949,0.0124401912325993,0.00311607378534973,0.00977854471420869,0.00187852227827534,0.00580645183799788,0.0159914715914056,0.00619354820810258,0.000652315735351294,0.00190718367230147,0.00463450592360459,0.00162074557738379,0.000745990313589573,0,0.028197898354847,0.0290068840258755,0.28501321998192,0.0802878248505294,0.0649526389315724,0.0089591572759673,0.0205616852035746,0.0144404335878789,0.0190282033290714,0.0479603103012778,0.00821636407636106,0.01118304830743,0.511738964763936,0.197189091617474,6.69390453421511,0.478905370691791,0.689452393678948,2.93099675362464,0.446637430228293,1.19815665821079,0.180018848506734,0.731914885458536,0.623183255956974,1.26488412579056,0.00387409189715981,0.0209523807279766,0.0143958874978125,0.0696065699739847,0.0269632623530924,0.0216110020992346,0.0130165962036699,0.0181659387890249,0.00313111557625234,0.0102951267035678,0.0170394033193588,0.0032102728728205,0.559878726955503,0.29531569685787
0.0607341909781098,2.99118850508239,0.0664903661236167,10.3677718519466,0.00541638443246484,0.0344827577937394,0.0152933829522226,3.73394233977888,0.00140301650390029,0.0233879053848796,0.0127688171924092,2.07508325082017,0.0143120962311514,1.85854027600726,0.00167926104040816,0.108847331721336,0.0496644314844161,0.139748700661585,14.3528820044594,0,0.0111111112055369,0.0240137227810919,0.666951505467296,1.69404109107563,0.00797679461538792,0.00423878501169384,0.00280701764859259,0.0137880986439995,0.0920702537987381,0.64157120604068,0.471997614018619,1.39309917314677,2.93372066109441,4.52444655820727,0.135416668432299,0.0370682384818792,0.0781624987721443,0.0280821925261989,0.0947511960985139,0.0227198953507468,0.0140350880101323,0.0120898099849001,0.00147167028626427,0.0183634883724153,0.00175438594305888,0.0174383645062335,0.0331825056346133,0.0136552060721442,0,0.0047449585981667,0.00201085858861916,0.00356415496207774,0,0,0.0697843478992581,0.0512342795263976,0.0789283131016418,0.47466862256988,0.0214231065474451,0.0661526986514218,0.00949216890148818,0.06171707843896,0.00568002549698576,0.129735344671644,0.00190657773055136,0.0413907284382731,0.841964991996065,0.505485581001267,4.60288256435888,3.66118313395418,0.303359354264103,3.10084326571086,0.0783254574052989,1.80964888189919,0.0587734225555323,1.07219133526087,0.655070578213781,2.26921800838318,0.00611086847493425,0.055889941577334,0.0102040815982036,0.127370158326812,0.00626370194368064,0.0268292683176696,0.00659133717999794,0.0531003187061287,0.00143833155743778,0.0101910829544067,0.0325137167237699,0.00614203466102481,0.82448980724439,0.328767118044198
0.00416542694438249,0.00551301660016179,0.011008110945113,0.0177545690676197,0.143884895369411,2.17562723811716,0.0065703023574315,0.0101522840559483,0.0336967303883284,0.173761951737106,0.0229276889003813,0.00136892544105649,0.018473895965144,0.00559440557844937,1.0664355509216,0.436530734878033,0.0333919159602374,0.00703729747328907,0.00851466413587332,0.0111111112055369,0,3.8653059550561,0.0852412824169733,0.0418215608806349,1.95196509640664,1.9635996373836,1.00396831193939,3.63019697880372,1.88413365336601,0.228070177137852,1.64863066351973,0.774928770959377,0.0133676098193973,0.0255619222298265,0.00611620815470815,0.0225563915446401,0.623255827231333,0.165120595018379,0.206959707778879,0.0823244528146461,3.21917794877663,0.244725726544857,0.0223713650484569,0.0300913499668241,0.00760456267744303,0.0229110507061705,0.0224719103425741,0.0424966793507338,0.00551724154502153,0.00522875832393765,0.00383264129050076,0,0.00187793432269245,0,0.067396062950138,0.039967373944819,0.00651819678023458,0.00381991808535531,0.00673400686355308,0.00183570443186909,0.00505902199074626,0,0.00602863589301705,0.00198807148262858,0.0122605366632342,0.00336700351908803,0.0158357777399942,0.0370129863149486,0.00986610248219222,0.0137931038625538,3.27963802451268,2.30988429673016,0.732142861234024,0.338589215185493,0.312252976931632,0.949899811763316,0.33195021096617,0.31959630199708,0.129175950307399,0.0165289249271154,0.218117848504335,0.0079734215978533,2.6587711838074,0.165507651632652,0.124944808951113,0.0146020925603807,0.751863671466708,0.214175662607886,0.109775897464715,0.0100950123160146,0.622589540667832,0.919540226459503
0.00178944220533594,0.00921093014767393,0.0116144015919417,0.0293040289543569,0.0652173925191164,5.24187722336501,0.00526546721812338,0.0118644066387787,0.0419580407906324,0.409448826452717,0.00355239794589579,0.0137646251823753,0.00886381947202608,0.00655123987235129,0.0220545561751351,2.34275812632404,0.0106194689869881,0.00283085624687374,0.0161443490651436,0.0240137227810919,3.8653059550561,0,0.0402684576110914,0.0634328343439847,0.759911863133311,1.88175323233008,0.72600003448315,10.368653411977,0.081761003471911,0.546255484223366,0.768300868105143,1.18338113208301,0.0154878676403314,0.0238832377362996,0.0247678011655807,0.0419847329612821,0.0524835996329784,2.50654213281814,0.0553505541756749,3.59545086405706,0.0139534883201122,4.12875535711646,0.0368208363070153,0.0474905553273857,0.00636942684650421,0.0284552851226181,0.0272556397831067,0.0852954257279634,0,0.00262812082655728,0.00256163952872157,0.00192492781206965,0,0,0.00878348713740706,0.21194763056701,0.00381056050537154,0.00109379272907972,0.00386286829598248,0.000921234430279583,0.000846023671329021,0.00140548136550933,0.00606520101428032,0.000998003990389407,0.00308404001407325,0.00450958264991641,0.0205761310644448,0.0371093761059456,0.0085046065505594,0.0317775569856167,3.18140380899422,3.78475325880572,0.0971223043743521,0.72514621145092,0.285140551626682,2.17515285685658,0.255639102193527,0.706181187531911,0.0136054423637688,0.016806723549962,0.0044130627065897,0.0179880084469914,0.0282948628300801,0.681118907523341,0.0048651039833203,0.0214581809705123,0.0021482277661562,1.06976743787527,0.00846629781881347,0.0345238108420745,12.8450699709356,0.823529427871108
0.0364784291014075,0.0221191574237309,5.194199696125,1.83924814191414,1.61309011862613,0.460514897014946,0.923121469910257,1.80817646917421,0.359402973903343,0.375715940259397,0.0293525165179744,0.0741714891046286,0.238459948450327,0.625501566071762,0.315324176335707,0.2405683392426,0.0241448690649122,0.00478468893561512,6.97598190550343,0.666951505467296,0.0852412824169733,0.0402684576110914,0,13.4542624313326,3.81332508113701,0.339339347556233,0.579277400975116,0.0841781857307069,0.291284948471002,0.432172865839675,8.58311591908569,7.84512683167122,5.00419982196763,1.53882863282342,0.361268789682072,0.0389836407266557,0.021077282493934,0.0315881848800927,0.0151471024146304,0.00949720642529428,0.00215905008371919,0.0106571934884414,0.0100524474401027,0.0104712044703774,0.00306200562044978,0.00522875809110701,0.0102747378405184,0.0147826090105809,0.00158269592793658,0,0.0025584795512259,0.00045177320134826,0.00411039340542629,0.000576368882320821,0.00432338943937793,0.0108491546707228,0.0312136817956343,0.00832500809337944,0.01312217200757,0.00176991149783134,0.00806280484539457,0.00212089088745415,0.00545256247278303,0.00643234531162307,0.00548546377103776,0.0024254183517769,0.137367411662126,0.0424275950354058,0.139361697714776,0.0339690105174668,0.496227513940539,1.57101615640568,0.0866801507072523,0.314720827387646,0.0456621023477055,0.102112672466319,0.225042312056758,0.208498585037887,0.00286738341674209,0.00495575211243704,0.0130010835709982,0.013455429347232,0.0476706391200423,0.0529240525793284,0.0101877453562338,0.0136434102896601,0.00670731707941741,0.0269304767134599,0.00553505524294451,0.00385356464539655,0.0458579887636006,0.0795834877644666
0.0107676969200838,0.0349664571112953,1.04817864554934,8.66739616217092,0.344179324805737,1.71263542352244,0.315434072603239,3.10278897819808,0.171235448447987,0.98752227408113,0.0222381636849605,0.0834670977201313,0.171332043100847,0.683337756549008,0.167208265105728,0.495434473792557,0.0157593128969893,0.00585365871665999,1.60244169604266,1.69404109107563,0.0418215608806349,0.0634328343439847,13.4542624313326,0,1.99922178941779,0.645478604536038,0.397445529815741,0.10280373506248,0.182072837196756,0.691776902996935,3.77594423526898,5.89339412841946,1.05751600768417,0.397145023103803,0.129116117896046,0.0311070446623489,0.0139245148166083,0.0614934114273638,0.0138383107841946,0.0186657450394705,0.00191204587463289,0.0225563915446401,0.0113139626337215,0.0250355631578714,0.00556930684251711,0.0178457614965737,0.0184696569340304,0.0362892937846482,0.00257731950841844,0.00125628139358014,0.00250783696537837,0.00106951873749495,0,0,0.00456968788057566,0.018996590632014,0.00749625207390636,0.0127843575901352,0.00428609689697623,0.000521784531883895,0.000993542023934424,0.00129659648519009,0.00067091581877321,0.0103655211860314,0.00337952020345256,0.00465657748281956,0.0418641395517625,0.0481622313964181,0.0383989588008262,0.0284750832943246,0.286335634009447,2.17428875796031,0.0583994220360182,0.478488995460793,0.0435185177484527,0.17464003409259,0.249737677455414,0.301090402295813,0.00190204475075006,0.00374181475490332,0.00610997993499041,0.0270154381287284,0.0405990011640824,0.104786546900868,0.0100258733145893,0.0222106538712978,0.00462784431874752,0.0596205973997712,0.00253538985271007,0.0071684587164782,0.0654437318444252,0.130869127227925
