0,0.00540749309584498,5.62244306781213,0.0165463829762302,0.0413049997296184,0.0106477369554341,7.26557070686249,0.0087732563551981,0.0677661161171272,0.00175336055690423,5.32596049597487,0.00375536479987204,3.67309379641665,0.00618605775525793,0.463804927596357,0.00254647311521694,2.34895363624673,0.00981728942133486,2.47047834508703,0.091613186406903,0.0273300619446672,0.0103842158569023,0.110188371501863,0.0253953037899919,0.00497357780113816,0,0.022933010943234,0.00373715360183269,4.5380809023045,0.015538846666459,0.293992553488351,0.0350389305967838,2.78201695543248,0.211627911485266,0.0806078601162881,0.0104130513500422,0.375414281792473,0.00820392637979239,0.380557216820307,0.0237087209243327,0.276988644618541,0.00141944643110037,0.0148423006758094,0.00147674133768305,0.00427807494997978,0.00265463226241991,0.0662983435322531,0.0221518992912024,0.012054794584401,0,0.0803588856942952,0,0.00966767407953739,0,0.102424657379743,0.0749724361230619,12.2319199015328,0.00867835851386189,0.91341993099195,0.000463284697616473,2.44682719450793,0.00166389351943508,0.870448753936216,0.00527577943284996,0.219442873145454,0.00201562116853893,0.71220607124269,0.0170195921673439,5.11191132193198,0.0432632875163108,1.30681813374395,0.0977751715690829,4.1994136525318,0.0205882344744168,1.12039309926331,0.0196353434585035,0.649499314313289,0.0597101422026753,0.0646536404965445,0.0056417491286993,0.579481407912681,0.00477802113164216,0.691119657247327,0.00488069420680404,0.600929945823736,0.00133734534028918,0.0908236781833693,0.00340618786867708,0.148017273924779,0.00150347675662488,0.0706141982227564,0.0308823535451666
0.00540749309584498,0,0.015693779947469,3.58436432099552,0,0.0622520595788956,0.0016072002472356,2.94114032079233,0,0.0524412292870693,0.00120048015378416,5.78090507187881,0,2.06196633406216,0.000521784531883895,0.124509553657845,0.00243235030211508,2.04097662703134,0.400382680760231,2.94088327791542,0.00872727250680327,0.0215439847670496,0.0604179582442157,0.122850120533258,0.00192740117199719,0.0184010148514062,0.00249221175909042,0.0205986481159925,0.01065989874769,0.721049956628121,0.100601416546851,0.196449035836849,0.0752929439186119,0.912297444068827,0.0143687995732762,0.00936262134928256,0.0161741828778759,0.0967059563845396,0.0152905195136555,0.0331491697579622,0.00442477874457836,0.00884303636848927,0.00142585550202057,0.0146501637645997,0.00275027501629665,0.0322140323696658,0.0049273221520707,0.00555555545724928,0,0.0183792824973352,0,0,0,0,0.00464144803117961,0.0347551334416494,0.00725952791981399,8.68730391573627,0.00444005912868306,0.112034181016497,0.00313479622127488,0.141062256530859,0.000581564381718636,0.34776191500714,0.00234329234808683,0.0874514865572564,0.152645605237922,0.415437470190227,0.507701102178544,2.68390798161272,0.0882716089254245,1.35024152765982,0.016938898479566,1.28762137121521,0.0320582881104201,0.7328966637142,0.205838984285947,0.582785432925448,0,0.0966325036715716,0.00184714840725064,0.148810736078303,0,0.0675223244470544,0.000326104665873572,0.0479755004053004,0,0.0239836218534037,0.0040080159669742,0.00996741425478831,0.562141478585545,0.0649847116437741
5.62244306781213,0.015693779947469,0,0.49825417532702,4.23081452219049,0.205950993869919,14.4669705184351,0.255932706291787,0.870490793138742,0.0259440753143281,1.10479474626482,0.0307284753071144,3.60702663450502,0.127529414574383,1.52610436081886,0.0347257152898237,0.388953486923128,0.00807754404377192,10.9695292403921,0.388961899559945,0.0379179578158073,0.0258855582214892,9.74518458955572,1.57545602560276,0.704656887683086,0.185286102932878,0.401666169636883,0.101289133017417,3.94280149863334,0.0792667828500271,7.18508821725845,0.529234138084576,9.84622782067163,0.390614210249623,0.450878349482082,0.0341530045261607,0.513368971645832,0.0138728320598602,0.229757372871973,0.0211699169594795,0.138316454133019,0.00139616057276726,0.00825877510942519,0.00291970797115937,0.0174280435312539,0.00314630311913788,0.0232779096113518,0.00984119868371636,0.00757370807696134,0.000534473569132388,0.047931965906173,0,0.00655347021529451,0,0.0331838555866852,0.0274989081372041,1.07295534462901,0.024740050022956,0.595481568598188,0.00137488541076891,0.328784935089061,0.00492745684459805,0.169359335675836,0.00995968704228289,0.0589060291531496,0.00398406386375427,0.676410744083114,0.0313725485466421,1.66365874093026,0.0548278988571838,3.08581537473947,0.386947718798183,4.09083019697573,0.0765883354470134,1.13328733661911,0.0344946543918923,0.894974573748186,0.104089219821617,0.0223619844764471,0.00901838357094675,0.20214189926628,0.0102564099361189,0.377348230686039,0.00910307851154357,0.195098654890899,0.00530767953023314,0.0580246939789504,0.0039215688011609,0.0614666387555189,0.00186289122211747,0.0694143176078796,0.0462594851851463
0.0165463829762302,3.58436432099552,0.49825417532702,0,0.0315508027561009,3.37777782417834,0.13561338884756,12.4077036248054,0.0107123726047575,0.906045548734255,0.00677966134389862,1.39762541209348,0.0374773311777972,2.78139933943748,0.0207564578158781,0.773000439396128,0.00369198294356465,0.254303974623326,1.67719892202877,8.94143933869782,0.0860743911471218,0.150243307813071,1.57383812291664,8.19811943511013,0.0370575219858438,1.05170996265952,0.0420145431999117,0.174515234248247,0.0490659463976044,1.29095466685249,1.28959384761401,3.49486840335885,0.243686302565038,0.949989371700212,0.0256859306246042,0.0152439024532214,0.0505648179678246,0.117523603141308,0.0567187900887802,0.0421106025460176,0.00746500748209655,0.0130556417279877,0.00424538302468136,0.025100851431489,0.00241604255279526,0.0307249166071415,0.0157825516071171,0.0228073819016572,0,0.0151441133348271,0.00289540365338326,0.000862254819367081,0.000539228902198374,0,0.0124688283540308,0.05958654434653,0.0109762178035453,0.724114693439333,0.0105332457460463,0.0411365565378219,0.00402495468733832,0.0784020013525151,0.000507356657180935,0.247756625059992,0.00153178459731862,0.0673076925741043,0.105263160250615,0.225972123676911,0.330755813803989,0.711416801728774,0.448303480399773,4.48650090431329,0.0614334493875504,1.57673080189852,0.148399012221489,0.566594883275684,0.650231099221855,0.847492850502022,0.000622277555521578,0.0877897962927818,0.00248241622466594,0.202139425207861,0.00347826088545844,0.135551756073255,0.00241109100170434,0.0839993741828948,0.00167037866776809,0.0775114772841334,0.0112870930170175,0.015734266344225,0.669660060899332,0.357165774097666
0.0413049997296184,0,4.23081452219049,0.0315508027561009,0,0.383333342615515,0.403648791834712,0.0102783723268658,12.0416069553467,0.0364618508610874,0.0414715708466247,0.0011191942030564,0.340831118810456,0.000884173321537673,8.30961934488732,0.0896273916587234,0.0592286509927362,0.00579374260269105,0.0674061412573792,0.00465477118268609,0.256297929212451,0.122362863272429,2.73898543172982,0.30183609330561,7.18338540766854,0.997718608006835,10.9599421410821,1.10078739747405,1.81740375934169,0.0546608101576567,4.76771011075471,0.415709985420108,0.549218015454244,0.0127172531210817,0.082872929633595,0.00212765950709581,0.0943396223010495,0.00679347838740796,0.0195394272450358,0.00499375769868493,0.150857141241431,0.00684150494635105,0.00421762961195782,0,0.00667037232778966,0.00219058059155941,0.00180018006358296,0.00322190904989839,0,0.00114025082439184,0.015065913554281,0,0.00584368174895644,0,0.016990291827824,0.00462606002110988,0.0359379267320037,0.00222841231152415,0.0396932784933597,0,0.0289083308307454,0,0.0287141067674384,0.000897263351362199,0.0215599243529141,0,0.0485806274227798,0.00578406167915091,0.0203714807284996,0.00617760606110096,3.44262305181473,0.0610169494757429,0.855003434233367,0.0246744349133223,0.191629948094487,0.00878155883401632,0.110682111931965,0.010603048838675,0.0205949647352099,0,0.0609462708234787,0.00194678781554103,0.581602370366454,0.021751573542133,0.0595903173089027,0.000989853986538947,0.190095843281597,0.0126422254834324,0.0348874091287144,0,0.00257069407962263,0.00513478834182024
0.0106477369554341,0.0622520595788956,0.205950993869919,3.37777782417834,0.383333342615515,0,0.065536722104298,1.56772818951868,0.10739191097673,16.4260362018831,0.00130293157417327,0.0459770117886364,0.0345475027570501,0.141615990665741,0.0648330082185566,8.8608099874109,0.00804289570078254,0.0645526597509161,0.109060403192416,0.141329263278749,1.38509960845113,7.84412975190207,0.610013181692921,2.64936209312873,1.87841947562993,19.3712173355743,3.10828015906736,18.1435115095228,0.0765282330103219,2.47486835345626,1.84524456760846,6.55457224696875,0.0641373093239963,0.115881614328828,0.0497335712425411,0.081632649526,0.0507757421582937,0.917989390203729,0.0339443300617859,4.33008546300698,0.0109289621468633,1.51363134244457,0.00746578158577904,0.0601295099477284,0.00761283340398222,0.0546623765258119,0.0185676397522911,0.118906062562019,0.00114351056981832,0.0178372357040644,0.00371977686882019,0,0,0,0.00796178355813026,1.60592249507317,0.00646377587690949,0.0495867786230519,0.0132919801399112,0.00496688741259277,0.00824278726940975,0.0175953085999936,0.00243605370633304,0.0237990310415626,0.00371057528536767,0.0116054161917418,0.0711599652422592,0.151649743085727,0.0397893511690199,0.161797754466534,1.25710323068779,6.84752496611327,0.0569913875078782,1.91060711909086,0.177215181291103,1.73291262984276,0.329987449222244,0.91801161901094,0,0.0513368993997574,0.00789265963248909,0.0614990405738354,0.00811594165861607,2.04364861478098,0.00415129156317562,0.0691007113200612,0.00309597514569759,4.20345242938492,0.00626370194368064,0.0538011689204723,0.980440141400322,0.356532369274646
7.26557070686249,0.0016072002472356,14.4669705184351,0.13561338884756,0.403648791834712,0.065536722104298,0,0.0499020261049736,1.29938341109664,0.00985221669543535,2.63526787186856,0.00209555742912926,10.9311700603575,0.0144844672176987,1.81208587813308,0.00925367130548693,0.365562308114022,0.00297176811727695,0.95214859241969,0.050692073215032,0.0179579277755693,0.00813628267496824,1.38237753475551,0.369873526651645,0.103731519979192,0.0562790709664114,0.0881138127297163,0.023501762188971,3.84119483618997,0.013905442901887,1.04993755614851,0.109482758212835,1.02035281946883,0.0733532961457968,0.0619012496899813,0.00968152814311907,0.150813656800892,0.00179492926690727,0.143956540210638,0.00348811852745712,0.0792746147490107,0.00103573279920965,0.00784167301026173,0.00117485801456496,0.00334448157809675,0.000831427983939648,0.0145957364002243,0.00146305782254785,0.00639113743091002,0,0.0521795508102514,0,0.0110243456438184,0,0.0351841673254967,0.0154149490990676,1.05136675119866,0.00304182496620342,0.171472508751322,0,0.612397562566912,0,0.310006534127751,0.00115074799396098,0.074967120133806,0.00159585080109537,0.132458608597517,0.0101689354341943,0.200257836841047,0.0121495330822654,1.56198722828412,0.0829596389667131,3.15671316144289,0.0108010803814977,0.856922689592466,0.00667351152515039,0.59043840796221,0.0182465505495202,0.0212490275152959,0.000515463936608285,0.347873692720896,0.00230756553355604,0.465952878817916,0.00253592559602112,0.43812662595883,0.00199259899090976,0.0641963637899607,0.00262754538562149,0.0768980123102665,0.000628436740953475,0.0138187616830692,0.0159404886653647
0.0087732563551981,2.94114032079233,0.255932706291787,12.4077036248054,0.0102783723268658,1.56772818951868,0.0499020261049736,0,0.00257289886940271,2.63523465779144,0.000419727177359164,4.28870873188134,0.00984218541998416,9.08785261306912,0.0041777440928854,1.88508373184595,0.00127064806292765,0.399519607948605,1.44389023914118,2.66005482949549,0.0301219228422269,0.0820294003351592,1.15193109287065,2.24023262260016,0.0171579411544371,0.326717552088667,0.0279991391289514,0.136123351432616,0.0189838080550544,1.74356076898403,0.843056398676708,2.33177660865476,0.185892723675352,0.836738351063104,0.035353535116883,0.0223277908517048,0.0223752149613574,0.18599746588734,0.0225388057006057,0.0463875208224636,0.00193003623280674,0.0115746322553605,0.00248182937502861,0.0293026704457588,0.00355099615990184,0.0345368925482035,0.00436999287921935,0.0222492609173059,0.000803374161478132,0.0210987264290452,0.00154894674778916,0,0,0,0.00383141753263772,0.099249659513589,0.00662537783500738,1.32390664820559,0.00546746872714721,0.0641161877429113,0.00440752654685639,0.153191486082505,0.000821018067654222,0.546281122486107,0.00288838456617668,0.0921102326828986,0.104381636541802,0.294265109638218,0.0911115625058301,0.374151160067413,0.235822803922929,3.23498419384123,0.0257438275439199,1.09790654934477,0.0684538055211306,0.189428365090862,0.294361525739077,0.370370374876074,0,0.198319326213095,0.0024288687563967,0.499055396212498,0.000403632700908929,0.135539162438363,0.00185038321069442,0.166871830297168,0,0.0622423751046881,0.00404795273789205,0.0393984966212884,0.206027676234953,0.17979747406207
0.0677661161171272,0,0.870490793138742,0.0107123726047575,12.0416069553467,0.10739191097673,1.29938341109664,0.00257289886940271,0,0.0135593221057206,0.216252517071553,0,2.65800541755743,0,24.5497484807856,0.022222223225981,0.188105122186244,0.00116279069334269,0.0213858002098277,0.00233281496912241,0.0771775108296424,0.0318471353966743,0.48428092407994,0.174225420574658,0.913385823369026,0.244461428374052,1.94586690398864,0.321202539722435,3.69480219157413,0.00881057255901396,1.28484853054397,0.134627045597881,0.107011071406305,0.00254993629641831,0.0314814809244126,0.00428265519440174,0.0801749300444499,0.0013642564881593,0.0322354576783255,0.00250626564957201,0.0368239358067513,0.0022962111979723,0.0135306557640433,0.00189035921357572,0.0033463470172137,0,0.0135379060520791,0.000807428325060755,0.00469759246334434,0,0.0465408797608688,0,0.0190755688818172,0,0.0300081093446352,0.00309119001030922,0.0670848110457882,0.00111607147846371,0.0262324738432653,0.00084388186223805,0.0709111723699607,0,0.0551378442905843,0.000899685139302164,0.0649267954286188,0,0.0164174735546112,0.00450740521773696,0.00841852079611272,0,2.54115956195164,0.0231449974235147,1.02802456915379,0.00275292503647506,0.301552103832364,0.00441988930106163,0.189922485616989,0.00798403169028461,0.0184331797063351,0,0.209807070437819,0.000650195055641234,1.22930313181132,0.0103388858260587,0.176689976186026,0.00148698891280219,0.333868378773332,0.00253807101398706,0.080711790593341,0,0.012953367549926,0
0.00175336055690423,0.0524412292870693,0.0259440753143281,0.906045548734255,0.0364618508610874,16.4260362018831,0.00985221669543535,2.63523465779144,0.0135593221057206,0,0,0.0396145605482161,0.00147928996011615,0.134869826957583,0.0125180548639037,8.96855360659538,0.00130463147070259,0.0475926973158494,0.07175257592462,0.10154193470953,0.229376249480993,0.989310006378219,0.157946054125205,0.556611938867718,0.288872521370649,3.37392562476452,0.387895463733003,2.72834927157965,0.0173992674681358,1.3812206943403,0.358569907024503,1.78456221031956,0.0292682935833,0.061475409893319,0.013710368424654,0.0352595485746861,0.0164496232755482,0.316806195303798,0.0105680320411921,0.543077824171633,0,0.315240090480074,0.00652528554201126,0.0381298240972683,0,0.0230728895403445,0.00781589210964739,0.0553822153015062,0.0011173184029758,0.004359673243016,0.000612182426266372,0.000840336142573506,0,0,0.00156678422354162,0.23551401856821,0.00106553011573851,0.0277853440493345,0.00261096598114818,0.0016280016861856,0.0022140220971778,0.00458190171048045,0.00118835410103202,0.0086580088827759,0.0024125452619046,0.00663821736816317,0.0285877642454579,0.0745380531297997,0.0217142854817212,0.081395348533988,0.371967646759003,2.97814909124281,0.0206451620906591,1.14415582257789,0.054600607836619,0.64112901315093,0.15045871201437,0.364779868395999,0,0.0327868834137917,0.00233009713701904,0.0379386660642922,0.0022650056052953,0.579868715722114,0.000456933979876339,0.0359049011021852,0,0.95971137075685,0.00185528764268383,0.0265819128835574,0.21187427546829,0.148837208747864
5.32596049597487,0.00120048015378416,1.10479474626482,0.00677966134389862,0.0414715708466247,0.00130293157417327,2.63526787186856,0.000419727177359164,0.216252517071553,0,0,0.00106269924435765,9.59455481078476,0.000848536263220012,2.36250599147752,0.000961076410021633,7.26309007243253,0.00219659530557692,0.11562115943525,0.00374111492419615,0.01785714388825,0.00767018226906657,0.0388223875779659,0.00859106541611254,0.00875273533165455,0,0.0258855582214892,0.00293040298856795,2.21747042017523,0,0.0605427988339216,0.00342857139185071,0.0617011915892363,0.013854930351954,0.0270956810563803,0.00579710130114108,0.0597420209087431,0.00127632415387779,0.0510471209418029,0.00471420167014003,0.0536082494072616,0,0.0145985396811739,0,0.00527983123902231,0.00104112445842475,0.0138109624385834,0.0015515903942287,0.0088691795244813,0,0.0707101479638368,0,0.0259562834398821,0,0.0257109471713193,0.00520639639580622,3.88906601752387,0.00162822258425876,0.127162633754779,0,0.948604978853837,0.00113636360038072,1.14083680417389,0,0.151913870009594,0.000942063110414892,0.0427107079303823,0.00748362927697599,0.0975056702736765,0.00431654672138393,0.368491337634623,0.0140127390623093,0.767263420857489,0.00386100390460342,0.21535394154489,0.00596421444788575,0.139478470664471,0.00498753134161234,0.160990719683468,0.00202020211145282,1.20432596234605,0.00125904940068722,3.04157306486741,0.00217155274003744,0.508312443969771,0.000483559007989243,0.126206388231367,0,0.0745073878788389,0,0.0091638034209609,0.00686498824506998
0.00375536479987204,5.78090507187881,0.0307284753071144,1.39762541209348,0.0011191942030564,0.0459770117886364,0.00209555742912926,4.28870873188134,0,0.0396145605482161,0.00106269924435765,0,0.00199335539946333,11.5183090968058,0,0.519174023997039,0.00108754762914032,6.14765731268562,0.544123023748398,1.17976394860307,0.0107692307792604,0.0194756556302309,0.0407921948935837,0.107633588137105,0,0.0152761454228312,0.00795454520266503,0.0181050086393952,0.00240963860414922,10.0139573711785,0.115036234026775,0.161606264300644,0.0773135495837778,0.466860905929934,0.0353021032642573,0.028636020491831,0.00793201138731092,0.110812260652892,0.00439560459926724,0.025138261844404,0.00158478610683233,0.00632911408320069,0.00145032629370689,0.0135512158158235,0.00274473923491314,0.0234975139610469,0.00229973177192733,0.0132404178148136,0,0.0140121436561458,0,0,0,0,0,0.0375712858512998,0.000985221704468131,1.67563483025879,0.00691244238987565,0.042707203887403,0.00198938988614827,0.108187135308981,0.00201106094755232,0.357798177050427,0.00407331995666027,0.0596273294650018,0.0977917928248644,0.210917409625836,0.142023346270435,0.780023770406842,0.0782122882083058,1.45005374215543,0.00646551721729338,2.1300108297728,0.0138996136374772,0.494607105734758,0.0947964936494827,0.271097033284605,0,0.410296411952004,0.0013884068466723,0.24906312301755,0.000965250947047025,0.120899720583111,0.000854153302498162,0.0600722685921937,0,0.0152361608343199,0.000564971764106303,0.0111494555021636,0.321030046674423,0.0394511159975082
3.67309379641665,0,3.60702663450502,0.0374773311777972,0.340831118810456,0.0345475027570501,10.9311700603575,0.00984218541998416,2.65800541755743,0.00147928996011615,9.59455481078476,0.00199335539946333,0,0.00229555228725076,11.3333332050242,0.00311623560264707,1.51476635434665,0.00203458807663992,0.145780764287338,0.00684030551929027,0.0290262175258249,0.0138185164541937,0.327091729268432,0.108217593398876,0.0480192073155195,0.0220646178349853,0.0731895249919035,0.0192539105191827,4.00420928437961,0.00488997576758265,0.287122200301383,0.0375260612927377,0.118928464362398,0.0134003343991935,0.0164573413785547,0.00647249171743169,0.130718952859752,0.00222634506644681,0.092620478477329,0.000707964587491006,0.0743565314915031,0.000952380942180753,0.0211463558953255,0.00179372204001993,0.00463269354077056,0.000655952782835811,0.0203193028573878,0.00215866160579026,0.0109140519052744,0,0.115218869992532,0,0.0277777779847383,0,0.0535859271185473,0.0110034053795971,1.96527780065662,0.0012466236948967,0.109883720520884,0.000555709935724735,1.15991697623394,0.000692520756274462,1.14407077338547,0,0.154285712633282,0.000615195313002914,0.0504310342948884,0.00645905430428684,0.0656984801753424,0.00397140596760437,1.43031230662018,0.0340993340360001,1.88781571498839,0.00596569711342454,0.578132342081517,0.00374882854521275,0.375225055613555,0.0102489019045606,0.0810681947041303,0,1.03954806737602,0.00325203244574368,2.24828062223969,0.000673400645609945,0.986410560784861,0,0.238383845717181,0.00427807483356446,0.175045708892867,0,0.00999500276520848,0.0059940058272332
0.00618605775525793,2.06196633406216,0.127529414574383,2.78139933943748,0.000884173321537673,0.141615990665741,0.0144844672176987,9.08785261306912,0,0.134869826957583,0.000848536263220012,11.5183090968058,0.00229555228725076,0,0.0013995801564306,0.320224722381681,0.000864304252900183,0.938948965631425,1.67623202438699,2.52209301386029,0.0169014092534781,0.0176795572042465,0.499222384707537,1.26462040940532,0.00467726844362915,0.0413412961643189,0.00178970920387655,0.0215759850107133,0.00539629021659493,7.93198208732065,0.404770769295283,0.804131898097694,0.160079053079244,0.628376260632649,0.0410677632316947,0.0255271928617731,0.00892857147846371,0.139674378326163,0.00958605692721903,0.0275974025717005,0.00230282102711499,0.00805060402490199,0.00247448193840683,0.0174262740183622,0.00150319433305413,0.03050595294917,0.00129701686091721,0.00657698081340641,0,0.0152905203867704,0.00197628466412425,0,0,0,0.00299940002150834,0.0538194448454306,0.00220507165067829,1.34950586850755,0.00194868457037956,0.0432365667074919,0.00458321394398808,0.120300749782473,0,0.500161759962793,0.00164001644589007,0.0719723193906248,0.0771208236983512,0.208857562975027,0.101935990503989,0.44691700139083,0.0803531986894086,2.05648263765033,0.00686400709673762,1.54243859520648,0.0248587576206774,0.197405536891893,0.159768211771734,0.25896245817421,0.00115207373164594,0.272054630797356,0.000595947552938014,0.349391472351272,0.00314095010980964,0.0804906120174564,0.00193873594980687,0.0954517648788169,0,0.027004910458345,0.00249066011747345,0.0216878826031461,0.210975609952584,0.0975015200674534
0.463804927596357,0.000521784531883895,1.52610436081886,0.0207564578158781,8.30961934488732,0.0648330082185566,1.81208587813308,0.0041777440928854,24.5497484807856,0.0125180548639037,2.36250599147752,0,11.3333332050242,0.0013995801564306,0,0.0154918665066361,1.326171875,0.00172265293076634,0.0421768713276833,0.000630119699053466,1.40225320891477,0.0323834188748151,0.604120284842793,0.139978790888563,0.661324818967842,0.141287282458507,2.20416460069828,0.152197205228731,9.2278621410951,0.0158790166606195,1.57219694228843,0.119058198411949,0.16101083450485,0.0230118442559615,0.038049940019846,0.0156250004656613,0.738601860939525,0.00386847206391394,0.37654017820023,0.00272975431289524,3.28212103038095,0.00135777320247144,0.0539265247061849,0.000735835172235966,0.0141962420893833,0.00495458312798291,0.0447125625796616,0.0012991230469197,0.0286334056290798,0.000851063814479858,0.207826547732111,0,0.0763358781114221,0,0.225554102682509,0.00250783702358603,0.459592406521551,0.00047778309090063,0.107358688488603,0,0.362790682702325,0.00088456436060369,0.359417651197873,0.00212389376247302,0.254026695387438,0.00228658528067172,0.0647894362919033,0.00916936318390071,0.0326710807858035,0.00423056585714221,4.82541287038475,0.0424915512558073,3.36561733565759,0.00389294396154583,0.525265940814279,0.00530856009572744,0.415813962346874,0.0161520189139992,0.107482994673774,0.00402414472773671,1.46407761331648,0.000543773814570159,13.0942569833715,0.00682885199785233,1.10629596171202,0.00258788012433797,2.65367965120822,0.00459136819699779,0.708989070786629,0,0.0145560409873724,0.00581818167120218
0.00254647311521694,0.124509553657845,0.0347257152898237,0.773000439396128,0.0896273916587234,8.8608099874109,0.00925367130548693,1.88508373184595,0.022222223225981,8.96855360659538,0.000961076410021633,0.519174023997039,0.00311623560264707,0.320224722381681,0.0154918665066361,0,0.00981354271061718,0.423010393918958,0.141296926361974,0.231984837620985,0.401601077406667,1.73011730785947,0.216080392186996,0.537779372301884,0.436090236529708,2.113624420017,0.742215439444408,2.85668102384079,0.0349572329432704,12.1138520794921,0.451184031902812,1.28157071676105,0.0920289886998944,0.177249579224735,0.0801435377215967,0.127129755215719,0.030549899674952,1.16909620596562,0.0188211982604116,0.973491801414639,0.00547570176422596,0.589200251735747,0.031112615368329,0.208271783078089,0.0276729561737739,0.160862354910932,0.0470085467677563,0.288693385198712,0,0.02735042758286,0.00689289538422599,0.000693240901455283,0.00102301791775972,0,0.00327011104673147,0.55534590309253,0.00328715657815337,0.10105363742332,0.0171245089732111,0.0209318032721058,0.0118195951799862,0.0168813863419928,0.00274223042652011,0.0262877439381555,0.0110957000870258,0.0306044379249215,0.150886835413985,0.382909673731774,0.064745013078209,0.222222219454125,0.538964333944023,3.92333824746311,0.0360097316442989,4.03520781127736,0.0508701468352228,1.22110893554054,0.241121502709575,1.32124106865376,0.00136986305005848,0.118838625028729,0.00389610382262617,0.272082867391873,0.00352267734706402,2.9747106495779,0.00204834082978778,0.271882432483835,0.00217627850361168,1.65129153290763,0.00267451192485169,0.103883005795069,0.432551319245249,0.101098903105594
2.34895363624673,0.00243235030211508,0.388953486923128,0.00369198294356465,0.0592286509927362,0.00804289570078254,0.365562308114022,0.00127064806292765,0.188105122186244,0.00130463147070259,7.26309007243253,0.00108754762914032,1.51476635434665,0.000864304252900183,1.326171875,0.00981354271061718,0,0.0202474698890001,0.0909849723102525,0.00836501881713048,0.0352331621106714,0.00600000028498471,0.0242782151326537,0.0070021883584559,0.00451807212084532,0.00146305782254785,0.0322807029588148,0.00453857774846256,3.46821342699695,0.0333174687693827,0.0363053933251649,0.0117164617404342,0.322551668970846,0.119452505372465,0.616871710633859,0.556451596319675,0.244755254243501,0.078740157186985,0.12390571879223,0.030229747062549,0.129449833184481,0.0107642624061555,0.416838639648631,0.0726770908222534,0.365208003437147,0.0979765690863132,0.152154789480846,0.0386587759130634,0.44633729592897,0.0110741972457618,1.71525636781007,0,0.222378600155935,0,0.238510309078265,0.0370370375458151,6.62067125790054,0.00988467887509614,0.952842687256634,0.000823723210487515,2.31629992369562,0.0104834013618529,3.50785984913819,0.0061376589583233,1.68324122868944,0.0250000000232831,0.630729297641665,0.261694067507051,0.161533987615258,0.0386043069884181,0.655670090345666,0.0445317619014531,1.27547671436332,0.0304434146964923,0.383333353325725,0.0124610597267747,0.613947675912641,0.26393338246271,2.49460036517121,0.0147835274692625,7.66614311974263,0.0191448623081669,6.01151429128367,0.0155642020981759,1.35096592243644,0.00879550504032522,0.312883428297937,0.00367197068408132,0.250858029699884,0.00349650357384235,0.0530120492912829,0.00240673893131316
0.00981728942133486,2.04097662703134,0.00807754404377192,0.254303974623326,0.00579374260269105,0.0645526597509161,0.00297176811727695,0.399519607948605,0.00116279069334269,0.0475926973158494,0.00219659530557692,6.14765731268562,0.00203458807663992,0.938948965631425,0.00172265293076634,0.423010393918958,0.0202474698890001,0,0.164044945500791,0.396694220602512,0.0290556892286986,0.0408163275569677,0.0349187236279249,0.0797186417039484,0.00249687884934247,0.0207190730143338,0.00588581489864737,0.0225563908461481,0.0288184432429262,17.7709470487898,0.0624126677867025,0.1201413476374,0.339199991431087,0.794785844685975,0.364022657973692,0.216429702588357,0.0305164323654026,0.2224694006145,0.00909607764333487,0.0580912893638015,0,0.0315876984968781,0.00519095308845863,0.0359477128367871,0.013176470878534,0.0864312258199789,0.00627943500876427,0.0270558919291943,0.00196560192853212,0.0355769231100567,0.0153758548549376,0.0015238095074892,0,0,0.00285918521694839,0.0883561667287722,0.0225056274211966,3.30694599979324,0.0534801431931555,0.122871942236088,0.032487309537828,0.185836262535304,0.00622406671755016,3.58669289259706,0.0147136100567877,0.156329646706581,0.683409000514075,0.995346174866427,0.305764402146451,1.56323252071161,0.192018512636423,1.5202664732933,0.0122562677133828,5.25826353824232,0.0162074551917613,0.680679061217234,0.218085099477321,0.776021837256849,0,8.3030303431442,0.0205673752352595,1.73298124567373,0.00497265020385385,0.309696095413528,0.00995240136398934,0.205175183713436,0.00253485422581434,0.0744234775193036,0.00402414484415203,0.0464112245244905,0.527173922862858,0.0561085975496098
2.47047834508703,0.400382680760231,10.9695292403921,1.67719892202877,0.0674061412573792,0.109060403192416,0.95214859241969,1.44389023914118,0.0213858002098277,0.07175257592462,0.11562115943525,0.544123023748398,0.145780764287338,1.67623202438699,0.0421768713276833,0.141296926361974,0.0909849723102525,0.164044945500791,0,11.4582620321307,0.0441572407726198,0.0496828745817766,7.39238597440999,2.30217182915658,0.0252252258360386,0.0407259843777865,0.0155373327434063,0.0271002715453506,0.51591730909422,0.641496833413839,4.77902332064696,2.75567531288834,13.2655552868382,11.0051468000165,0.612807900179178,0.115711258607917,0.139534887392074,0.0894039734266698,0.11190576700028,0.0282796549145132,0.0450797143857926,0.0153761671390384,0.00301659136312082,0.0163078933837824,0.00437477231025696,0.0187725636642426,0.0189513573423028,0.0262620375724509,0.00226159062003717,0.00741289870347828,0.0154963675886393,0,0.00259403366362676,0,0.0327868838794529,0.0508762034587562,0.478232632856816,0.273489188984968,0.299272379779723,0.0120481930207461,0.0834032983402722,0.028363358520437,0.0345640226732939,0.0806807428598404,0.023800078779459,0.0282637949567288,0.862646197609138,0.194280081428587,12.6613085456192,2.01607863069512,2.74904124694876,4.13559308601543,0.767509301775135,1.15522261429578,0.354211653582752,0.869002694962546,0.937550021859352,1.75540151208406,0.00220022001303732,0.0772158816689625,0.0360674826661125,0.0963735763216391,0.0403195140534081,0.0758082477841526,0.0232824428239837,0.0369107319274917,0.00546448084060103,0.0292953284224495,0.0190383207227569,0.00693802037858404,1.46225316042546,0.327336044283584
0.091613186406903,2.94088327791542,0.388961899559945,8.94143933869782,0.00465477118268609,0.141329263278749,0.050692073215032,2.66005482949549,0.00233281496912241,0.10154193470953,0.00374111492419615,1.17976394860307,0.00684030551929027,2.52209301386029,0.000630119699053466,0.231984837620985,0.00836501881713048,0.396694220602512,11.4582620321307,0,0.0487804880831391,0.076199434872251,0.57019644358661,3.47698636353016,0.00651996722444892,0.0513437613844872,0.00784006260801107,0.0400326802046038,0.0402316359104589,0.93213508464396,0.9003000886878,1.25379452761263,2.26610987226013,4.74300239724107,0.125441697076894,0.0292728985659778,0.102503911301028,0.0988679244765081,0.0788969760178588,0.0424460427602753,0.0165611302945763,0.0165450118365698,0.0028176952037029,0.0163636364741251,0.00268726912327111,0.0339547256589867,0.0264705871813931,0.021305653383024,0.000692760630045086,0.0143246931256726,0.00504124650615267,0,0,0,0.02356164396042,0.0519618267426267,0.0544217670103535,1.35528524121037,0.0477172323153354,0.0393922335933894,0.0204885744606145,0.0548716153716668,0.00431654672138393,0.140886409208179,0.0101633390877396,0.0511540848528966,0.834820433985442,0.361305360274855,5.29188641515793,4.44965628557838,0.628438583109528,4.95212959434139,0.0921798257622868,2.04702312132576,0.205177375697531,1.44566778093576,1.0051244510687,2.10643841070123,0.000974658876657486,0.0955137490527704,0.00599128525936976,0.123474181717029,0.00488997565116733,0.101880341011565,0.00694190745707601,0.0456026052997913,0,0.045652175496798,0.0193950582761317,0.011408512305934,1.89672797219828,0.376085840165615
0.0273300619446672,0.00872727250680327,0.0379179578158073,0.0860743911471218,0.256297929212451,1.38509960845113,0.0179579277755693,0.0301219228422269,0.0771775108296424,0.229376249480993,0.01785714388825,0.0107692307792604,0.0290262175258249,0.0169014092534781,1.40225320891477,0.401601077406667,0.0352331621106714,0.0290556892286986,0.0441572407726198,0.0487804880831391,0,5.07158358022571,0.201673976553138,0.0950744604924694,2.12420784123242,3.00483087729663,2.91196395177394,3.03959124255925,1.23391087155323,0.188220233190805,3.10944536025636,2.35616436600685,0.0154119745129719,0.0438034209655598,0.00667779613286257,0.0176600441336632,0.725028091110289,0.0974619314074516,0.344608874758705,0.165022416971624,6.09793795691803,0.235897443257272,0.007430998259224,0.0110091740498319,0,0.00746826000977308,0.0507204616442323,0.0300601206254214,0.00163666123989969,0,0.00666913669556379,0,0.00907029490917921,0,0.105793451657519,0.0958709059050307,0.0213433775352314,0.01031260099262,0.00924855470657349,0.00211752252653241,0.0280112045584247,0.00509337871335447,0.00896860961802304,0.00344431679695845,0.0146788991987705,0.00389357563108206,0.0218430031090975,0.0236190473660827,0.0203045681118965,0.0643564346246421,8.83624468138441,2.84412962617353,0.890020410530269,0.218106989283115,0.665083164349198,0.962264165282249,0.637300852686167,0.393346376717091,0.0361757115460932,0.00490196095779538,0.127553567290306,0.00847784202778712,2.93155250232667,0.176190478610806,0.167498037219048,0.0073157005244866,1.02745101065375,0.244748854544014,0.264066018164158,0.00276529556140304,1.40893472824246,1.17808218300343
0.0103842158569023,0.0215439847670496,0.0258855582214892,0.150243307813071,0.122362863272429,7.84412975190207,0.00813628267496824,0.0820294003351592,0.0318471353966743,0.989310006378219,0.00767018226906657,0.0194756556302309,0.0138185164541937,0.0176795572042465,0.0323834188748151,1.73011730785947,0.00600000028498471,0.0408163275569677,0.0496828745817766,0.076199434872251,5.07158358022571,0,0.0896226384211332,0.20662549789995,0.808252434711903,2.55388173926622,1.59174815844744,12.4767731709871,0.125984246842563,0.51596745243296,1.66106653714087,3.16043236013502,0.0545876874821261,0.0943890935741365,0.0851735032629222,0.102459010668099,0.164146863855422,1.76666677114554,0.126401625573635,7.48869581171311,0.0567375887185335,4.05176454456523,0.0145909322891384,0.061077845399268,0.0103934672661126,0.0407569147646427,0.0271186446771026,0.105366816394962,0.00159108988009393,0.00921658985316753,0.00365764455636963,0,0.00436204997822642,0,0.0237623769789934,0.943043886800297,0.00558832642855123,0.0248565963702276,0.0113314448390156,0.00935550942085683,0.00826825923286378,0.00494641391560435,0.00521739141549915,0.00112549238838255,0.00533333339262754,0.0114213195629418,0.0505902207805775,0.10075188067276,0.0460147908888757,0.111506527056918,4.69821215420961,9.10459432192147,0.202556546078995,0.901688179466873,0.403508774936199,3.90413933992386,0.502722324570641,1.16367076523602,0.00473933666944504,0.0361173823475838,0.0097943190485239,0.0250950564513914,0.0275750193977728,1.07644785614684,0.00884495361242443,0.0267483992502093,0.0149999996647239,2.01061946153641,0.0207330626435578,0.01912568253465,6.41717776469886,0.941896055825055
0.110188371501863,0.0604179582442157,9.74518458955572,1.57383812291664,2.73898543172982,0.610013181692921,1.38237753475551,1.15193109287065,0.48428092407994,0.157946054125205,0.0388223875779659,0.0407921948935837,0.327091729268432,0.499222384707537,0.604120284842793,0.216080392186996,0.0242782151326537,0.0349187236279249,7.39238597440999,0.57019644358661,0.201673976553138,0.0896226384211332,0,11.5837032824056,3.98537597683026,0.700103053008206,0.792185917496681,0.343335650162771,0.4238983374089,0.404389573959634,13.2385136270896,6.20301434100838,6.57294432807248,0.816687747428659,0.669649500981905,0.0780757113243453,0.106254199636169,0.0612777041969821,0.0316936271265149,0.0212632889160886,0.00809388933703303,0.0113222806248814,0.00201663724146783,0.0102205483126454,0.00942562613636255,0.00584453518968076,0.00523834489285946,0.0166707524331287,0.00302571861539036,0.00179104472044855,0.0150564619107172,0,0.0020236088312231,0,0.00540806312346831,0.0224343678564765,0.0854052021168172,0.057848053984344,0.0912667232332751,0.00251762336120009,0.0345562132133637,0.0067463968298398,0.0100062536075711,0.020915032364428,0.0208005040185526,0.00662251655012369,0.292838622001,0.0573491910472512,0.292189879808575,0.130058799404651,0.676225399947725,1.67632696812507,0.268189230991993,0.345008177100681,0.108626196160913,0.0741922622546554,0.3714285561,0.419323660782538,0.00485829950775951,0.0208751503378153,0.0141809290507808,0.0324925190070644,0.0530326109728776,0.0436733473907225,0.0230821444420144,0.0163207381847315,0.00561797758564353,0.0308370043640025,0.00842282606754452,0.00482315104454756,0.103622575756162,0.191999996546656
0.0253953037899919,0.122850120533258,1.57545602560276,8.19811943511013,0.30183609330561,2.64936209312873,0.369873526651645,2.24023262260016,0.174225420574658,0.556611938867718,0.00859106541611254,0.107633588137105,0.108217593398876,1.26462040940532,0.139978790888563,0.537779372301884,0.0070021883584559,0.0797186417039484,2.30217182915658,3.47698636353016,0.0950744604924694,0.20662549789995,11.5837032824056,0,0.938833599211648,0.999068913632073,0.16953762434423,0.240608660969883,0.13487738231197,0.807772352127358,3.99773917655693,4.6808680887334,0.917193208355457,0.392857140570413,0.125065133906901,0.0203045695088804,0.0452284031780437,0.0728850325103849,0.0494263023138046,0.0295687895268202,0.00234192027710378,0.0116959062870592,0.00561797741102055,0.013536378974095,0.00227963528595865,0.00902594975195825,0.00654664472676814,0.0174909531488083,0,0.00541167357005179,0.00398108968511224,0,0,0,0.0042360060615465,0.0245112350676209,0.0137594322150107,0.0972190848551691,0.0163934426382184,0.00810221256688237,0.00519930658629164,0.0160128099378198,0.000821355264633894,0.0476812521228567,0.0033195021096617,0.00978678755927831,0.0616470601817127,0.0481622313964181,0.087130295636598,0.13251880032476,0.432021458807867,3.50000000122236,0.11468288814649,0.663176272064447,0.165422173216939,0.155963296070695,0.479262672364712,0.403928253625054,0,0.0381944447290152,0.00781484832987189,0.0582375491503626,0.0182684674509801,0.0945736430585384,0.00272957686684094,0.0221583913662471,0.000959232624154538,0.0554865426965989,0.00551931763766333,0.00569665327202529,0.189944142359309,0.364764265017584
