0,0.0478863951866515,5.08602150063962,0.0417229476734065,0.00768442580010742,0.00958627637010068,5.83093595225364,0.0334661371889524,0.0373928854241967,0.00201612897217274,4.08838971384102,0.0339771930302959,1.82856057450408,0.0279352221696172,0.260318841435947,0.0113960116286762,1.92431884608231,0.0305522908456624,3.13076917445869,0.178661013778765,0.0228434028103948,0.00598623184487224,0.0613370083738118,0.0114989737048745,0.0027085590409115,0.00261643115663901,0.00526454357896,0.00481412146473303,2.53123652146314,0.0654955533682369,0.206356512382627,0.0271687326603569,1.16759888437809,0.29856187425321,0.041131105273962,0.0147797807585448,0.399589641659986,0.0122636687010527,0.36592252063565,0.0171568637597375,0.24992361466866,0.00363306084182113,0.00633537909016013,0.00257014349335805,0.00270941527560353,0.00277585006551817,0.0449621924781241,0.00510003909585066,0.0060634326946456,0.000462641677586362,0.0410378146334551,0.000820008222945035,0.00819672085344791,0,0.0573786578606814,0.0561497343296651,10.610216465313,0.0566687553946394,0.682987030013464,0.0123604464170057,1.20321775288903,0.0224877018481493,0.800574586261064,0.019966721534729,0.0398832684732042,0.0104529617819935,0.354917643591762,0.0763642516103573,4.77035626809811,0.212049471097998,0.823291144799441,0.201106094755232,3.28058652085019,0.0640160068869591,0.574512736639008,0.0252631581388414,0.644889872230124,0.145989043812733,0.0318529848009348,0.00788834958802909,0.435841997037642,0.0228888494311832,0.342762065003626,0.0103334902087227,0.517423720448278,0.00837061664788052,0.0741138579323888,0.00483208510559052,0.0925072563404683,0.00193548394599929,0.0917141014360823,0.166718890657648
0.0478863951866515,0,0.0338757878635079,4.71330396246049,0.00105596624780446,0.0753638258902356,0.0122511480003595,6.55489610275254,0.00107095041312277,0.0358255467144772,0.00668552337447181,7.19397268333705,0.00736862493795343,1.62106136005605,0.00179251621011645,0.0971441434230655,0.0187110188417137,3.97245716530597,0.354892205679789,2.17525156860938,0.0224229216109961,0.0427906959084794,0.0513361452030949,0.0542700900114141,0.00503355707041919,0.0167296274448745,0.00597339123487473,0.0408501244382933,0.0433053461019881,1.39844267055742,0.106956932460889,0.158333342697006,0.251751213363605,1.02426885638852,0.0171344158588909,0.0122436485253274,0.0179751511896029,0.125855715130456,0.0312086757039651,0.0121089806780219,0.0057016157079488,0.0508315032930113,0.0024316108901985,0.016253019857686,0.00370971485972404,0.0152127407491207,0.0100481472909451,0.0160578079521656,0,0.00808176852297038,0.00345960899721831,0.0046199074422475,0.000527983123902231,0,0.00965212122537196,0.0593750008847564,0.059034825040726,13.8871170624043,0.0375131717592012,0.300816326373024,0.0211557297734544,0.997832867316902,0.012312238686718,0.848678614274831,0.0025025024660863,0.121983915480087,0.0964255991857499,0.334999125916511,0.273719967459328,2.26702857814962,0.13615022826707,1.15950286871521,0.0484375025262125,1.31496268050978,0.0173967068549246,0.337799939326942,0.146242030372377,0.679322753567249,0.00190536672016606,0.156603771087248,0.0064347474835813,0.40346841502469,0.0053776585846208,0.102366009843536,0.00964320191997103,0.183179209940135,0.00166297116084024,0.0536912761162966,0.00940275087486953,0.0220249845006038,0.463558773742989,0.0975609786109999
5.08602150063962,0.0338757878635079,0,0.454970575403422,3.26925051107537,0.216793893836439,17.0678592118784,0.340981848654337,0.505108704091981,0.0742247046437114,1.17854438954964,0.0745953532168642,3.41210149828112,0.216061960381921,0.531573162181303,0.0194303379394114,0.299236642196774,0.0127931767492555,11.0032610805065,0.436589622288011,0.0194351654499769,0.0114907776587643,6.52547660539858,0.938792404776905,0.615636929520406,0.187961992109194,0.264010637823958,0.0917678861878812,2.27473960028146,0.0895783257146832,5.17827289248817,0.489187892701011,6.4556643042597,0.329186214774381,0.0894144788617268,0.0137354435282759,0.321862867684104,0.0067010311759077,0.195185094955377,0.0168067218037322,0.109910469967872,0.00489446334540844,0.0023918675724417,0.000862998946104199,0.00955631406395696,0.000932618335355073,0.0267544761300087,0.00513428126578219,0.00611189476330765,0,0.0399113091698382,0.000825763854663819,0.00310077506583184,0,0.0308605331811123,0.0299884656560607,1.09390901363804,0.0217186021618545,0.370830731553724,0.00321156159043312,0.210140736453468,0.00897284541861154,0.0931692013982683,0.0100544616580009,0.0215792062226683,0.0030715225439053,0.421846805431414,0.0319456234574318,1.72543426312041,0.0764534091576934,1.48927483172156,0.40263690717984,2.33809291676152,0.0847414880990982,0.487125126644969,0.0334244908299297,0.507611651904881,0.120100501226261,0.0123800686560571,0.00245248316787183,0.109990105440374,0.0087214371887967,0.168224303168245,0.00473484862595797,0.087181581184268,0.00435097914305516,0.0184281838592142,0.00535931796184741,0.0305579397536349,0.00129743758589029,0.0722506387974136,0.165980368386954
0.0417229476734065,4.71330396246049,0.454970575403422,0,0.0277588170429226,2.66936021688161,0.215147626644466,17.8296969438088,0.0161216025298927,0.8293339368538,0.0240213521174155,1.07727654339396,0.0787647439574357,2.72362356889062,0.0169625241251197,0.290462994540576,0.00583613905473612,0.163084697473096,2.50561584136449,11.9340852572641,0.0298585658892989,0.0652400849503465,2.37807776269619,8.99906705401372,0.0358594319550321,0.308370047714561,0.0219114218489267,0.0997635922685731,0.0658484298037365,1.00196000130381,1.22615349505213,3.24813314445782,0.455058299994562,0.879145198967308,0.0305611226358451,0.00877645832952112,0.0332574024505448,0.0376844489073846,0.046946216665674,0.01356377164484,0.00318809773307294,0.0321560362353921,0.00360880541848019,0.0131782945245504,0.00162601622287184,0.0103863727417774,0.0185735509148799,0.013240293454146,0.000418497598730028,0.00457000400638208,0.00219160932465456,0.00186254430445842,0,0,0.0161290317191742,0.0412083108676597,0.0308131249621511,0.703299895743839,0.011584454390686,0.0675503931124695,0.00980392179917544,0.154621850233525,0.00814053125213832,0.104170599253848,0.000868998467922211,0.0318709420971572,0.0591966148931533,0.151638062729035,0.272419622167945,1.08713888464263,0.25804999677348,3.15954357211012,0.0661119864962529,1.07616926822811,0.0392054353142157,0.382075458532199,0.33406884688884,0.907880139711779,0.000532481353729963,0.0179561660625041,0.00501792097929865,0.075743052206235,0.0038314177072607,0.048431249888381,0.00406814133748412,0.0412398921616841,0.00142348752706312,0.0323974090861157,0.0141732285555918,0.00747272424632683,0.543115243315697,0.272134715574794
0.00768442580010742,0.00105596624780446,3.26925051107537,0.0277588170429226,0,0.192216983996332,0.30451201973483,0.0102622579433955,6.97915319725871,0.0282352929934859,0.0287852628389373,0.000985707272775471,0.310815303993877,0.00224550906568766,3.34746856312267,0.0244008721783757,0.0448113214224577,0,0.0119760483503342,0.00411663798149675,0.0774315381422639,0.0559179880656302,1.07352945825551,0.292083008680493,2.06320226832759,0.432432437315583,4.97975159157068,0.651257652672939,1.56107831606641,0.0230473754927516,3.12729024107102,0.276970968930982,0.0930050819879398,0.00299737718887627,0.00324411992914975,0,0.0232985900947824,0.00364520063158125,0.0122774706687778,0.00110375275835395,0.0796019937843084,0.00772946840152144,0.00215594685869291,0,0.00185099488589913,0.000973235990386456,0.00457142852246761,0.00212014128919691,0,0,0.00771562417503446,0,0.00122249394189566,0,0.00425381062086672,0.000673854432534426,0.014584803575417,0.000485436903545633,0.00848438125103712,0,0.00880460534244776,0.0019990005530417,0.00523834489285946,0,0.0054229935631156,0.000860585190821439,0.0082837175577879,0.00547795149032027,0,0.00130463147070259,3.07728889910504,0.0923976596677676,0.523696701973677,0.0231080292724073,0.0918462993577123,0.00378429517149925,0.046249297214672,0.0137457051314414,0.00601805420592427,0.00194552529137582,0.0262318321620114,0.00114318379200995,0.346570406109095,0.00402010045945644,0.0137066768365912,0.000429092469858006,0.0549450563266873,0.00641368282958865,0.00668337545357645,0,0,0.021668472327292
0.00958627637010068,0.0753638258902356,0.216793893836439,2.66936021688161,0.192216983996332,0,0.0974268345162272,1.55693353046081,0.149726104689762,12.1772723416798,0.00667779659852386,0.164672091603279,0.0646003257133998,0.480966325092595,0.0742302811704576,7.98980867117643,0.0216400920180604,0.0820713238790631,0.133235724759288,0.147899161092937,1.12957999389619,6.54545460641384,0.942714085103944,2.2126220894279,1.16576816828456,10.6765801431611,1.72093025199138,14.6087518490385,0.135579294583295,3.73699534451589,1.48078727535903,5.85311850649305,0.138984341290779,0.097471603716258,0.0587780335918069,0.0442553183529526,0.0283855693414807,0.779601383837871,0.016577857080847,3.13247878709808,0.00187793432269245,1.45936070731841,0.0316567011759616,0.156034134328365,0.0288158487528563,0.0945626467000693,0.014897579094395,0.186851213802584,0,0.0293144204770215,0.00596367556136101,0.00749063678085804,0,0.00577034021262079,0.0013884068466723,0.470937927835621,0.0125260963104665,0.0665071762050502,0.0196004520403221,0.0313390311785042,0.0185861275531352,0.0417273174971342,0.0101574405562133,0.0376923077274114,0.00420168088749051,0.0377516780281439,0.0576089699752629,0.163298296218272,0.0482996563659981,0.164469556300901,1.20091845653951,6.489265682525,0.0789473648183048,2.64656604384072,0.026619344134815,0.732318695401773,0.304418990621343,0.600221490720287,0.0075685903429985,0.0275735295144841,0.0104130513500422,0.0983422331046313,0.0100050028413534,1.56487805023789,0.00812850793590769,0.0741368341550697,0.00263852253556252,3.33505961345509,0.00602574663935229,0.0616232472821139,0.677148823626339,0.453713128110394
5.83093595225364,0.0122511480003595,17.0678592118784,0.215147626644466,0.30451201973483,0.0974268345162272,0,0.136998963091173,1.07754120114259,0.0396467113750987,1.51052220503334,0.0239675515331328,8.65718730649678,0.0843909680843353,1.09113211286603,0.0108963095990475,0.20546062279027,0.00334448151988909,1.26190869463608,0.122028527985094,0.0184104181535076,0.00671441346639767,2.05367197049782,0.430548622272909,0.107076154032256,0.0662760166451335,0.0523751534346957,0.0242498972511385,2.33940015593544,0.033112582314061,1.89687332170433,0.220552322716685,1.16829025134211,0.0821240139193833,0.0272255839663558,0.00532150792423636,0.136490252654767,0.00317397341132164,0.109474523924291,0.00614557322114706,0.0345454547787085,0.0013544017856475,0.00194237614050508,0.00069013109896332,0.00359971192665398,0.000733944936655462,0.0109634546970483,0.00257028103806078,0.0014773776056245,0,0.0236332583881449,0,0.00397535273805261,0,0.013513513666112,0.0176017603371292,0.668584914179519,0.00558882218319923,0.136940553493332,0.000976721436018124,0.212980458280072,0.00407709428691305,0.110482656542445,0.00202190398704261,0.0129795760731213,0.00069942296249792,0.122072196769295,0.0144762984418776,0.149142427835613,0.0251623376389034,0.811502830474637,0.169245838187635,1.62345070485026,0.0234100670786574,0.354101296979934,0.00898472615517676,0.387770886998624,0.0420151707949117,0.00591985424398445,0.00135654537007213,0.0987773498927709,0.000870321993716061,0.197225339536089,0.00185701021109708,0.123265114089008,0.000496524327900261,0.0243248807091732,0.00189897458767518,0.0283424002700485,0.000818889064248651,0.0228491492161993,0.0972672522766516
0.0334661371889524,6.55489610275254,0.340981848654337,17.8296969438088,0.0102622579433955,1.55693353046081,0.136998963091173,0,0.00652716457261704,3.45512579203933,0.0171545775374398,4.01237833502819,0.0467501152888872,7.7577006011561,0.00842176159494556,0.857625383679988,0.00789177024853416,0.203099945210852,1.85487450208166,3.94618566072313,0.0217716115876101,0.0336241757904645,1.82016194495372,2.15542714204639,0.0233663363324013,0.170656367437914,0.0178398287971504,0.078869923541788,0.0559999994002283,1.40258005104261,0.923508806386963,2.43788255902473,0.385125295637408,0.82795867061941,0.0358098372817039,0.0109681502217427,0.0121742440387607,0.0515933227725327,0.0216936253127642,0.0106656861898955,0.00215936088352464,0.0158764213847462,0.00655328447464854,0.0142691217770334,0.00172801112057641,0.008801267540548,0.00735882236040197,0.0192069396725856,0,0.0035205070162192,0.00165403168648481,0.00224502893979661,0,0.000377429707441479,0.0108577631181106,0.030937215546146,0.0208201088826172,0.948360427981243,0.010934233898297,0.0781299032096285,0.00668794655939564,0.273325047630351,0.00289069558493793,0.229646452702582,0.00146252289414406,0.0470588239841163,0.0424622774880845,0.125326369889081,0.202680957358098,0.537701124849264,0.181235866533825,2.63605704178917,0.0621001148829237,0.801194714964367,0.0285531643894501,0.20456971594831,0.20411187101854,0.504839921020903,0,0.0309411250054836,0.00620443606749177,0.151017546362709,0.00395327931619249,0.05413105385378,0.00412229463108815,0.0777120773564093,0.000393545837141573,0.0323812983988319,0.00498822249937803,0.0124371523561422,0.238053096458316,0.163112774083856
0.0373928854241967,0.00107095041312277,0.505108704091981,0.0161216025298927,6.97915319725871,0.149726104689762,1.07754120114259,0.00652716457261704,0,0.0170006065163761,0.260095023200847,0.00101214577443898,5.17344183800742,0.00458190136123449,21.7378206073772,0.0178412126842886,0.125380396610126,0.00206825230270624,0.0206185561255552,0.00209643604466692,0.0735586448572576,0.0647058861795813,0.267585421912372,0.142801094683819,0.72793582174927,0.287808135151863,1.99999992107041,0.499294797889888,4.5980180692859,0.020960699301213,1.21128147561103,0.196266668848693,0.0430965683190152,0.00688073417404667,0.00847457617055625,0.00188323913607746,0.036755386274308,0.00627746398095042,0.0241116746328771,0.00113700970541686,0.0189075639937073,0.0122199598699808,0.0109890112071298,0.00255536619806662,0.00189753319136798,0,0.0171073097735643,0.00144040328450501,0.00508388387970626,0.000999000971205533,0.0302013424225152,0,0.0189513573423028,0,0.0151734100654721,0.000686106330249459,0.0443068121967372,0.000983525882475078,0.0196850392967463,0,0.0344827596563846,0.00205338816158473,0.0247844826662913,0.00241254520369694,0.0100502507993951,0,0.0136482939124107,0.00500277924584225,0.0093945722328499,0.00405405415222049,2.72559848846868,0.107423051260412,1.00061159697361,0.0286054825410247,0.232741620391607,0.00597609579563141,0.147674418054521,0.0118133495561779,0.00211864407174289,0,0.110549130477011,0.00232153222896159,0.721102901734412,0.00516262254677713,0.0482785903732292,0.00173611112404615,0.162508914247155,0.00330033001955599,0.0209157725330442,0.00051559682469815,0.00475624250248075,0.0505747124552727
0.00201612897217274,0.0358255467144772,0.0742247046437114,0.8293339368538,0.0282352929934859,12.1772723416798,0.0396467113750987,3.45512579203933,0.0170006065163761,0,0.00333148241043091,0.0802675592713058,0.0228087324649096,0.809941526502371,0.0134736839681864,7.86011024570325,0.00454545440152287,0.037055095192045,0.0840643281117082,0.0960053708404303,0.137132683768868,0.436235697008669,0.422222232446074,0.93998500215821,0.227150537422858,2.53893693024293,0.214420065516606,1.35374590556603,0.0303527482319623,1.43913580710068,0.445275955833495,2.51706817932427,0.0442241720156744,0.0519575550570153,0.0200462600914761,0.0169635284692049,0.00353982299566269,0.135672512929887,0.00590667477808893,0.0916844371240586,0.00187090737745166,0.203821655362844,0.0105374082340859,0.0454361056908965,0.0107865168247372,0.0368098150938749,0.00223131274105981,0.0476848654216155,0,0.00849457271397114,0.00108313024975359,0.00299177272245288,0,0,0,0.0488126669079065,0.00602549253380857,0.0286806881194934,0.00677455798722804,0.00995732564479113,0.00331455084960908,0.0145278446143493,0.00101368478499353,0.0138248847797513,0,0.0100502511486411,0.0198624902986921,0.058142663910985,0.011805213522166,0.0513462756061926,0.233676987234503,2.43517463095486,0.0216894968179986,0.852367709157988,0.0141467731446028,0.226583401090465,0.124115399317816,0.173480655066669,0,0.0164835165487602,0.0041594454087317,0.0246982870157808,0,0.397273622453213,0.000773544772528112,0.0258201065298636,0,0.513695069239475,0,0.00850850838469341,0.116910232231021,0.162107404321432
4.08838971384102,0.00668552337447181,1.17854438954964,0.0240213521174155,0.0287852628389373,0.00667779659852386,1.51052220503334,0.0171545775374398,0.260095023200847,0.00333148241043091,0,0.00563380296807736,8.6342566520907,0.0108186079887673,1.66749585425714,0.00333889806643128,6.65887617482804,0.00862068944843486,0.362062747357413,0.0417771876091138,0.0206896550953388,0.00681430986151099,0.0670882611302659,0.0281169073423371,0.00262295082211494,0.00241691851988435,0.0220588243100792,0.0038167939055711,3.3939394983463,0.010638298059348,0.1774712659535,0.0226712672738358,0.183458648389205,0.0620938644278795,0.0149925041478127,0.00986842112615705,0.131639722036198,0.00801373762078583,0.126011557877064,0.00522739137522876,0.0940325520932674,0,0.0110957007855177,0.00159872102085501,0.00265251996461302,0,0.0286133533227257,0.00204708287492394,0.00754361134022474,0.000927643792238086,0.0541554953670129,0,0.0264824418118224,0.0011273956624791,0.030800822423771,0.0110785271972418,2.97472427578759,0.00947642722167075,0.170007428852841,0.00351000344380736,0.515389656124171,0.00570884859189391,0.785074663697742,0.00530102220363915,0.0503856062423438,0.000824742252007127,0.0575176582206041,0.0186567168566398,0.118840576673392,0.0391676872968674,0.421761098317802,0.0739922669017687,1.64449411060195,0.0141921399626881,0.36815068218857,0.0120898099849001,0.270010665757582,0.049810501979664,0.174863386899233,0.00354295829311013,1.22313488158397,0.00444444455206394,2.57843152503483,0.00478240079246461,0.324884792324156,0.00125997475697659,0.133590240031481,0.00202839751727879,0.052546045393683,0,0.0281407032161951,0.11328125
0.0339771930302959,7.19397268333705,0.0745953532168642,1.07727654339396,0.000985707272775471,0.164672091603279,0.0239675515331328,4.01237833502819,0.00101214577443898,0.0802675592713058,0.00563380296807736,0,0.00765155936824158,9.09168018348282,0.00147928996011615,0.633928583236411,0.0134035423398018,8.23277318879263,0.725611739326268,1.14268443896435,0.0192837468348444,0.0354706686921418,0.134385336656123,0.0994991675834171,0.00550357741303742,0.0297894184477627,0.00623700628057122,0.0472103003412485,0.0419226584490389,11.9904971653596,0.26428861846216,0.423093491757754,0.22493225382641,0.57217502547428,0.0381303805625066,0.0358090179506689,0.015810277312994,0.102010793052614,0.0178041534963995,0.0145124718546867,0,0.0588235307950526,0.00503778317943215,0.0336435209610499,0.00469851214438677,0.031045751995407,0.00397614331450313,0.0223394357599318,0,0.0106209151563235,0.000994530040770769,0.00266400258988142,0,0.000968054227996618,0.00871188577730209,0.0446295744040981,0.0288544365903363,2.24551300640451,0.0241125246975571,0.114613180048764,0.0191273167729378,0.518797001510393,0.00868809758685529,0.555063056061044,0.00536432722583413,0.075082813273184,0.0671992498100735,0.181503453699406,0.193056727526709,0.662513008806854,0.141686746501364,2.89966722251847,0.0432484384509735,2.87664778035833,0.0342465762514621,0.488275876734406,0.144044323358685,0.546984579123091,0,0.66995071945712,0.00808960822178051,0.563206599559635,0.00428816478233784,0.182962651597336,0.00654545438010246,0.129006725095678,0.00108166574500501,0.0697879864019342,0.00552208814769983,0.0106358379125595,0.477078487630934,0.11854103486985
1.82856057450408,0.00736862493795343,3.41210149828112,0.0787647439574357,0.310815303993877,0.0646003257133998,8.65718730649678,0.0467501152888872,5.17344183800742,0.0228087324649096,8.6342566520907,0.00765155936824158,0,0.0326651815557852,12.340760306397,0.00873362459242344,1.2548123873421,0.00476758042350411,0.412769112386741,0.0504201682051644,0.0296540355775505,0.0196560197509825,0.48807339448831,0.220599334454164,0.0902255612891167,0.0465275414753705,0.0875862095272169,0.0316901397309266,5.21293057780713,0.0220905171590857,0.906767362786923,0.110403396654874,0.289205716922879,0.0534918266348541,0.0122982319444418,0.00483091792557389,0.129333331948146,0.00464344950160012,0.143428956216667,0.00502986460924149,0.0699241771362722,0,0.0134874761570245,0.00212201592512429,0.0056657224195078,0.00175233639311045,0.0250375567702577,0.00190521555487067,0.0106226027710363,0,0.0484193673764821,0,0.0286189680336975,0,0.034844869223889,0.0129121516365558,1.05373666345258,0.00838039696100168,0.146390717709437,0.00291474378900602,0.353077274485258,0.00474777445197105,0.375228783523198,0.00358147866791114,0.0311235606204718,0.00216626049950719,0.0668960266921204,0.0135458169388585,0.0904733408824541,0.0220537558197975,1.32612263015471,0.114322828128934,2.36637226562016,0.0232258073519915,0.516420364554506,0.0123660347890109,0.47549329593312,0.0385232758708298,0.0287404900882393,0.00166875263676047,0.424343681370374,0.00410846347222105,1.39480052946601,0.00535873771877959,0.31593576958403,0.000995024893200025,0.150796457135584,0.000617283978499472,0.0653225796413608,0.00113186190719716,0.0309323900728486,0.138743456918746
0.0279352221696172,1.62106136005605,0.216061960381921,2.72362356889062,0.00224550906568766,0.480966325092595,0.0843909680843353,7.7577006011561,0.00458190136123449,0.809941526502371,0.0108186079887673,9.09168018348282,0.0326651815557852,0,0.00836570095270872,0.746922838035971,0.00658857979578897,1.05391994921956,1.45361375180073,1.72057700890582,0.0200477329781279,0.0464675215771422,1.15091865640716,1.22319956717547,0.0186991865630262,0.0841698825825006,0.0179197510587983,0.0725967297330499,0.0398826994933188,8.20361091289669,0.710610907699447,1.89811059983913,0.301529893884435,0.594332015840337,0.0449537253007293,0.014876801520586,0.0194975620834157,0.0686055168043822,0.0187617260962725,0.0147471911623143,0.00293973530642688,0.0231772097758949,0.00680806481977925,0.025021820445545,0.00563027837779373,0.0232934325467795,0.00983337848447263,0.0181065709330142,0,0.00905855710152537,0.000428724539233372,0.0021941855084151,0,0,0.00829660333693027,0.0429570417618379,0.0219406082760543,1.17028705484699,0.0126756682875566,0.0739957706537098,0.0120330909267068,0.372736240969971,0.00203735148534179,0.376398212043568,0.00138888892251998,0.0375000014319085,0.0538885497953743,0.129293791746022,0.18103161174804,0.445309452712536,0.159676232375205,4.20975980698131,0.0469897203147411,2.06288391747512,0.0332857831381261,0.321070237085223,0.25916696479544,0.527677942416631,0.00196753558702767,0.152131782379001,0.00777806562837213,0.275192942004651,0.00201680674217641,0.109054862405173,0.0039068857440725,0.101456905627856,0.00160513643641025,0.0474716184544377,0.00216122760321014,0.0152979067643173,0.315025920048356,0.192955595673993
0.260318841435947,0.00179251621011645,0.531573162181303,0.0169625241251197,3.34746856312267,0.0742302811704576,1.09113211286603,0.00842176159494556,21.7378206073772,0.0134736839681864,1.66749585425714,0.00147928996011615,12.340760306397,0.00836570095270872,0,0.0175084167858586,0.872205803752877,0.00300525920465589,0.0478040054440498,0.00334261846728623,0.245674731675535,0.0537757412530482,0.128235574811697,0.079340860247612,0.246784179762471,0.112157918920275,1.46146871894598,0.235787516343407,8.7261398700648,0.0152418827055953,0.825754793186206,0.129850171331782,0.055658629280515,0.0167464108671993,0.0157232698984444,0.00782122882083058,0.377276676299516,0.0155105557059869,0.0720486116479151,0.00321672693826258,1.10238099447452,0.00116959062870592,0.0387507239356637,0.00455136538948864,0.0112834982573986,0.00146520149428397,0.0648484852863476,0.00228245370090008,0.0170686455094256,0.000732600747141987,0.126394050661474,0.000608828035183251,0.074426653678529,0.000851788732688874,0.0915331766009331,0.00933296716539189,0.224116935627535,0.00333680910989642,0.0948592426721007,0.000584282795898616,0.140022055362351,0.00822122569661587,0.116873061750084,0.00248833582736552,0.0627233047271147,0.00133377790916711,0.0436315569095314,0.0152565876196604,0.018910740618594,0.00724637694656849,3.85659731633496,0.141719078586902,2.14388486294774,0.0540315895341337,0.301951772533357,0.019630484865047,0.253267976804636,0.0363486153073609,0.047846888191998,0.00117439811583608,0.728260836331174,0.00431241007754579,9.09104828559794,0.00975609757006168,0.344517457997426,0.00337331343325786,1.46597843884956,0.0078554596984759,0.197374585666694,0.0017364879604429,0.0101975779980421,0.0675844817887992
0.0113960116286762,0.0971441434230655,0.0194303379394114,0.290462994540576,0.0244008721783757,7.98980867117643,0.0108963095990475,0.857625383679988,0.0178412126842886,7.86011024570325,0.00333889806643128,0.633928583236411,0.00873362459242344,0.746922838035971,0.0175084167858586,0,0.0365180455846712,0.521541957277805,0.0708495939616114,0.134862901468296,0.306169969495386,1.51847574103158,0.142550658143591,0.39619748655241,0.1968314970145,0.995029341196641,0.248401822522283,2.33145546162268,0.0797889865352772,13.1865426367149,0.30076838209061,1.16814839490689,0.0839030445786193,0.0829326953971758,0.0655391111504287,0.099210818298161,0.0183406118885614,0.8286334053264,0.0183566431514919,0.764063153415918,0,0.949232559185475,0.0639163260348141,0.299346414045431,0.0475177289918065,0.212232872843742,0.0194884296506643,0.362281455192715,0,0.0633750939741731,0.0139925369876437,0.0232487008906901,0.00435729860328138,0.0162950261728838,0.00114942528307438,0.331403368734755,0.0232179224258289,0.108809375669807,0.0362853621481918,0.0405048426473513,0.0249169438029639,0.0699248127057217,0.0132398749701679,0.0756486420868896,0.0119856168748811,0.0945357045857236,0.109685980714858,0.348027839208953,0.0464231359073892,0.166058392846026,0.565570250153542,2.95230061165057,0.0579463127069175,3.12887038686313,0.0150637307669967,0.608391621848568,0.153782895882614,0.669438692857511,0.0060386472614482,0.143449916620739,0.0189655171707273,0.298220303957351,0.00923787499777973,4.81615716626402,0.0152618798892945,0.195488723693416,0.00283687940100208,2.6608695150353,0.00282352947397158,0.0675234131631441,0.376046378165483,0.160556263639592
1.92431884608231,0.0187110188417137,0.299236642196774,0.00583613905473612,0.0448113214224577,0.0216400920180604,0.20546062279027,0.00789177024853416,0.125380396610126,0.00454545440152287,6.65887617482804,0.0134035423398018,1.2548123873421,0.00658857979578897,0.872205803752877,0.0365180455846712,0,0.0517830972094089,0.150073206459638,0.0322689078748226,0.0500446832738817,0.0176522508263588,0.0150166845414788,0.00751314801163971,0.00673854432534426,0.00247831479646266,0.0188560655806214,0.0143696924205869,3.27526708005462,0.120682477718219,0.0421743211336434,0.0140845065470785,0.310805642337073,0.163429831794929,0.176334100775421,0.250212761457078,0.267297444632277,0.22508791834116,0.108940203674138,0.0320512836333364,0.10704225639347,0.0182648398913443,0.209637710009702,0.149532712064683,0.141377757943701,0.159810872923117,0.099068900977727,0.0975778560969047,0.181730769400019,0.024586288142018,0.605584145640023,0.00524344574660063,0.211084908805788,0.00346220412757248,0.103436310077086,0.0911492763552815,7.01461393386126,0.0497607649303973,0.692046729731373,0.0427350425161421,1.3474942476023,0.0640465803444386,3.25952267448884,0.0230769230984151,0.283613459905609,0.0494966445257887,0.421106276102364,0.405820518324617,0.170527358190157,0.105461394879967,0.396096431650221,0.0858757081441581,1.57780313165858,0.0982691189274192,0.315882883733138,0.0286481641232967,0.699399903183803,0.581395355402492,2.23273415118456,0.0386029413202778,7.49462015833706,0.0657488072756678,3.97798912972212,0.0556097561493516,0.731565714231692,0.041516627126839,0.299472307786345,0.0258933199802414,0.133662016363814,0.0125250502605923,0.0670859515666962,0.0590030525345355
0.0305522908456624,3.97245716530597,0.0127931767492555,0.163084697473096,0,0.0820713238790631,0.00334448151988909,0.203099945210852,0.00206825230270624,0.037055095192045,0.00862068944843486,8.23277318879263,0.00476758042350411,1.05391994921956,0.00300525920465589,0.521541957277805,0.0517830972094089,0,0.105855111032724,0.2075933808228,0.0198581553995609,0.0519662926672027,0.02778492460493,0.0250592613592744,0.00338028185069561,0.0188976377248764,0.00850159395486116,0.0439077941700816,0.0976146765751764,14.8247962740716,0.0610309266485274,0.102676610753406,0.320274907862768,0.296026494994294,0.148989898851141,0.0845839022658765,0.0100908172316849,0.134201304288581,0.0111111116129905,0.0277392502175644,0.00294985249638557,0.0620490619912744,0.00701978284632787,0.05305232538376,0.00796178355813026,0.0640066522173584,0.0040322580607608,0.0226343907415867,0.00168705184478313,0.0191188701428473,0.00854271347634494,0.0101317118969746,0.0010065424721688,0,0.00126103404909372,0.071105754817836,0.0930030404124409,4.65667628624942,0.0923913060687482,0.17941271152813,0.0774818435311317,0.562074818415567,0.0309734512120485,5.65824957622681,0.00911161710973829,0.23551401856821,0.199335546931252,0.540729649597779,0.149999999441206,0.733545685303397,0.151500240201131,1.33818536810577,0.0735654757590964,3.1171949126292,0.0197461219504476,0.333806828130037,0.136534837365616,0.395803538849577,0.0148367951624095,11.1312543042004,0.040983606595546,5.22649329080014,0.00698689976707101,0.550192207098007,0.0179552954214159,0.253391860023839,0.00332042074296623,0.12781278451439,0.00304413994308561,0.0345552178332582,0.355020087677985,0.0753532201051712
3.13076917445869,0.354892205679789,11.0032610805065,2.50561584136449,0.0119760483503342,0.133235724759288,1.26190869463608,1.85487450208166,0.0206185561255552,0.0840643281117082,0.362062747357413,0.725611739326268,0.412769112386741,1.45361375180073,0.0478040054440498,0.0708495939616114,0.150073206459638,0.105855111032724,0,12.8610473860754,0.0295942724915221,0.0464675215771422,8.5363081190153,1.06432106159627,0.0341463406803086,0.0362934356089681,0.0163615118362941,0.0382927805185318,0.563049875199795,0.568807365605608,3.19999988842756,2.37112003122456,12.6225309268339,6.18623515125364,0.401939190924168,0.105997210834175,0.173228340048809,0.0171513792010956,0.157598499208689,0.0217696631443687,0.0950514415744692,0.0328343805158511,0.00104739458765835,0.00814663921482861,0.00125117297284305,0.00776447751559317,0.021851952187717,0.0150025873444974,0,0.00194111937889829,0.00857449078466743,0.00164563913131133,0.00224550906568766,0.00073827983578667,0.0383717904333025,0.0454545441898517,0.530357462121174,0.218386347987689,0.1791127040633,0.0280126846046187,0.0967661062022671,0.0612446473678574,0.0461799670010805,0.0536912754178047,0.00555555569007993,0.0142857148312032,0.515207195770927,0.445487520075403,13.3603991699638,3.58972357772291,1.68727004993707,2.8747269823798,1.13950071763247,0.8030357506359,0.263433197978884,0.41758242144715,0.655749380704947,1.68727538263192,0.0029513033805415,0.0155038759112358,0.0357791018905118,0.0476295476546511,0.0423529415857047,0.0356906822416931,0.0319062335765921,0.0200105315598194,0.00561797752743587,0.0158238728181459,0.0280959588417318,0.00483091792557389,0.954404185409658,0.40632977290079
0.178661013778765,2.17525156860938,0.436589622288011,11.9340852572641,0.00411663798149675,0.147899161092937,0.122028527985094,3.94618566072313,0.00209643604466692,0.0960053708404303,0.0417771876091138,1.14268443896435,0.0504201682051644,1.72057700890582,0.00334261846728623,0.134862901468296,0.0322689078748226,0.2075933808228,12.8610473860754,0,0.0504704884951934,0.073129250202328,1.40602286643116,1.33676889084745,0.00961894198553637,0.0261207193252631,0.0142348755616695,0.0603636348387226,0.106214069761336,0.745996661076788,1.13212043524254,1.21546612173552,2.47524744190741,2.52634257922182,0.0788216572254896,0.0292397665907629,0.0646048097405583,0.0512820508447476,0.0907840447034687,0.0232934325467795,0.0105078807100654,0.0484010381624103,0.00295420980546623,0.0124999994295649,0.00348837208002806,0.0155968801118433,0.0338114735204726,0.0228766116779298,0,0.00599880004301667,0.00366748156375252,0.00154281308641657,0.000686106330249459,0.00135501357726753,0.0326829268597066,0.0607487626257353,0.120795655297115,0.669383214029949,0.049070245877374,0.0571144753484987,0.0293005678104237,0.117682926938869,0.0213299872120842,0.0963603020645678,0.00256163952872157,0.0244240916799754,0.254764685523696,0.402434078976512,3.79802949121222,5.48790890537202,0.601823686680291,3.22582806204446,0.17054263438331,1.48305641720071,0.0861040080781095,0.775684925727546,0.539973805658519,2.15999996272149,0.00263620389159769,0.0286085824482143,0.0112195122055709,0.0690665534057189,0.00870105647481978,0.0654634472448379,0.010021923109889,0.0323232309892774,0.00292504578828812,0.0444444426102564,0.0217659145127982,0.00460564205422997,1.36033136153128,0.460490476456471
0.0228434028103948,0.0224229216109961,0.0194351654499769,0.0298585658892989,0.0774315381422639,1.12957999389619,0.0184104181535076,0.0217716115876101,0.0735586448572576,0.137132683768868,0.0206896550953388,0.0192837468348444,0.0296540355775505,0.0200477329781279,0.245674731675535,0.306169969495386,0.0500446832738817,0.0198581553995609,0.0295942724915221,0.0504704884951934,0,4.93145146593451,0.131125383893959,0.0661728393752128,4.40850046765991,3.01330599188805,3.63102712854743,3.82550337351859,1.04618813376874,0.232163074542768,3.27321322984062,1.66987410653383,0.0272452065255493,0.0200764816836454,0.0121951214969158,0.0297397766262293,0.193548385519534,0.0804490172304213,0.117870721500367,0.116599188186228,3.10747653711587,0.165938867256045,0.00815956480801105,0.0230263159610331,0.0050505050458014,0.0257104184711352,0.0185546875,0.0390590333845466,0.00138600135687739,0.00676589959766716,0.00327654008287936,0.000983767793513834,0,0.00364963500760496,0.0311942951520905,0.0460058558383025,0.0255851919646375,0.0208862541476265,0.0218253980856389,0.0055274065816775,0.0117845115019009,0.00702247198205441,0.0120120123028755,0.0152827310375869,0.00631412770599127,0.0125930162612349,0.0158247102517635,0.0364346140995622,0.0244252872653306,0.0836820062249899,5.57104075024836,2.4254192635417,0.606660681427456,0.46447140397504,0.1102040768601,0.408333354629576,0.292642138083465,0.275449106702581,0,0.0177383590489626,0.0445632787887007,0.0136892544105649,2.18355356587563,0.120311390492134,0.0437086080783047,0.00930460309609771,0.270762221422046,0.143740335479379,0.0358327806461602,0.00596125202719122,0.706624619662762,0.895953737199306
0.00598623184487224,0.0427906959084794,0.0114907776587643,0.0652400849503465,0.0559179880656302,6.54545460641384,0.00671441346639767,0.0336241757904645,0.0647058861795813,0.436235697008669,0.00681430986151099,0.0354706686921418,0.0196560197509825,0.0464675215771422,0.0537757412530482,1.51847574103158,0.0176522508263588,0.0519662926672027,0.0464675215771422,0.073129250202328,4.93145146593451,0,0.0612176227732562,0.0863168248906732,1.0569105448667,1.52573156543076,0.764462777879089,13.5903078131378,0.27056873717811,0.456179779954255,1.40701520966832,2.12161176372319,0.0410821648547426,0.0398860388668254,0.0268656718544662,0.0326086962595582,0.0318352063186467,1.18744230666198,0.0506566604599357,6.06885496643372,0.00904977414757013,2.97881356487051,0.0126126129180193,0.068552772863768,0.0112640802981332,0.0495978568214923,0.00484966061776504,0.0741067479830235,0,0.00938337831757963,0.00456621014745906,0.00390815827995539,0.00372786587104201,0,0.0106288748793304,0.195426202262752,0.0130151845514774,0.0590385147370398,0.022660099202767,0.0146453091874719,0.0100418413057923,0.0403337974566966,0.0118870725855231,0.024279210716486,0.00780640111770481,0.027257239446044,0.033333333558403,0.0874352309620008,0.0583214787766337,0.162886603968218,3.73369083425496,7.1142110042274,0.160000001778826,0.791095884516835,0.150793659500778,1.31578950677067,0.295867768698372,0.598478440660983,0,0.0215053767897189,0.0186005310388282,0.0279291549231857,0.0247093022335321,0.503153448109515,0.00572183087933809,0.0253782332874835,0.00671892520040274,1.53058109071571,0.00792602403089404,0.0249332136008888,5.55891238152981,0.966666690073907
0.0613370083738118,0.0513361452030949,6.52547660539858,2.37807776269619,1.07352945825551,0.942714085103944,2.05367197049782,1.82016194495372,0.267585421912372,0.422222232446074,0.0670882611302659,0.134385336656123,0.48807339448831,1.15091865640716,0.128235574811697,0.142550658143591,0.0150166845414788,0.02778492460493,8.5363081190153,1.40602286643116,0.131125383893959,0.0612176227732562,0,9.06752570069511,3.04753317177529,0.599884206661955,0.722238432092126,0.21536637051031,0.302760871243663,0.567051602178253,10.2375434844289,6.32392879296094,6.33146449574269,1.39198951888829,0.55473988346057,0.106135988608003,0.0356839410960674,0.014100395492278,0.0187021816964261,0.00377155171008781,0.00137693632859737,0.0047700172290206,0.00256245990749449,0.00930016278289258,0.0044324059272185,0.0070796461077407,0.00265193375525996,0.00845665985252708,0,0.00202275603078306,0.00325556157622486,0,0,0.000559753680136055,0.00847278104629368,0.00739523424999788,0.0812875950941816,0.0504983367864043,0.0547518371895421,0.0111876074806787,0.0247269723331556,0.0184568061958998,0.0105014443397522,0.0220720726065338,0.00320512836333364,0.0160984853282571,0.240846777916886,0.145559357129969,0.476092005847022,0.226041374495253,0.44835285510635,1.99667588644661,0.202898556133732,0.306802539969794,0.0444893828826025,0.0716942875878885,0.289681470021605,0.297312136390246,0.000690369342919439,0.0109289614483714,0.0135564496740699,0.017781070433557,0.0166710074990988,0.0205655535683036,0.00742115039611235,0.0115835996693932,0.00297973776469007,0.0143198089208454,0.00473502083332278,0.000685871054884046,0.0866141709848307,0.146652495721355
0.0114989737048745,0.0542700900114141,0.938792404776905,8.99906705401372,0.292083008680493,2.2126220894279,0.430548622272909,2.15542714204639,0.142801094683819,0.93998500215821,0.0281169073423371,0.0994991675834171,0.220599334454164,1.22319956717547,0.079340860247612,0.39619748655241,0.00751314801163971,0.0250592613592744,1.06432106159627,1.33676889084745,0.0661728393752128,0.0863168248906732,9.06752570069511,0,1.40920506324619,1.1611111270613,0.203444135375321,0.221583913662471,0.142514972598292,0.757932933163829,2.51447379193269,4.76157569210045,0.562836907804012,0.231636870477814,0.0909504306036979,0.0240269102505408,0.0123219098895788,0.0145482393563725,0.0138728324091062,0.00287976954132318,0.00405885325744748,0.00799600221216679,0.00266737799393013,0.0130680137081072,0.00191877200268209,0.00860642193583772,0.00111389590892941,0.0110642777290195,0.000669792352709919,0.00331016228301451,0.00130576710216701,0.0016778523568064,0,0,0.00158436759375036,0.00915099098347127,0.00958405216806568,0.0460086525999941,0.00618151179514825,0.00376952055376023,0.00765501405112445,0.0101112233824097,0.00278260861523449,0.0142612669151276,0,0.00425531895598397,0.0265065226703882,0.0385531742067542,0.0708688274025917,0.0584233689005487,0.235649546608329,2.49551569100004,0.0768651076359674,0.439747883065138,0.0324643371859565,0.102817592211068,0.243884632713161,0.225663715973496,0.00101884873583913,0.0080240722745657,0.00211249012500048,0.0156774913193658,0.00963855430018157,0.0290933682699688,0.00197595910867676,0.00888572976691648,0.000825763854663819,0.0183292209403589,0.00351108191534877,0.00204164971364662,0.0688172057271004,0.171519324649125
