0,0.102508572046645,9.66162185557187,0.113778364437167,0.0640311822644435,0.0148719364078715,9.23873233096674,0.0825847619853448,0.191742089751642,0.01427786948625,7.01752492506057,0.045006321684923,5.59439138378366,0.0461873651947826,0.536176319641527,0.0123544783564284,2.92520012700697,0.0378532527247444,2.96556214179145,0.263374493457377,0.0402859002351761,0.01756097614998,0.146703806676669,0.0630731370183639,0.00532072107307613,0.00450577307492495,0.0159000563435256,0.00466472283005714,3.64792630996089,0.0672740014269948,0.333843003027141,0.0668220657971688,4.1641167079797,0.341271572600817,0.0511241136700846,0.0162284966791049,0.864987285807729,0.0178970918059349,0.797233784629498,0.018018017639406,0.496330899652094,0.0131319765932858,0.021869640389923,0.00228571429033764,0.0103908950113691,0.00352024124003947,0.0930130023916718,0.0175927912641782,0.0228774774586782,0,0.118581451271893,0.000445831479737535,0.0262496506329626,0,0.102045210369397,0.0544245931669138,15.3160017688642,0.0643740495434031,0.516400692868046,0.00611620815470815,1.16276154119987,0.0122605366632342,1.39378244231921,0.00958904094295576,0.288724961690605,0.00284360186196864,0.353649889060762,0.0778410140192136,5.67473526316462,0.356958380667493,1.39110859204084,0.264421751431655,5.70856208953774,0.0736528569832444,1.03187646658625,0.0308702782494947,1.26023706427077,0.249310522805899,0.0810361984185874,0.00264026410877705,0.971093255211599,0.011918063275516,0.726134550757706,0.00516262254677713,0.747621868358692,0.00649752464960329,0.111822947859764,0.00370076642138883,0.155118543480057,0.00105932203587145,0.129076552111655,0.254185183206573
0.102508572046645,0,0.044591853977181,7.41835849313065,0.00288267503492534,0.136259973514825,0.0203030304401182,4.70747889240738,0.0041019631898962,0.0608127297018655,0.0113346555735916,7.86377887957497,0.0137557311973069,1.82225201948313,0.00296223163604736,0.162995592341758,0.0628571421839297,4.13444020680618,0.356030254624784,3.01735640794504,0.037901861127466,0.117208674433641,0.0699353874661028,0.0855565752717666,0.00674846622860059,0.019253209058661,0.00706090056337416,0.0544299994362518,0.0934313498728443,1.76190479579964,0.16574586450588,0.100053500907961,0.513958469149657,1.07543784091831,0.0537772094830871,0.0297498302534223,0.049266864079982,0.309875480597839,0.0744559027953073,0.0673788033309393,0.0173913038452156,0.0889497116440907,0.00880863226484507,0.0178739415132441,0.00510334270074964,0.0212765965261497,0.0181241508107632,0.0299691502004862,0.00104959332384169,0.0056744905305095,0.00642600638093427,0.000916800345294178,0,0,0.0119416188681498,0.124920060072327,0.152765885402914,10.274394613778,0.0391888815211132,0.15218854919658,0.0339274222205859,1.10495775239542,0.0283649984630756,0.673713896947447,0.0119793089106679,0.105931169149699,0.231479810143355,0.666040571231861,0.814988246303983,3.84711471520131,0.22908773511881,1.11828570230864,0.094291394460015,1.65154068940319,0.0308219186263159,0.317590702325106,0.411256638471968,0.84042252227664,0.0200831019319594,0.180942545703147,0.0317105854628608,0.51686677755788,0.00862301234155893,0.106638227589428,0.0142316427081823,0.346317621006165,0.00120809418149292,0.0453551929094829,0.00977811223128811,0.0350117305933964,0.763440834707581,0.280313845141791
9.66162185557187,0.044591853977181,0,1.07674266194226,5.18803925090469,0.52260450925678,16.166439663677,0.827637030713959,1.46171825093916,0.380385492753703,1.56755235767923,0.100494663172867,4.72228009311948,0.359696161031025,0.915270963450894,0.0957265014294535,0.707893989630975,0.0165642525535077,12.1567844061356,0.576060406077886,0.0357624819735065,0.0445795323466882,9.23695690580644,1.59697036142461,0.698072834638879,0.247308690450154,0.123826292867307,0.13932448887499,3.98722192912828,0.210223180765752,6.45564302057028,0.801174286345486,8.49190467095468,0.312345949612791,0.158953085134272,0.00471857091179118,0.541093907668255,0.038128248299472,0.363896028604358,0.0174863394349813,0.225381422205828,0.00477489770855755,0.0131868134485558,0.00375498714856803,0.00712830992415547,0.00414185877889395,0.0624010870233178,0.00879700877703726,0.00785340322181582,0.00102933612652123,0.0475471697864123,0,0.0178828957723454,0,0.0481129980762489,0.0310638292285148,1.08926133092609,0.0304024873767048,0.186903134890599,0.00313620071392506,0.151307328429539,0.011049724300392,0.18045916093979,0.00984528812114149,0.0651819678023458,0.000487092067487538,0.177215182920918,0.0296268511156086,1.66095541941468,0.0854345932602882,1.45930232014507,0.927329727157485,3.4844192879973,0.129086337634362,0.445203145733103,0.0320709650404751,0.662590317893773,0.145785883069038,0.0214014496305026,0.00548696843907237,0.333407625206746,0.014840182790067,0.511290333175566,0.0191489355638623,0.19262172022718,0.010708661575336,0.100000002072193,0.0147179063642398,0.0668293603812344,0.00360360369086266,0.108610215131193,0.206185560673475
0.113778364437167,7.41835849313065,1.07674266194226,0,0.0498753099236637,4.56260787887732,0.528497421270004,16.7931700108165,0.0576631254516542,2.05024636699818,0.0545454535167664,1.86370915544103,0.334519567491952,2.64856225345284,0.0601045302464627,0.548951811215375,0.0395941594615579,0.33590642438503,1.77874877833528,9.94160884863231,0.0594965647906065,0.154022336821072,2.09581243281718,13.5921454860945,0.0720862966263667,0.58352232829202,0.0421319807646796,0.252079003839754,0.241277842491399,1.31347096821992,1.5048364418617,1.23346578024211,0.950126789975911,0.452052052045474,0.043656206689775,0.0148613892961293,0.0637813189532608,0.162744119006675,0.116538563743234,0.0548664123925846,0.0257611230481416,0.0571593529894017,0.0059031875571236,0.0258710611378774,0.00986547057982534,0.0250284415960778,0.0217961658490822,0.0417404986801557,0.00137867647572421,0.00407424170407467,0.00240054869209416,0.00163132138550282,0.00200050021521747,0,0.0209362036839593,0.0863914401852526,0.0579937311704271,0.733111867302796,0.0117647059378214,0.0244195351551753,0.0111581379605923,0.216016620048322,0.0112201964948326,0.152146723849,0.00427147600566968,0.0254420016717631,0.0732431517681107,0.147996592102572,0.440693427168299,0.769151893735398,0.362034239340574,3.44766143511515,0.18956179585075,1.25273654703051,0.0641433115233667,0.32746172620682,0.494915239862166,0.849159209814388,0.00583260436542332,0.062064963101875,0.0215182303218171,0.184519696631469,0.0244590778602287,0.125349489913788,0.00979568940238096,0.136878810095368,0.00519210821948946,0.0718876438622829,0.0180918250407558,0.024662940268172,0.821975374012254,0.430493289604783
0.0640311822644435,0.00288267503492534,5.18803925090469,0.0498753099236637,0,0.422065440681763,0.369812952703796,0.0207039338420145,15.5819667850155,0.131210193037987,0.0455696205608547,0,0.208494204562157,0.00794281193520874,4.00095138815232,0.0664482901338488,0.122501607984304,0.00224089645780623,0.0605108076706529,0.0055009825155139,0.149105361197144,0.137587240431458,3.29308791726362,0.246769480872899,5.35621679283213,0.569303569849581,5.04413808253594,1.08247423020657,2.35802461998537,0.037120868859347,10.2613388181198,0.233650080976076,0.31400534324348,0.0039920158451423,0.0340425525791943,0.00396432122215629,0.0876112282276154,0.00930851034354419,0.0246273482916877,0.00587544054724276,0.438444912666455,0.00205338816158473,0.00617283955216408,0.000868432456627488,0.00203045690432191,0.00104986876249313,0.0259634889662266,0.00617999210953712,0.0010741138830781,0.00103734445292503,0.0185517646605149,0,0.00927766773384064,0,0.0225417804904282,0.00364697305485606,0.051413883920759,0.00104411377105862,0.0155737705063075,0,0.0295420968905091,0.00108518719207495,0.0246085012331605,0.00259965338045731,0.0197215770604089,0,0.0134378504008055,0.00711111095733941,0.00739176373463124,0.00141542812343687,3.5843453630805,0.132817532867193,0.868956745835021,0.0246761250309646,0.115345010533929,0.0164439883083105,0.0780487805604935,0.0180180182214826,0.0191693287342787,0,0.120205611921847,0.00303214066661894,0.69012489169836,0.0122086574556306,0.0897766335983761,0.00364298722706735,0.207048455136828,0.0257159548345953,0.0279014533152804,0.00111358577851206,0.00713436375372112,0.014035087544471
0.0148719364078715,0.136259973514825,0.52260450925678,4.56260787887732,0.422065440681763,0,0.19402984471526,2.35448764194734,0.219560871482827,15.7899314856622,0.0210006181150675,0.143600423354656,0.109418279491365,0.359014472924173,0.0737972899223678,9.3639706231188,0.0238993706880137,0.0866228076629341,0.226006185635924,0.267027856316417,1.0430621879641,7.01151612377726,1.32159909611801,4.13043479318731,1.30814814555924,12.8669303075876,2.15580925403628,19.9012163778534,0.179453835356981,3.34252666315297,3.1919619392138,3.10065649123862,0.160455941339023,0.0550314446445554,0.0658978568390012,0.0362595421029255,0.0266666663810611,1.25599476287607,0.0252844509668648,2.60310169798322,0.00621761684305966,2.38104653405026,0.0266058539273217,0.106746367237065,0.0308611247455701,0.102880655322224,0.0199680507648736,0.182648403570056,0.00210415571928024,0.0142348748631775,0.00532386847771704,0.00407664076192304,0,0,0.0022970904246904,0.894642228726298,0.0178162378142588,0.0863049059989862,0.00968132307752967,0.0102161103859544,0.0131052061915398,0.0541976614622399,0.010946907568723,0.0366425212705508,0.00794100959319621,0.034750800114125,0.0692328976583667,0.161687172017992,0.0682876389473677,0.196969699813053,1.25312299875077,5.17735840799287,0.104283058550209,1.46506027132273,0.0356435654684901,0.592885399237275,0.217986892559566,0.682988081127405,0.0102249486371875,0.0541624878533185,0.0116822426207364,0.14504045189824,0.0199888944625854,2.92558398819529,0.00851970165967941,0.190024820505641,0.0128479655832052,4.12799995578825,0.0017605634056963,0.160837238188833,1.06818178435788,0.344519017264247
9.23873233096674,0.0203030304401182,16.166439663677,0.528497421270004,0.369812952703796,0.19402984471526,0,0.448687368072569,0.763438499066979,0.14167198431096,2.88176599715371,0.0466693262569606,11.5622070624086,0.162506634020247,0.897764213819755,0.036826118681347,0.442118737846613,0.00813669641502202,1.09055668508518,0.236786459572613,0.0154701471328735,0.0135462024481967,1.90657984724385,0.741048795520328,0.0720396218821406,0.0798264641780406,0.0336171136295889,0.0409890833543614,3.65178734029178,0.101498128380626,1.89363836869597,0.369918690703344,1.13083938963246,0.0965223573148251,0.0241523451404646,0.00386473420076072,0.142857144353911,0.0120819852454588,0.0971330750617199,0.00372439468628727,0.0428888350725174,0.00389768579043448,0.0111829461529851,0.00294442404992878,0.00431287992978469,0.000794281193520874,0.0350250189076178,0.00384615399525501,0.00520729029085487,0.000395335053326562,0.0364591387333348,0,0.0172413792461157,0,0.028050490655005,0.0078324539354071,0.610169492138084,0.0109164037276059,0.0588763242121786,0.000709597312379628,0.158931324724108,0.0052271812746767,0.224842450959841,0.00367714645108208,0.0498455195920542,0.00113657891051844,0.0375951072201133,0.0116815245128237,0.0955223897472024,0.0237676051910967,0.584435303346254,0.434856884181499,1.81841383350547,0.0744949477084447,0.186250610044226,0.0121832359582186,0.315657088853186,0.0644610460731201,0.0196560192853212,0.00293470302131027,0.285159003396984,0.00746616907417774,0.461475593707291,0.00608149202889763,0.231154475477524,0.00717798736877739,0.0823503242281731,0.00454357691342011,0.0495384606474545,0.000594972458202392,0.0402819737792015,0.0702458608429879
0.0825847619853448,4.70747889240738,0.827637030713959,16.7931700108165,0.0207039338420145,2.35448764194734,0.448687368072569,0,0.0272308336570859,6.08360656304285,0.0453987738874275,4.37897176772822,0.258483531535603,8.20761817897437,0.0358462672447786,1.81788141702418,0.0296235338319093,0.365456319705117,1.71545693697408,4.02835198282264,0.0384615387010854,0.08254115562886,2.07066293188836,3.88929769938113,0.0229387582221534,0.216746714373585,0.0281512607762124,0.290488430997357,0.17174614436226,1.8325783269247,1.08213869458996,1.02490686258534,0.699207472120179,0.297162515111268,0.0334448151988909,0.0148182446137071,0.0276671551982872,0.180722885706928,0.0387389233219437,0.0411013568227645,0.00944287050515413,0.0266106443305034,0.00779396813595667,0.022091572987847,0.00909090880304575,0.0210930015600752,0.00692640664055943,0.0379725364036858,0.000386697589419782,0.00420007624779828,0.00180396874202415,0.00174703003722243,0.00166009541135281,0,0.00611932680476457,0.0680766716832295,0.0422222232446074,0.972132776485523,0.0107826083840337,0.0130674003739841,0.00897308063576929,0.255385207186919,0.00510003909585066,0.243503027362749,0.00119189510587603,0.0212532068253495,0.0560883446887601,0.130142103298567,0.160261335026007,0.423883115960052,0.20701168011874,2.44023859940353,0.10897173214471,0.92273371774354,0.028965195058845,0.139154796139337,0.261010109039489,0.388569081842434,0.00517768884310499,0.0895032815169543,0.0150710738962516,0.276937057933537,0.016561514523346,0.118544599710731,0.0110469500068575,0.191378864983562,0.00385273969732225,0.0633339952910319,0.00568947443389334,0.0272384829004295,0.321850158157758,0.207442975603044
0.191742089751642,0.0041019631898962,1.46171825093916,0.0576631254516542,15.5819667850155,0.219560871482827,0.763438499066979,0.0272308336570859,0,0.0937912843655795,0.22703411988914,0.00328407227061689,2.85714277415536,0.00893582456046715,30.0948191313073,0.0115329169202596,0.457525071920827,0.00115673802793026,0.0594616322778165,0.0088388912845403,0.0568421026691794,0.0422386499121785,0.902057092462201,0.164746054448187,0.769721127231605,0.25158116442617,0.751793404575437,0.387096773833036,5.17088620597497,0.0130051089217886,3.16035643941723,0.159261389868334,0.142726440215483,0.00898325874004513,0.0196604112861678,0.00419727154076099,0.0868327409261838,0.00552486209198833,0.0484196352772415,0.00364520063158125,0.114942528307438,0,0.0252365935593843,0.00178015127312392,0.0052246602717787,0.00108166574500501,0.0987961800419725,0.00236873264657333,0.0132890366949141,0,0.0645161264110357,0,0.0399174130288884,0,0.0611839487683028,0.00074460165342316,0.104329676833004,0.00105960259679705,0.0369127518497407,0,0.0565610869671218,0.00447677681222558,0.0831408770754933,0,0.0851318964269012,0,0.0170648458879441,0.00602591142524034,0.0239390635397285,0.0117907151579857,3.37026645219885,0.0909698973409832,1.51187341287732,0.0127795524895191,0.242622959660366,0.00436204997822642,0.162878787727095,0.0267022708430886,0.0838052073959261,0,0.445612616022117,0.00123380625154823,1.59320042200852,0.00801832799334079,0.280000005965121,0.0018450184725225,0.612557446584105,0.0048338370397687,0.1207364955917,0,0.0101910829544067,0.0475594501476735
0.01427786948625,0.0608127297018655,0.380385492753703,2.05024636699818,0.131210193037987,15.7899314856622,0.14167198431096,6.08360656304285,0.0937912843655795,0,0.00613496929872781,0.0858768792822957,0.0931355668581091,0.655763219110668,0.0529739771154709,9.52994968392886,0.0137414122000337,0.0599455070914701,0.166473988909274,0.168015414732508,0.206439400091767,0.735042716260068,1.00802851666231,2.08248270791955,0.296840554801747,3.89535627886653,0.454666661797091,4.78267059708014,0.117342540528625,1.32625053473748,1.23659299314022,1.69983694434632,0.0706806289963424,0.0297455979743972,0.0228571428451687,0.0509915007278323,0.0145598939852789,0.265122268116102,0.0163214063504711,0.150684925261885,0.00819672085344791,0.1875,0.017411052249372,0.0339991506189108,0.0128712875302881,0.0378516629571095,0.0159045727923512,0.0735126929357648,0,0.00910010130610317,0.00294811325147748,0.00162337662186474,0.00128287367988378,0,0.00152497144881636,0.10243553383043,0.00812182761728764,0.0484411240322515,0.000803212868049741,0.00625978084281087,0.00362581573426723,0.019017431885004,0.00435255700722337,0.0195080577395856,0.00225479132495821,0.0136487715644762,0.0281612359103747,0.0583941582590342,0.0380658424692228,0.0806561829522252,0.375979118049145,2.13366654887795,0.0665844620671123,0.681029296247289,0.0215475019067526,0.170087976381183,0.147928993101232,0.195760605158284,0.00202224473468959,0.0277777793817222,0.0100814269389957,0.070489842328243,0.0132450331002474,0.535637134686112,0.00297492567915469,0.0576316975057125,0.00424929172731936,0.541737633990124,0.00116993277333677,0.0345963760628365,0.136924809776247,0.209944741800427
7.01752492506057,0.0113346555735916,1.56755235767923,0.0545454535167664,0.0455696205608547,0.0210006181150675,2.88176599715371,0.0453987738874275,0.22703411988914,0.00613496929872781,0,0.00617601675912738,13.224475569732,0.0256012415047735,1.19333950511646,0.00182066450361162,7.65363161859568,0.00108401081524789,0.345489449682645,0.0744721702649258,0.022514071315527,0.00940733763854951,0.0853839330375195,0.0520536787807941,0,0.00389863550662994,0.0105960266664624,0.00141043728217483,1.87199315417092,0.0211546942591667,0.236401667585596,0.0508382900152355,0.527367523522116,0.0382066291058436,0.0178137648617849,0.00374181475490332,0.151216311496682,0.00767263420857489,0.111041793948971,0.00454029534012079,0.0709939131047577,0,0.0143288086983375,0,0.00295566511340439,0.00101781170815229,0.0499009894556366,0.00151000381447375,0.0176899072248489,0,0.0570252775214612,0,0.0331421284936368,0,0.0387390815885738,0.00571020692586899,2.77974685421214,0.0102801341563463,0.123999996867497,0,0.325144501402974,0.00210194429382682,1.21428571315482,0,0.118834086693823,0.000905797118321061,0.0335903069935739,0.012809315812774,0.116683723870665,0.052953154896386,0.416342412354425,0.120422103325836,1.11029415694065,0.0190362874418497,0.263821537606418,0.00387221691198647,0.207058815285563,0.0619578699115664,0.150150147965178,0,2.80339892068878,0.00297796301310882,3.59385295282118,0.0021482277661562,0.420695506036282,0.000449236307758838,0.144866382353939,0.00225861091166735,0.0454943140503019,0,0.0443951180204749,0.045901641016826
0.045006321684923,7.86377887957497,0.100494663172867,1.86370915544103,0,0.143600423354656,0.0466693262569606,4.37897176772822,0.00328407227061689,0.0858768792822957,0.00617601675912738,0,0.0386052291141823,12.0229090887588,0.0040567951509729,0.723199981730431,0.0219435731414706,6.65176916960627,0.824621739389841,1.71045393316308,0.026296567870304,0.103953147889115,0.119695317698643,0.209992759628221,0.011947430903092,0.0173724219202995,0.00441257562488317,0.0511330608278513,0.0463702025590464,12.400466770865,0.238374714273959,0.171933083620388,0.409980813623406,0.211297071597073,0.0442132637836039,0.0422740540234372,0.0263157896697521,0.178896622499451,0.0367261259816587,0.042615010868758,0.0139643135480583,0.074794318061322,0.00473773264093325,0.0210052514448762,0.0042863265844062,0.0282186940312386,0.007072135922499,0.0149051493499428,0,0.00872981210704893,0.00215924438089132,0.00288080656901002,0,0,0.00476839230395854,0.048309177509509,0.0338584526907653,2.04911783908028,0.011416339315474,0.0243987448629923,0.0104200588539243,0.31731640920043,0.0102278010454029,0.32946462277323,0.00574988010339439,0.0294703302788548,0.0818297352525406,0.173354728845879,0.240141774527729,0.865991011960432,0.117073168046772,1.77429462829605,0.0547803594963625,3.48387086391449,0.0254872570512816,0.230538930743933,0.146779830451123,0.364110572147183,0.0107526881620288,0.375473126769066,0.00829875539056957,0.387872151331976,0.00658823543926701,0.190300232148729,0.00318788597360253,0.159411150787491,0,0.0482160074170679,0.00267952826106921,0.0166877372539602,0.471760786138475,0.175697866478004
5.59439138378366,0.0137557311973069,4.72228009311948,0.334519567491952,0.208494204562157,0.109418279491365,11.5622070624086,0.258483531535603,2.85714277415536,0.0931355668581091,13.224475569732,0.0386052291141823,0,0.137249804567546,11.7266106040333,0.0271205989993177,1.86319448956056,0.0122029546182603,0.683014962938614,0.154878676403314,0.0197002136264928,0.0154373932164162,0.728134420642164,0.420600857585669,0.0280303021427244,0.040598290390335,0.040302268229425,0.0245627093827352,4.43425074336119,0.0712266848422587,1.24992135539651,0.264913414896,0.913469581340905,0.0944183575338684,0.0199680507648736,0.00513259205035865,0.16487454646267,0.0098835154203698,0.109331474464852,0.00461893749888986,0.0824833728256635,0.00521059473976493,0.0351951036136597,0.00165198231115937,0.00788117607589811,0.00185528764268383,0.107538219541311,0.00204185815528035,0.0188028824049979,0,0.0882038103300147,0.000534330727532506,0.0493305124109611,0,0.0758585375733674,0.00835175591055304,1.4968384563108,0.0120155038312078,0.107720879663248,0.00156453723320737,0.298241270473227,0.00315258512273431,0.932306703645736,0.00329942267853767,0.102194562088698,0.00115041702520102,0.0465211165719666,0.0204081628471613,0.143965252675116,0.0459518604911864,0.860192104883026,0.343750008323696,1.95174070139183,0.0413559324224479,0.293913049739785,0.0130321463802829,0.377905016764998,0.077696843072772,0.0723104034550488,0.00174901622813195,1.09590459114406,0.00778041937155649,2.35004852805287,0.00511018838733435,0.735171261476353,0.00314630320644937,0.344853205606341,0.00526315812021494,0.121753940475173,0.000812842918094248,0.0313364058965817,0.08058608090505
0.0461873651947826,1.82225201948313,0.359696161031025,2.64856225345284,0.00794281193520874,0.359014472924173,0.162506634020247,8.20761817897437,0.00893582456046715,0.655763219110668,0.0256012415047735,12.0229090887588,0.137249804567546,0,0.0154838715679944,0.941626782529056,0.0164770493865944,1.14911967568332,1.50437479198445,2.06717466725968,0.0219560877885669,0.0669665185268968,0.830433792434633,1.37238737836014,0.0112602862063795,0.0540976977790706,0.00653594778850675,0.0959252991015092,0.11267605330795,9.1568440561532,0.505964931158815,0.449228563229553,0.498765454627573,0.198686846299097,0.0303727570571937,0.0179372204001993,0.0211468070046976,0.154276578512508,0.0369933086913079,0.019259259221144,0.00623700628057122,0.0415821491042152,0.00501392770092934,0.0236292039044201,0.00471698102774099,0.0199793324572966,0.00635287299519405,0.0206300519639626,0.000699300726410002,0.003417634870857,0.00506912448327057,0.00117233290802687,0,0,0.00336040311958641,0.0550802149809897,0.0327332247979939,1.31414369426784,0.00581733591388911,0.0165525107295252,0.00971397722605616,0.21189722121926,0.00502512557432055,0.323653953091707,0.00661278463667259,0.0209790203953162,0.0630196952261031,0.124857079616049,0.14730290818261,0.515138929418754,0.116935482074041,2.4605727083981,0.069260700372979,2.01145469758194,0.0213306251680478,0.128868590923958,0.151630025357008,0.300156732613686,0.00722767156548798,0.225971364881843,0.0113410828635097,0.302141530730296,0.0115942033007741,0.130714284314308,0.00318358695949428,0.169202225049958,0.00169491523411125,0.0442967901472002,0.00366384256631136,0.0204793034354225,0.305600883788429,0.157582297222689
0.536176319641527,0.00296223163604736,0.915270963450894,0.0601045302464627,4.00095138815232,0.0737972899223678,0.897764213819755,0.0358462672447786,30.0948191313073,0.0529739771154709,1.19333950511646,0.0040567951509729,11.7266106040333,0.0154838715679944,0,0.00514895195374265,1.69432720332406,0.00422475714003667,0.0690757920965552,0.0217460826970637,0.244332484202459,0.0189274444710463,0.270603339478839,0.134854079573415,0.15002640709281,0.0601649694144726,0.663385824300349,0.067010311759077,7.94175468228059,0.015048369881697,1.28266229602741,0.0818220144719817,0.139518411713652,0.0168448336189613,0.0182128623127937,0.00628535519354045,0.394517860142514,0.00767018226906657,0.080000001762528,0.00262697017751634,2.13395221787505,0.00257069407962263,0.0636420896044001,0.00346620450727642,0.0188087769784033,0,0.254020354477689,0.00315357930958271,0.0327332247979939,0,0.142711512744427,0,0.111908178543672,0,0.258003173454199,0.00722021679393947,0.32647584361257,0.00589168383157812,0.0893448040005751,0.0012953367549926,0.139817622839473,0.00659793801605701,0.197468355763704,0.00138408306520432,0.172593238123227,0.00219780224142596,0.0409244101319928,0.0156684359535575,0.0298869151156396,0.0280701746232808,3.9195736288093,0.0815752444323152,1.925719558727,0.0145256472751498,0.251126862131059,0.00771704153157771,0.265526559378486,0.0449438206851482,0.127547671436332,0,1.58984248456545,0.00154639180982485,11.6629689221154,0.0016778523568064,1.14127526406082,0.00120627260184847,3.10905340383761,0.00261665938887745,0.518855967675336,0.000479156675282866,0.00983836955856532,0.0389700774103403
0.0123544783564284,0.162995592341758,0.0957265014294535,0.548951811215375,0.0664482901338488,9.3639706231188,0.036826118681347,1.81788141702418,0.0115329169202596,9.52994968392886,0.00182066450361162,0.723199981730431,0.0271205989993177,0.941626782529056,0.00514895195374265,0,0.0193726939614862,0.29891756613506,0.141682473942637,0.228968998068012,0.269870604970492,2.26049392926507,0.390839695930481,0.753315636888146,0.18153527926188,0.951335880963597,0.238026128732599,3.27898736391217,0.0346620450727642,11.6263266059104,0.55812067881925,0.657522881869227,0.121720884810202,0.0454836654243991,0.0558035739231855,0.0651906506391242,0.00769971124827862,0.803394607733935,0.0120370368240401,0.626131973345764,0.0025923524517566,0.759270907379687,0.0405110628344119,0.12671233213041,0.0347893300931901,0.110229975311086,0.0324464635923505,0.189644412137568,0.000806776923127472,0.0196463661268353,0.00656731479102746,0.00395908928476274,0,0,0.000626959255896509,0.409050312533509,0.0177501665893942,0.102068347652676,0.0150474321562797,0.0230547557584941,0.00781954894773662,0.0674796732491814,0.00914760946761817,0.0362393159302883,0.00683468580245972,0.0419529820792377,0.0945333015988581,0.21593186649261,0.0645161284483038,0.203940892824903,0.488804186170455,2.81734320754185,0.0365463690832257,3.47899914259324,0.0125944579485804,0.39119496231433,0.110766501165926,0.531552266271319,0.00771208223886788,0.0647619020892307,0.0101716462522745,0.303959138109349,0.00252206803997979,4.87887540995143,0.00455148867331445,0.309443007427035,0,3.19759454787709,0.00150526844663545,0.16773580230074,0.448559669894166,0.123641306650825
2.92520012700697,0.0628571421839297,0.707893989630975,0.0395941594615579,0.122501607984304,0.0238993706880137,0.442118737846613,0.0296235338319093,0.457525071920827,0.0137414122000337,7.65363161859568,0.0219435731414706,1.86319448956056,0.0164770493865944,1.69432720332406,0.0193726939614862,0,0.0892070448026061,0.242236029356718,0.0621118023991585,0.0617164894938469,0.0212765963515267,0.0574162658303976,0.0436213990906253,0.0059612519107759,0.0119205299997702,0.0351114119403064,0.0129589629359543,3.90082651632838,0.164285715203732,0.171003712923266,0.0340659356443211,0.90893093397608,0.221608837193344,0.456053068046458,0.403846154222265,0.648793586529791,0.164169378345832,0.294790330342948,0.0415464495308697,0.244514100719243,0.061691545182839,0.144872287637554,0.0317052269820124,0.091954025439918,0.0464876013575122,0.242788464704063,0.0755725193303078,0.151082931086421,0.0193976524751633,0.541950797196478,0.00163599185179919,0.159740256727673,0,0.136712749488652,0.0447169130202383,5.9913287977688,0.108234077517409,0.946175663499162,0.0338983044493943,1.57575759699102,0.0725720366463065,3.7020341057796,0.0401881156140007,1.22621079487726,0.0431390541489236,0.663891219301149,0.439812094380613,0.284675312926993,0.311634340323508,1.17514875973575,0.180783824413083,2.62632557598408,0.138014533789828,0.814371256157756,0.0657370537519455,1.15619384916499,0.972870645811781,2.38144338713028,0.0687563209794462,14.1554689609329,0.0636827860726044,5.78360309475102,0.0534642671700567,1.15297632111469,0.0343658160418272,0.535534811206162,0.0149253727868199,0.171764699043706,0.00607231579488143,0.149082562420517,0.167042893357575
0.0378532527247444,4.13444020680618,0.0165642525535077,0.33590642438503,0.00224089645780623,0.0866228076629341,0.00813669641502202,0.365456319705117,0.00115673802793026,0.0599455070914701,0.00108401081524789,6.65176916960627,0.0122029546182603,1.14911967568332,0.00422475714003667,0.29891756613506,0.0892070448026061,0,0.133807830279693,0.35658363281982,0.0251770261675119,0.0993690871400759,0.0385690325056203,0.0495495507493615,0.00761421304196119,0.0183486230671406,0.00116618070751429,0.0517560064326972,0.0789577548857778,19.5092966560042,0.0746339145698585,0.0535540422424674,0.490626250393689,0.213718417100608,0.286111118039116,0.19152276776731,0.022016221890226,0.309779549948871,0.0121681415475905,0.0386375174857676,0.00839630549307913,0.116222756914794,0.0154007703531533,0.0280373822897673,0.00894854601938277,0.0488479268387891,0.0117216119542718,0.0266292911255732,0.00376116600818932,0.0282717731897719,0.00554477388504893,0.00298618897795677,0.00450958264991641,0,0.00563777284696698,0.0705021610483527,0.0847172103822231,4.3447265625,0.0480591488303617,0.0873330911272205,0.0524722480913624,0.474383297841996,0.0370189971290529,2.88612520555034,0.0331825056346133,0.0953170299180783,0.371123293880373,0.619780248496681,0.263084758538753,1.28963050455786,0.155695473775268,1.05396471451968,0.0598802365129814,4.3393427557312,0.0161812303122133,0.21809370489791,0.226771652698517,0.648708085063845,0.0315614610444754,13.9525752332993,0.0293486033915542,5.12433323106961,0.00888011825736612,0.394775042776018,0.0146311725256965,0.455228703212924,0,0.0587044549174607,0.00495321967173368,0.0425200921017677,0.473779397085309,0.112500000628643
2.96556214179145,0.356030254624784,12.1567844061356,1.77874877833528,0.0605108076706529,0.226006185635924,1.09055668508518,1.71545693697408,0.0594616322778165,0.166473988909274,0.345489449682645,0.824621739389841,0.683014962938614,1.50437479198445,0.0690757920965552,0.141682473942637,0.242236029356718,0.133807830279693,0,9.9837539436412,0.0669620889239013,0.14201183617115,6.80221302533755,2.05315414059442,0.0222602738067508,0.043929711682722,0.00888888916233554,0.0545530841918662,0.890373517177068,0.858998178562615,4.41223487927346,1.7491116260644,19.8212425976526,4.20566575200064,0.338181820465252,0.0904621467925608,0.333065174636431,0.080664292210713,0.309968837536871,0.0410707746632397,0.149666844401509,0.0490245139226317,0.0116118330624886,0.0162259621429257,0.00734557613031939,0.0129692830960266,0.0458452710881829,0.028776979772374,0.000692760630045086,0.0047409413382411,0.0132814293028787,0.000581564381718636,0.00315706385299563,0,0.03224013291765,0.0653039536555298,0.461444549378939,0.202224048174685,0.0819624785799533,0.00623052939772606,0.0530404491000809,0.0502092051319778,0.0583007447421551,0.0360035989433527,0.0254638041951694,0.0107154111610726,0.432020886742976,0.261363638128387,9.17643038235838,2.15176374628209,1.47506981622428,3.96661498071626,1.53869849746116,0.919123217463493,0.281563129858114,0.381381375831552,0.998123828321695,1.67119038873352,0.0162932798266411,0.0272314675385132,0.0709060204681009,0.0462641677586362,0.0954431292484514,0.0608418841147795,0.0376694250735454,0.0317518922965974,0.0226225387305021,0.0328947370871902,0.0359581239463296,0.00952999811852351,1.43408352532424,0.794680825900286
0.263374493457377,3.01735640794504,0.576060406077886,9.94160884863231,0.0055009825155139,0.267027856316417,0.236786459572613,4.02835198282264,0.0088388912845403,0.168015414732508,0.0744721702649258,1.71045393316308,0.154878676403314,2.06717466725968,0.0217460826970637,0.228968998068012,0.0621118023991585,0.35658363281982,9.9837539436412,0,0.0945347137749195,0.239644973538816,0.760719228128437,1.83119153080042,0.0128424656577408,0.043130989652127,0.0145454549929127,0.099874107982032,0.216823564551305,1.33580710273236,1.68091758911032,0.893390212906525,3.42577285738662,1.71331445965916,0.0681818186421879,0.028515241923742,0.165728082065471,0.139185445383191,0.221183793619275,0.0674734155181795,0.0758585375733674,0.120060034096241,0.00774122204165906,0.0168269237037748,0.00667779648210853,0.0177474400261417,0.0395415463135578,0.042058662744239,0.000692760630045086,0.00406366400420666,0.00641172449104488,0.00174469314515591,0.00157853192649782,0,0.0394663696060888,0.10406158468686,0.158697860897519,0.700164728914388,0.036363634862937,0.0283205881714821,0.0214304844848812,0.147140865039546,0.024173479527235,0.104410436935723,0.00800290988991037,0.0226914589293301,0.280617796524893,0.352727275108919,4.71736901236,6.49302708799951,0.608695656992495,4.46583859249949,0.277242972515523,1.71655331156217,0.140280562918633,0.753753742785193,0.979362102225423,2.31872819596902,0.0162932798266411,0.0484114978462458,0.0382667412050068,0.100855885713827,0.0243989954469725,0.0940926812472753,0.0172504843794741,0.064611408743076,0.00167574360966682,0.0540935676544905,0.0345926255686209,0.0164609058410861,2.50911026366521,1.07446805108339
0.0402859002351761,0.037901861127466,0.0357624819735065,0.0594965647906065,0.149105361197144,1.0430621879641,0.0154701471328735,0.0384615387010854,0.0568421026691794,0.206439400091767,0.022514071315527,0.026296567870304,0.0197002136264928,0.0219560877885669,0.244332484202459,0.269870604970492,0.0617164894938469,0.0251770261675119,0.0669620889239013,0.0945347137749195,0,4.16768906451762,0.0607359755667858,0.0753315653419122,1.98243410559371,2.44559595827013,1.0576923599001,2.34360198304057,1.70695548411459,0.251327432692051,5.20478325011209,2.2133332999656,0.0601851856335998,0.018081366084516,0.0242057479918003,0.0323232337832451,0.198521654587239,0.163636371027678,0.143828959669918,0.14141413802281,3.78640780225396,0.199999990873039,0.00769971124827862,0.0156512015964836,0.0109890112653375,0.0172537746839225,0.0174269613344222,0.0395180721534416,0,0.0113154174759984,0.0028288543689996,0.00421052612364292,0.00201005022972822,0,0.0641087890835479,0.0592459619510919,0.0242891004309058,0.0205004521412775,0.00934579479508102,0.00602409616112709,0.0100273472489789,0.0225733628030866,0.0156985875219107,0.0133779267780483,0.0148760330630466,0.00734394136816263,0.0313930660486221,0.0433414877625182,0.0376811607275158,0.07563959620893,7.65702447248623,2.81002891226672,0.801512306556106,0.357723584398627,0.468271340243518,0.23529411200434,0.285968034644611,0.313461538753472,0.0282352929934859,0.013513513840735,0.0645161315333098,0.0186781608499587,1.12500001466833,0.11956521961838,0.0598744585877284,0.0226921099238098,0.193396229296923,0.158730161492713,0.0357267961953767,0.0103963613510132,0.978593304753304,1.82404691912234
0.01756097614998,0.117208674433641,0.0445795323466882,0.154022336821072,0.137587240431458,7.01151612377726,0.0135462024481967,0.08254115562886,0.0422386499121785,0.735042716260068,0.00940733763854951,0.103953147889115,0.0154373932164162,0.0669665185268968,0.0189274444710463,2.26049392926507,0.0212765963515267,0.0993690871400759,0.14201183617115,0.239644973538816,4.16768906451762,0,0.106580832449254,0.208289051894099,0.939546562964097,1.84407485695556,0.546623765258119,9.23424481856637,0.0776699064299464,0.972813239903189,2.17977530322969,1.73113201581873,0.0997101403772831,0.0472837005509064,0.0668693017214537,0.0894308909773827,0.0529661017935723,1.46504566655494,0.072124756872654,5.82278484944254,0.0342298303730786,6.86652086768299,0.0192771083675325,0.0627099685370922,0.0316586379194632,0.0619596523465589,0.0256673520198092,0.0984555965987965,0,0.0113394754007459,0.00353982293745503,0.00632577762007713,0.00201612897217274,0,0.00583657587412745,0.56449438049458,0.0166024314239621,0.0706095336936414,0.0083203325048089,0.0160884875804186,0.0136923775426112,0.0392156869638711,0.0110149489482865,0.0234505851985887,0.00828500429634005,0.0196198653429747,0.0713584275217727,0.120363893453032,0.119099491974339,0.321428585797548,5.51502613979392,7.44487448700238,0.132701420225203,0.992753641679883,0.171806160360575,1.1359649207443,0.349065013229847,0.81002892460674,0.0142180100083351,0.0680272118188441,0.0109343931544572,0.0740740752080455,0.00642570294439793,0.814007781911641,0.00434887659503147,0.0696774173411541,0.00236686388961971,1.7118927789852,0.00420757359825075,0.0760975633165799,10.6728395856917,1.6035503167659
0.146703806676669,0.0699353874661028,9.23695690580644,2.09581243281718,3.29308791726362,1.32159909611801,1.90657984724385,2.07066293188836,0.902057092462201,1.00802851666231,0.0853839330375195,0.119695317698643,0.728134420642164,0.830433792434633,0.270603339478839,0.390839695930481,0.0574162658303976,0.0385690325056203,6.80221302533755,0.760719228128437,0.0607359755667858,0.106580832449254,0,14.4107824897219,3.97744833136676,0.973716424719896,0.367560890270397,0.314185980241746,0.601329737459309,0.646676678908989,8.94869682728313,2.70295911777066,4.30731121741701,0.441135404398665,0.448113197635394,0.0756602417677641,0.10878918034723,0.0691537759266794,0.0557553969556466,0.0154506444814615,0.0147112912964076,0.0151788935763761,0.0109464079141617,0.02001953125,0.00478341750567779,0.0102758245775476,0.0187881640158594,0.0269283425004687,0.00328317366074771,0.00268744974164292,0.00934761436656117,0.000950796296820045,0.003028467472177,0,0.0137425563298166,0.0313120174396317,0.0865739944274537,0.0533428159542382,0.0344909057603218,0.00372179574333131,0.0119973339024,0.0181518151075579,0.0156380897387862,0.00926603269181214,0.00852999743074179,0.00507485412526876,0.180801486276323,0.081656344467774,0.354217529937159,0.25826574547682,0.457404572924133,2.71471281879349,0.298365533584729,0.352079675300047,0.0513748174998909,0.0715835150331259,0.330905929673463,0.284433832392097,0.00366032210877165,0.0101781174307689,0.0421101336542051,0.0365350629435852,0.0838256012066267,0.0762169657973573,0.026050551678054,0.0248989485844504,0.0107765453285538,0.0513698608847335,0.0120108483824879,0.00705663880216889,0.15261958463816,0.26132930489257
0.0630731370183639,0.0855565752717666,1.59697036142461,13.5921454860945,0.246769480872899,4.13043479318731,0.741048795520328,3.88929769938113,0.164746054448187,2.08248270791955,0.0520536787807941,0.209992759628221,0.420600857585669,1.37238737836014,0.134854079573415,0.753315636888146,0.0436213990906253,0.0495495507493615,2.05315414059442,1.83119153080042,0.0753315653419122,0.208289051894099,14.4107824897219,0,0.989954322110862,2.12128923507407,0.194074715604074,0.483683504862711,0.394026064313948,1.08678753743879,3.53643348813057,2.16266872332199,0.827298937831074,0.139479905599728,0.118792602792382,0.0264830508967862,0.0401709405123256,0.130088123842143,0.0553261782624759,0.0395195656456053,0.0199445981997997,0.0302212624810636,0.00691443379037082,0.0263984918128699,0.00702000688761473,0.025143678067252,0.0101674637407996,0.0322952698916197,0,0.0078375487937592,0.00521203497191891,0.000607348920311779,0.00251256278716028,0,0.00637311686296016,0.0353493504226208,0.0184525060467422,0.0594479811843485,0.00662850256776437,0.0047267354093492,0.00446055177599192,0.024981630849652,0.00599924987182021,0.0175713838543743,0.00614675367251039,0.00660720164887607,0.0444843867444433,0.0582980731269345,0.107464839355089,0.129144852980971,0.415078367223032,4.07983538287226,0.207262340351008,0.712799981993157,0.0572972986847162,0.126349888625555,0.360460510710254,0.257295519986656,0.00440044002607465,0.0141535104485229,0.0258215966168791,0.0588939438457601,0.0545247998088598,0.120104440487921,0.0112014453916345,0.0360462909156922,0.0178491743281484,0.101930500008166,0.00659133697627112,0.0169984340900555,0.162790697067976,0.408304483629763
