0,0.0641386789502576,5.61035143010668,0.0858164476230741,0.0160481440834701,0.00728235702263191,2.97527520908625,0.0635637391533237,0.0759579548612237,0.00396956666372716,3.99933841370512,0.0394537189276889,2.36985635012388,0.0504246310447343,0.231452304171398,0.00689259055070579,2.39438507356681,0.0253555977833457,3.32962075574324,0.220986096363049,0.0523846764699556,0.00391849520383403,0.0944989727286156,0.0302131101489067,0.00281789363361895,0.00480769242858514,0.00479780678870156,0.00347826076904312,2.51208802848123,0.0401016674004495,0.661016977624968,0.0283775437856093,1.5145845040679,0.390774798695929,0.0907726937439293,0.0124465189874172,0.521390384528786,0.00600801093969494,0.287453511555213,0.0150081564788707,0.237655557692051,0,0.0108024688088335,0.00224278098903596,0.0132052816916257,0.00362756964750588,0.0263227178948,0.00617125234566629,0.0312691603903659,0.00244349427521229,0.0914310961088631,0.00158982508582994,0.0134318333584815,0,0.0540401466423646,0.0415444769896567,13.0299357089098,0.0703045191476122,0.894161538337357,0.0223841758561321,1.77383039786946,0.0154035733430646,0.917269579600543,0.0147299511590973,0.301158304559067,0.00566251401323825,0.384680844144896,0.0771960979909636,8.18215369898826,0.204615922062658,1.51158888184,0.1272365860641,2.5224326676107,0.078114912728779,0.465354328975081,0.0110062889289111,0.90061113005504,0.0868719645077363,0.169773895293474,0.0071713148499839,0.843303346191533,0.0126012604450807,0.240300379693508,0.00311235606204718,0.92469354858622,0.0075815012678504,0.0386371635249816,0.00188857410103083,0.171517440234311,0.00380871767993085,0.0577557773794979,0.0711947639356367
0.0641386789502576,0,0.0587982839497272,8.21007901191479,0,0.028688523801975,0.0161527163581923,5.32003517862177,0.00280112051405013,0.0279863477335311,0.00750853231875226,8.35228017903864,0.00811976660043001,2.38367355312221,0.00235432595945895,0.082620243774727,0.0275957235135138,3.05571472807787,1.17618276091525,5.55308140296256,0.0413793105399236,0.026840178121347,0.0764925355324522,0.0807969047455117,0.00218499643960968,0.00567577173933387,0.00212389376247302,0.00718907278496772,0.0744290971197188,1.70765655487776,0.137651824334171,0.0971737027284689,0.554080784786493,1.99468927248381,0.0536338915117085,0.0137207421357743,0.0358744405675679,0.123320707236417,0.0544692721450701,0.0188425299711525,0.00500417011789978,0.0182043856475502,0.00158102775458246,0.0247553260414861,0.00679222005419433,0.0342146176262759,0.0107933080289513,0.0142254999373108,0.00252445577643812,0.0364665184170008,0.00360766635276377,0.0325998372863978,0,0,0.0242552082054317,0.0600150064565241,0.126571836910443,18.785417121544,0.0781847965554334,0.548412915552035,0.0461065548006445,0.991436735785101,0.0207388196140528,1.67814153304789,0.0126036486472003,0.243675475940108,0.202734969381709,0.533635320607573,1.05479890597053,4.64555163955083,0.216366165317595,0.769230762671214,0.0432098764576949,1.40765389282024,0.0465876591042615,0.256221948307939,0.28779840352945,0.853609642363153,0.00164744642097503,0.325196525431238,0.018453189288266,0.618248675891664,0.00322268781019375,0.0487179502379149,0.0135303547140211,0.359637289075181,0.00145243282895535,0.0220492866355926,0.0190562614006922,0.0729548896488268,0.535392553545535,0.227137386216782
5.61035143010668,0.0587982839497272,0,1.11675522883888,3.07971017755335,0.459882593422662,11.8993909898563,0.989143509650603,0.995992025651503,0.193611469643656,0.988265952793881,0.113772457116283,2.87031131598633,0.410700254549738,1.02432131132809,0.11170966620557,0.459005582961254,0.0219579145777971,15.1305026232731,0.533000025316142,0.0468689967528917,0.0200231035705656,5.66787149256561,1.79584225971485,0.563800296164118,0.218464668781962,0.151873104914557,0.247260280535556,2.24857538886135,0.150027891271748,6.1086892109015,0.581685411510989,6.8388146662619,0.368852438405156,0.128365912358277,0.0152905203867704,0.351004269323312,0.0276224931003526,0.224516994319856,0.00836012832587585,0.0812302855192684,0.000782778894063085,0.016781083017122,0.0044296788983047,0.0266508740605786,0.0065612880862318,0.0187304900027812,0.0076258258195594,0.0211672220029868,0.0036155468551442,0.0629783514887094,0.00104739458765835,0.00793913332745433,0,0.0401933356188238,0.0381919257342815,1.6388054213021,0.0526528942282312,0.663329793373123,0.0149215335841291,0.360712498251814,0.0139775143470615,0.125310172676109,0.0167070864117704,0.141452586103696,0.00726866105105728,0.528977871435927,0.0443663515034132,2.8406677627936,0.082089553528931,1.80873592098942,0.521057788864709,2.0681074130116,0.194082085217815,0.434816233813763,0.0370799526572227,0.980976558057591,0.182747600600123,0.0537802023463883,0.00469667336437851,0.230708878836595,0.0236132762802299,0.23387842316879,0.0104358500684611,0.201911381154787,0.0124036832421552,0.0401106510544196,0.00993171986192465,0.0739111311268061,0.00586879049660638,0.0891048979246989,0.167938934406266
0.0858164476230741,8.21007901191479,1.11675522883888,0,0.0813988540903665,2.65371985221282,0.616328635253012,21.2235380496713,0.161221371497959,1.63511497306172,0.0418035237817094,2.55012423283188,0.247706423979253,3.12994626245927,0.104270365263801,0.848214329162147,0.021699819015339,0.262921351008117,3.65486941669951,12.7918710630038,0.11997226474341,0.141765120439231,2.50350534135941,12.0803379267454,0.103633486898616,0.345274868421257,0.050554869347252,0.299281478859484,0.179525971179828,1.15593480033567,2.78842985123629,3.97365490836091,0.777777812909335,1.62389490724308,0.0387700542341918,0.0144977562013082,0.0898131398134865,0.185430463403463,0.118793780857231,0.03479799447814,0.0106496270745993,0.0105782796163112,0.00996677734656259,0.0308245571795851,0.00929469609400257,0.0385250418912619,0.0300606059026904,0.0355871881765779,0.000557413615752012,0.0288888895884156,0.00453234440647066,0.0273170731961727,0.000605326902586967,0.00180342653766274,0.045584044419229,0.0928021721483674,0.0667931693606079,1.51408313898719,0.0304145192494616,0.30182340828469,0.0231320838793181,0.487681987462565,0.00970042822882533,0.297595194191672,0.0128130461089313,0.155002588813659,0.0895344222954009,0.233347125118598,0.423378078034148,0.778569193091244,0.603088099742308,3.09031089110067,0.164917539223097,1.8498831189936,0.0704815054195933,0.360975601477548,0.719068410398904,1.24831432849169,0.00351246941136196,0.0895627674181014,0.0204678364098072,0.39203354579513,0.0227143662050366,0.137326922791544,0.0185553354676813,0.250624775304459,0.00504254642874002,0.0759349153959192,0.0261031688132789,0.06730007880833,0.642909074667841,0.644043338019401
0.0160481440834701,0,3.07971017755335,0.0813988540903665,0,0.55521471099928,0.283995808626059,0.0207869337173179,7.54220778518356,0.110260340385139,0.0199081170139834,0,0.10617177374661,0.00487567042000592,4.64261533808894,0.120113315293565,0.0360784308286384,0.00395517458673567,0.0185004873201251,0.00446827529231086,0.0618311525322497,0.0622754502110183,1.55630634399131,0.20301507320255,4.26916210795753,0.580753155518323,4.44462943740655,1.20898099849001,0.947477863985114,0.0460526319220662,3.29300554725341,0.163934426382184,0.0928534123813733,0.00186741363722831,0.010537407360971,0,0.0282352936919779,0.0218921035993844,0.0145161288091913,0.00890207709744573,0.0723514230921865,0.00504413619637489,0.00736987544223666,0.00432432442903519,0.00619195052422583,0.00754242623224854,0.00384245906025171,0.00644567230483517,0.00129449833184481,0,0.0078263963223435,0.000972289766650647,0.00793021405115724,0,0.0138312586932443,0.00421052624005824,0.0142547253635712,0,0.00688298942986876,0,0.0140350880101323,0.00130804441869259,0.00957592378836125,0.0010261673014611,0.015815960126929,0,0.0100569898495451,0.00143317808397114,0.0104370517656207,0,3.8666667197831,0.0830130656249821,0.345201228745282,0.0434467778541148,0.0850546814035624,0.0145102785900235,0.0459770113229752,0.0277777779847383,0.0149253727868199,0,0.076661815866828,0.00293362676165998,0.316430012695491,0.025401070015505,0.0666165764559992,0.00393368932418525,0.13097345083952,0.0123287674505264,0.0431034481152892,0.00664672639686614,0.0056577087379992,0.0110041266307235
0.00728235702263191,0.028688523801975,0.459882593422662,2.65371985221282,0.55521471099928,0,0.189413603220601,1.3131907969946,0.711568961967714,18.2185635529459,0.00748503021895885,0.0435323372948915,0.110779715469107,0.197981740464456,0.321507757762447,8.07465201080777,0.0214559391606599,0.0452488701557741,0.0623800366884097,0.0626102273818105,1.21239951252937,9.04277436435223,0.574610261712223,1.64851490291767,1.15277778636664,13.0253061156254,0.825345250312239,12.6262623234652,0.236559139564633,2.48543679714203,4.0321584767662,5.59228276321664,0.0318438610993326,0.0626151023898274,0.0102145050186664,0.0294117659796029,0.027586207492277,0.957983222440816,0.0236220471560955,2.96226414025296,0.00248756213113666,0.473876082105562,0.0245343025890179,0.0787234017625451,0.0158054704079404,0.0382479937979952,0.0284090917557478,0.0681198929669335,0.0012698412174359,0.00882167578674853,0.00140795495826751,0.0114997602067888,0.00309837330132723,0.00608828011900187,0.0100045473664068,0.400831614853814,0.0042984340689145,0.0405489697004668,0.00581395346671343,0.0213457074714825,0.00692640710622072,0.0282232209574431,0.00268096523359418,0.0181910055689514,0.00422237848397344,0.0184281838592142,0.0272154010599479,0.0801134333596565,0.0115163148147985,0.0411184213589877,1.5317829400301,4.87152517074719,0.137670191703364,1.49397588404827,0.0633059770334512,0.574095688294619,0.293952173902653,0.799713897169568,0.0095923263579607,0.024301337543875,0.0286944047547877,0.205295610998292,0.0410868142498657,1.05897775478661,0.0144171019201167,0.0835887476569042,0.0155172413215041,2.76778534380719,0.0177683017682284,0.119118134316523,0.3907734118402,0.454425377771258
2.97527520908625,0.0161527163581923,11.8993909898563,0.616328635253012,0.283995808626059,0.189413603220601,0,0.507965428987518,1.76203067949973,0.102697100839578,2.25778020179132,0.0295542634557933,8.34682536008768,0.143447078880854,2.00508788941079,0.0653534190205391,0.408366006915458,0.00983525882475078,1.45960039459169,0.150375942466781,0.0312592153786682,0.011816838523373,2.25354815484025,0.939207072020508,0.0942265772609971,0.0555407209321856,0.0410557176219299,0.0798273971304297,2.72881737101125,0.0603566528297961,1.85738454014063,0.329815965145826,1.0123124855163,0.105711851501837,0.0360102894483134,0.00117508810944855,0.25359476741869,0.0125359101220965,0.198944590403698,0.0107747566653416,0.0276774977101013,0.00239306013099849,0.0139800887263846,0.00409090911853127,0.0115246097557247,0.00193190050777048,0.0280656303220894,0.00931808579480276,0.0131868139724247,0.000486973469378427,0.0563327719573863,0,0.00997113657649606,0,0.0326340317260474,0.0259898472577333,0.644971444591647,0.0216556064551696,0.147469460498542,0.00470588225289248,0.38467909078463,0.00588379497639835,0.195912266266532,0.00844632132793777,0.107586907455698,0.00137457047821954,0.101933853642549,0.0190975466393866,0.183688469405752,0.0321199139580131,1.31286088749766,0.231628151377663,1.90473719668807,0.0870007644407451,0.429884385084733,0.0106603496242315,0.809741224860772,0.0678917836630717,0.049493141588755,0.00179479509824887,0.36087616160512,0.0109910938190296,0.35343758482486,0.00494315347168595,0.419073800352635,0.00654771632980555,0.0554347800789401,0.0039900247938931,0.093363326130202,0.00359776924597099,0.0368437205906957,0.0848336890339851
0.0635637391533237,5.32003517862177,0.989143509650603,21.2235380496713,0.0207869337173179,1.3131907969946,0.507965428987518,0,0.0560140060260892,4.6015222229762,0.0348637368297204,4.43130037514493,0.173092054901645,11.639684404945,0.0422814348712564,1.93248015921563,0.0188025719253346,0.341736695612781,2.34847549453843,3.30589406206855,0.0764966733986512,0.0677401423454285,2.1193149863393,4.5726296621142,0.0452558505348861,0.103987889131531,0.038306450471282,0.145732476259582,0.12452025199309,1.795687155216,2.60082687647082,3.59086680028122,0.605038409499684,1.06987165188184,0.0371367053012364,0.00994200480636209,0.0475012343376875,0.165101325954311,0.0683803306892514,0.0262454429757781,0.00847218325361609,0.00898876413702965,0.00729040073929355,0.0307559030188713,0.00593336360179819,0.0234052315063309,0.0173231590306386,0.0287507597240619,0.000463821896119043,0.0198889917519409,0.00215130869764835,0.0190713101183064,0.000993048655800521,0.000987410545349121,0.0275526738259941,0.0649552709655836,0.0300300304661505,1.2471816088073,0.0204124145675451,0.166394108062377,0.0174361008685082,0.361731848039199,0.00520217555458657,0.425360476365313,0.00673400686355308,0.143168918555602,0.0681739110732451,0.150413822499104,0.154418607940897,0.283329105004668,0.400794622662943,2.78220265597338,0.100024639687035,1.33510124537861,0.0445682462304831,0.197551482706331,0.540514550753869,0.768077404121868,0.00448053749278188,0.160112361190841,0.0153272579482291,0.557335296645761,0.0136599151010159,0.10274454311002,0.0106508875032887,0.335757194668986,0.00256607658229768,0.0506269216712099,0.0140515220991801,0.0848337926436216,0.306850901863072,0.4527761755744
0.0759579548612237,0.00280112051405013,0.995992025651503,0.161221371497959,7.54220778518356,0.711568961967714,1.76203067949973,0.0560140060260892,0,0.226265828474425,0.232594942557625,0,2.65582422853913,0.0119462418369949,17.1270206775516,0.150899594882503,0.233576634898782,0.00271186442114413,0.0357852866873145,0.00637522764736786,0.0650813528336585,0.0605296343564987,0.66361558099743,0.34702259930782,0.844444429501891,0.435385957476683,1.54098365723621,1.3315412173979,3.93939389032312,0.0673400703817606,2.29255654569715,0.171274450374767,0.0821333342464641,0.0199999997857958,0.0220507173798978,0.00246305414475501,0.108678017626517,0.0274858528282493,0.0818030026275665,0.0122511489316821,0.0355191247072071,0.00266311573795974,0.0347581034293398,0.00553097343072295,0.0165289251599461,0.00258231116458774,0.0372549041640013,0.00563380296807736,0.0186294072773308,0.00132013205438852,0.0426146610989235,0.000992555869743228,0.0180475800298154,0,0.0470145751023665,0.0111444491194561,0.0527472530957311,0.00446713453857228,0.0401606410741806,0.000960153643973172,0.0580875788000412,0,0.0422535196412355,0.00209753541275859,0.0934025236638263,0.00112803163938224,0.0244814688339829,0.0101855216780677,0.0174379604868591,0.00524475518614054,2.44827587774489,0.103256555157714,1.21279996936209,0.0716952960938215,0.450704231858253,0.0127388536930084,0.305185184581205,0.0196078434819356,0.0839895009994507,0.00266311573795974,0.329866264248267,0.00893854745663702,1.14405012968928,0.0261348007479683,0.242976453155279,0.00341199897229671,0.325367648270912,0.0225669965147972,0.135667397640646,0.00269632623530924,0.0120300753042102,0.0554744503460824
0.00396956666372716,0.0279863477335311,0.193611469643656,1.63511497306172,0.110260340385139,18.2185635529459,0.102697100839578,4.6015222229762,0.226265828474425,0,0.00149476830847561,0.0397515520453453,0.0425713078584522,0.686509855440818,0.0874861582415178,12.0233727756422,0.00918133137747645,0.038734667468816,0.0623202309361659,0.0563876666128635,0.219931282103062,0.558246808126569,0.327893173089251,1.16221557545941,0.303292894386686,2.01792985596694,0.19626925571356,1.62857144430745,0.054219949641265,0.957974134362303,1.16985796205699,3.80218375474215,0.0194971787277609,0.0377184901735745,0.0122324153780937,0.00902934558689594,0.019892884651199,0.36613273434341,0.0172955968882889,0.118840583832934,0.0049627791158855,0.0606060610152781,0.00907852954696864,0.0425079697743058,0.0109289613319561,0.0271102890837938,0.0198675496503711,0.0535390201257542,0,0.0113278791541234,0.00211044674506411,0.0153183341026306,0,0.00151975685730577,0.00272603362100199,0.0639800560893491,0.00184105552034453,0.021820449619554,0.00387221691198647,0.00834492326248437,0.00173010386060923,0.0166559901554137,0,0.0161534585058689,0.00140548136550933,0.00757985899690539,0.0185737980064005,0.0403825712855905,0.0166134182363749,0.0180623974883929,0.452012371271849,2.37359341327101,0.052870090585202,0.990799686405808,0.0257309938315302,0.193247965537012,0.228932586614974,0.449999995180406,0.0071770332287997,0.0096969697624445,0.00573339709080756,0.115984054282308,0.0105890138074756,0.272251311689615,0.00198757764883339,0.0445558363571763,0.00344234076328576,0.227882044855505,0.00497159105725586,0.0466951669077389,0.129905272275209,0.461133074713871
3.99933841370512,0.00750853231875226,0.988265952793881,0.0418035237817094,0.0199081170139834,0.00748503021895885,2.25778020179132,0.0348637368297204,0.232594942557625,0.00149476830847561,0,0.00993788801133633,10.3226907295175,0.033605377539061,1.48504985065665,0.00556483049876988,6.95179807464592,0.00774693349376321,0.476510073465761,0.0387665207963437,0.0595647222362459,0.0161476349458098,0.0838278926676139,0.050445101573132,0.0121317157754675,0.00325998361222446,0.012976479716599,0.00168067228514701,3.88746808748692,0.0129310344345868,0.286596670746803,0.0359666030853987,0.228835308225825,0.0413983428734355,0.0265035666525364,0.00902934558689594,0.189747515134513,0.00610221223905683,0.125786159187555,0.00724637706298381,0.0818858554121107,0.00727272732183337,0.0118020884110592,0.00106269924435765,0.00971463229507208,0.00123228586744517,0.0122989593073726,0.00181488203816116,0.0164870009757578,0,0.0358775946660899,0,0.012374322861433,0,0.0254429804626852,0.0141254669288173,2.13071492221206,0.0105985041009262,0.130687320779543,0.00370885478332639,0.333910045097582,0.00256246002390981,0.678714853827842,0.00403836462646723,0.14757554337848,0.00216567399911582,0.0683250426664017,0.0162947217468172,0.132907345890999,0.0328407227061689,0.609907103702426,0.0660165045410395,1.27945619216189,0.0240622780984268,0.315789469750598,0.0186263099312782,0.353932587895542,0.0199999997857958,0.47607653751038,0.00242424244061112,1.28332538215909,0.00144980067852885,2.08338846662082,0.0013089005369693,0.354285715904552,0.000556947954464704,0.098106711753644,0,0.0653409110382199,0.000657678407151252,0.00541271967813373,0.0368906459771097
0.0394537189276889,8.35228017903864,0.113772457116283,2.55012423283188,0,0.0435323372948915,0.0295542634557933,4.43130037514493,0,0.0397515520453453,0.00993788801133633,0,0.00991987762972713,9.30275979847647,0.00288739171810448,1.24311260762624,0.0139328687218949,6.52278975991067,1.43256997922435,1.61526358505944,0.0524017482530326,0.0298507469706237,0.127358487749007,0.176111595937982,0.00981767172925174,0.00266844569705427,0,0.0109439129009843,0.0350246979505755,9.18703030620236,0.279217346571386,0.281027870136313,0.365601081051864,0.818479126144666,0.036711891531013,0.00518134713638574,0.0329322351608425,0.111181296408176,0.0479274599347264,0.0133171918569133,0.00371057516895235,0.01640838640742,0.00565656583057716,0.022284122183919,0.00833767559379339,0.0284960421267897,0.0117351216031238,0.0105008080136031,0.00324499723501503,0.015045674983412,0.00192616379354149,0.0152477767551318,0,0,0.0210270925890654,0.0447928346693516,0.0266213528811932,2.81666665617377,0.0248075282434002,0.142445448029321,0.0170278633013368,0.316421173047274,0.00792751961853355,0.659565041016322,0.0117994099855423,0.138744687661529,0.0651049571461044,0.142164787976071,0.222101240884513,0.429530218243599,0.130434781545773,1.01059186831117,0.0438596488675103,2.53412461373955,0.023070098250173,0.256410263245925,0.253537739627063,0.605263135628775,0.00361010828055441,0.767547853058204,0.00591966189676896,0.684922446263954,0.00224341009743512,0.292222229298204,0.00418896900373511,0.260937103070319,0.00139470014255494,0.0124716555001214,0.00777202052995563,0.0549351054942235,0.510385733563453,0.21920465992298
2.36985635012388,0.00811976660043001,2.87031131598633,0.247706423979253,0.10617177374661,0.110779715469107,8.34682536008768,0.173092054901645,2.65582422853913,0.0425713078584522,10.3226907295175,0.00991987762972713,0,0.0484809323097579,9.44976909086108,0.0313390311785042,1.81708375259768,0.00390625005820766,0.571520816010889,0.0542517514550127,0.0244161371374503,0.00958466436713934,0.64364715013653,0.454995047184639,0.0258660509716719,0.0277033068123274,0.0490196066675708,0.0481599273043685,4.11328404443339,0.0313916994491592,0.866159675701056,0.151090337894857,0.257432438666001,0.0470957616926171,0.0190763045102358,0.00527148135006428,0.240724770643283,0.0111972440499812,0.181340345065109,0.0100376412738115,0.0462300502695143,0,0.0261356573319063,0.0034566194517538,0.00978179054800421,0.00227790424833074,0.0396799989975989,0.00435458769788966,0.0185471400618553,0,0.0643487309571356,0,0.0156250001164153,0.000859475694596767,0.0373598991427571,0.0175541255157441,1.06651052070083,0.00758473575115204,0.0994475155603141,0.00315656565362588,0.293108624464367,0.00388802494853735,0.548502977122553,0.00133689842186868,0.142974528833292,0.0013995801564306,0.056135124352295,0.0140845063724555,0.0784161505289376,0.0206370570813306,1.18975246557966,0.128839586453978,1.79957168822875,0.0330033013597131,0.405144673073664,0.0117647061124444,0.595482566859573,0.0406470330781303,0.142934483941644,0,0.951030898606405,0.00318302388768643,1.61141949519515,0.00393855851143599,0.591739489173051,0.00304215552750975,0.137137600046117,0.00319616449996829,0.148941735969856,0.000987166888080537,0.0217142854817212,0.068926555220969
0.0504246310447343,2.38367355312221,0.410700254549738,3.12994626245927,0.00487567042000592,0.197981740464456,0.143447078880854,11.639684404945,0.0119462418369949,0.686509855440818,0.033605377539061,9.30275979847647,0.0484809323097579,0,0.00705605634720996,1.2226593332598,0.0107212476432323,1.48561465088278,2.39138121076394,2.22089556162246,0.0865265750326216,0.0533498754957691,0.691078153729904,1.24033244652674,0.0179041603114456,0.0304259627591819,0.00910010130610317,0.0537467678077519,0.0592592591419816,9.73625518300105,1.14720809832215,1.95482195704244,0.492204914102331,0.990065101359505,0.0243337189313024,0.0110361742554232,0.0633528269827366,0.101167315151542,0.0614774450659752,0.00941176491323858,0.0038684718310833,0.0114649683237076,0.00746268668444827,0.0175104684312828,0.00167224078904837,0.0177364869159646,0.013291360985022,0.0176330966642126,0,0.0128534703981131,0.000557413615752012,0.0091743121156469,0.000981354271061718,0,0.0257976908469573,0.0425126894842833,0.0259740252513438,1.51378693245351,0.0149413020699285,0.0833907641936094,0.0124304874334484,0.201214227359742,0.00714604742825031,0.642699936171994,0.00461254618130624,0.0933641982264817,0.0489361686632037,0.106502247508615,0.183549788314849,0.32705044420436,0.329896895214915,3.45043310313486,0.100531657226384,3.09823912958382,0.0399999991059303,0.243142152903602,0.534808669472113,0.766433564247563,0,0.391082808375359,0.00845665927045047,0.562214588571806,0.00354609917849302,0.0959084915812127,0.00545073379180394,0.246771220699884,0,0.0295037997420877,0.0123560803476721,0.0517696756869555,0.4932614446152,0.581117002875544
0.231452304171398,0.00235432595945895,1.02432131132809,0.104270365263801,4.64261533808894,0.321507757762447,2.00508788941079,0.0422814348712564,17.1270206775516,0.0874861582415178,1.48504985065665,0.00288739171810448,9.44976909086108,0.00705605634720996,0,0.0883002183400095,0.783098628744483,0.00297471508383751,0.0853563039563596,0.00876552262343466,0.687546592322178,0.0569288395345211,0.466498120338656,0.242570286151022,0.377311951713637,0.179351031780243,1.60611400194466,0.712907124892808,9.2257534165401,0.0370051632053219,2.14470527856611,0.108641975093633,0.0620604056166485,0.0136260408908129,0.0110420975834131,0.00590841937810183,0.727887358516455,0.0281056767562404,0.106896551325917,0.0129870129749179,2.58555736485869,0.00773395178839564,0.0726319736568257,0.00340425525791943,0.0198581558070146,0.00191296031698585,0.0650658393278718,0.00224550906568766,0.0312958434224129,0,0.102083958336152,0.000782166607677937,0.0613287887535989,0,0.20906705892412,0.0104347823071294,0.155084519006778,0.00707290513673797,0.0639305430231616,0.00228571426123381,0.140287768444978,0.00788565818220377,0.0846075396984816,0.0016333197709173,0.193548387964256,0.000863930908963084,0.0579959820024669,0.0151929503772408,0.0167240524897352,0.0106761568458751,5.84772708755918,0.162132143974304,2.67522333387751,0.0808080798014998,0.421768713276833,0.0391861333046108,0.385835089837201,0.0481798709370196,0.165644167922437,0.00309358071535826,1.22998828883283,0.00247908267192543,9.70793330529705,0.0270541085628793,0.982417111197719,0.00640551879769191,2.0331288255984,0.0285714273341,0.590743023785762,0.00740951840998605,0.0165700085926801,0.0472697623772547
0.00689259055070579,0.082620243774727,0.11170966620557,0.848214329162147,0.120113315293565,8.07465201080777,0.0653534190205391,1.93248015921563,0.150899594882503,12.0233727756422,0.00556483049876988,1.24311260762624,0.0313390311785042,1.2226593332598,0.0883002183400095,0,0.0090600224211812,0.568725116550922,0.142239690758288,0.162696962594055,0.56306307669729,2.30769234825857,0.258003173454199,0.671503431920428,0.370737761259079,1.23962043377105,0.270685579511337,3.23226195061579,0.120132562296931,15.8393092849292,1.49278151826002,1.71825406746939,0.0722591344965622,0.113938475260511,0.0250000006053597,0.028252788237296,0.022650056052953,1.65762715588789,0.0161756204906851,0.773246364318766,0.00316205527633429,0.526479734107852,0.0405709992628545,0.193079873919487,0.0379867036826909,0.103746394626796,0.0551884970627725,0.205031918536406,0.000982318306341767,0.048828125,0.0054512414499186,0.0525902681984007,0,0.00788732431828976,0.00751879706513137,0.396371238399297,0.012372242694255,0.0965366793097928,0.0190099007450044,0.0527522953343578,0.00793937192065641,0.0871287155896425,0.00614439323544502,0.0483606557827443,0.0106269924435765,0.0589765838813037,0.0725388623541221,0.204753192141652,0.0365612662862986,0.100178888998926,0.732153088552877,2.69754476344679,0.0673023029230535,4.44978654442821,0.0136986302677542,0.599393014563248,0.211364837712608,1.47068310983013,0.00617760606110096,0.112149529159069,0.00940438848920166,0.763828457682393,0.0304568535648286,3.88525394257158,0.012488848879002,0.335308641311713,0.00740283750928938,2.54638658557087,0.00610687013249844,0.291999996872619,0.33722870470956,0.203612480778247
2.39438507356681,0.0275957235135138,0.459005582961254,0.021699819015339,0.0360784308286384,0.0214559391606599,0.408366006915458,0.0188025719253346,0.233576634898782,0.00918133137747645,6.95179807464592,0.0139328687218949,1.81708375259768,0.0107212476432323,0.783098628744483,0.0090600224211812,0,0.0382081690477207,0.210218973923475,0.0482358201406896,0.0997624746523798,0.0191387552767992,0.0420262664556503,0.0251130084507167,0.00712377578020096,0.00668896315619349,0.0099833607673645,0.00862812798004597,5.15904369507916,0.0482191783376038,0.144836266408674,0.0157273923978209,0.445255478029139,0.105459638172761,0.370526298880577,0.34385964483954,0.630094028776512,0.0656250009778887,0.299758258508518,0.0177909568883479,0.193548394599929,0.00755667476914823,0.218232048035134,0.0810372788691893,0.299504945753142,0.163316581165418,0.0633701405022293,0.0377358496771194,0.406209576874971,0.0231065475381911,0.802275951951742,0.0204081631964073,0.0998415247304365,0.00155642023310065,0.0847926277201623,0.0614478099741973,5.66356888861628,0.0749134393408895,1.43390660686418,0.0649106297059916,1.78342833160423,0.0562091519823298,2.08475727122277,0.0266666656825691,1.52011493686587,0.0286343600600958,0.724530854378827,0.331661903241184,0.247718378668651,0.156697553582489,0.666137980297208,0.125960061326623,2.9048722917214,0.0955137452110648,0.793689327780157,0.0458937191870064,1.08542712405324,0.382761154556647,5.6347825024277,0.032745590666309,7.95053361676401,0.0359237536322325,2.30810816399753,0.0187040755990893,0.885828758531716,0.0348314610309899,0.159151197876781,0.0136892544105649,0.219030511798337,0.00996677699731663,0.079096045345068,0.0659340675920248
0.0253555977833457,3.05571472807787,0.0219579145777971,0.262921351008117,0.00395517458673567,0.0452488701557741,0.00983525882475078,0.341736695612781,0.00271186442114413,0.038734667468816,0.00774693349376321,6.52278975991067,0.00390625005820766,1.48561465088278,0.00297471508383751,0.568725116550922,0.0382081690477207,0,0.213321726769209,0.385328499949537,0.0405904063954949,0.0296846013516188,0.028207773284521,0.0447828031610698,0.00439560448285192,0.00834492361173034,0.00415512453764677,0.0214132759720087,0.0960295489057899,14.7431061930838,0.0666666690958664,0.0780543020227924,0.304629624239169,0.48805031797383,0.16778523568064,0.0747493158560246,0.0118577076354995,0.152431007940322,0.0202292657922953,0.0150848524644971,0,0.0135135132586583,0.0115990060148761,0.0592451032716781,0.0226049510529265,0.11232278693933,0.00946236553136259,0.0215320911956951,0,0.078888890799135,0.00720366736641154,0.086086958355736,0,0.00261951540596783,0.00165837479289621,0.0710466026212089,0.0927953900536522,5.02076649677474,0.109793589217588,0.347972981398925,0.0689655162859708,0.586907463148236,0.0351906171999872,8.56204372784123,0.0257037947885692,1.07288629375398,0.342839434742928,0.658536568691488,0.204954959917814,0.727781681343913,0.154357946012169,1.42227975698188,0.0377850156510249,4.36206889036112,0.015009380877018,0.239252343773842,0.174923543236218,0.98324026633054,0.0019102196674794,12.3416986089433,0.0260416668606922,6.33333307196153,0,0.479585982626304,0.0132200187072158,0.513413995504379,0,0.0328831472434103,0.00858936214353889,0.0824108225060627,0.406315770931542,0.0948453643359244
3.32962075574324,1.17618276091525,15.1305026232731,3.65486941669951,0.0185004873201251,0.0623800366884097,1.45960039459169,2.34847549453843,0.0357852866873145,0.0623202309361659,0.476510073465761,1.43256997922435,0.571520816010889,2.39138121076394,0.0853563039563596,0.142239690758288,0.210218973923475,0.213321726769209,0,18.8727642422891,0.080197406350635,0.0433436536695808,7.42508693772834,1.13501808000728,0.005257623270154,0.0162025317549706,0.00706713809631765,0.0185758522711694,0.677765450673178,0.748079876415431,4.59315596264787,2.45553145243321,13.4697816998232,7.69815221778117,0.407171785831451,0.0722154234535992,0.238442817644682,0.0621660985052586,0.210891095688567,0.0357142866123468,0.0592020598705858,0.0178003809414804,0.00745509995613247,0.0144486688659526,0.015866388217546,0.0168705184478313,0.024458420521114,0.0169376697158441,0.00516129028983414,0.0119811722543091,0.0217209702241234,0.0126894606510177,0.00293973530642688,0.000968992244452238,0.0637504264013842,0.0437400957453065,1.04067875538021,0.60717898159055,0.504619770217687,0.148020655324217,0.167320266366005,0.145517544820905,0.0677966082002968,0.115793333738111,0.0589590035378933,0.0570327554596588,0.821684829308651,0.465415832062718,13.9273667400121,3.00508650322445,1.46274518454447,2.27102355688112,0.894787627912592,1.62702450470533,0.192139733349904,0.34723087598104,1.0441989133833,1.58845439576544,0.0176767676603049,0.0775588026735932,0.0682858154759742,0.14200170856202,0.0566622391343117,0.0386643237434328,0.0582442914601415,0.0765153259271756,0.0073298430070281,0.0196428572526202,0.0437710457481444,0.0200580634409562,0.854068566695787,0.679495692253113
0.220986096363049,5.55308140296256,0.533000025316142,12.7918710630038,0.00446827529231086,0.0626102273818105,0.150375942466781,3.30589406206855,0.00637522764736786,0.0563876666128635,0.0387665207963437,1.61526358505944,0.0542517514550127,2.22089556162246,0.00876552262343466,0.162696962594055,0.0482358201406896,0.385328499949537,18.8727642422891,0,0.0963988912990317,0.072262366884388,0.496692408982199,1.65402839606395,0.00287631835089996,0.0111162574030459,0.00277136260410771,0.023562676506117,0.120540349627845,0.910329990845639,0.754998029151466,0.924065907020122,2.80041660973802,3.79394736327231,0.0794563489034772,0.0242024201434106,0.129522109637037,0.0677663849201053,0.152450091205537,0.02249135018792,0.0184119679033756,0.0204894701018929,0.0038277511484921,0.0199004979804158,0.00775494379922748,0.0391389447031543,0.0275771508459002,0.0108418365125544,0.00159426068421453,0.0230067428201437,0.00688741687918082,0.0139026815886609,0.0026966292061843,0.00177935941610485,0.0625598487677053,0.0527103934437037,0.192316864500754,2.09420284503722,0.117411610670388,0.418905787635595,0.0628853252856061,0.324909740011208,0.0239076672587544,0.175077238236554,0.0144373668590561,0.077725803013891,0.524448975920677,0.549134465167299,5.95194240147248,6.87348851852585,0.520683465118054,2.07682113535702,0.163120562210679,2.07334748352878,0.105204255087301,0.471245093038306,0.817487283493392,1.88679250422865,0.0033936653053388,0.0762663609348238,0.0257851235219277,0.159848272160161,0.00900532101513818,0.0479674785747193,0.0169457331066951,0.0897634314605966,0.00573065900243819,0.0371287140296772,0.0330843108240515,0.0236597038456239,0.98503885907121,0.681253664195538
0.0523846764699556,0.0413793105399236,0.0468689967528917,0.11997226474341,0.0618311525322497,1.21239951252937,0.0312592153786682,0.0764966733986512,0.0650813528336585,0.219931282103062,0.0595647222362459,0.0524017482530326,0.0244161371374503,0.0865265750326216,0.687546592322178,0.56306307669729,0.0997624746523798,0.0405904063954949,0.080197406350635,0.0963988912990317,0,3.57711434457451,0.0663379644975066,0.116891460027546,1.09433961869217,2.11548555642366,0.622395851882175,1.93379316153005,1.60536919068545,0.300503242411651,2.83708838920575,1.51648352248594,0.0256064684363082,0.0748976022005081,0.0232558138668537,0.0190023761242628,0.600950144929811,0.475177305517718,0.451053292956203,0.244808752089739,4.85043987818062,0.333333341404796,0.0230149598792195,0.0409315463621169,0.0169204734265804,0.0552677027881145,0.0254699815995991,0.0483036241494119,0.00719424476847053,0.0142348753288388,0.00841042899992317,0.01477832486853,0.00241545890457928,0.00705052865669131,0.0898617510683835,0.121524207526818,0.0200429486576468,0.0328107923269272,0.0212367279455066,0.0165484633762389,0.0194910659920424,0.0218978100456297,0.0174927113112062,0.0145118739455938,0.0104384135920554,0.0173661354929209,0.0219607839826494,0.0627650553360581,0.0290909092873335,0.0531208515167236,9.18742472724989,3.91474654013291,1.21769501175731,0.822784770280123,0.466666681226343,0.644670037552714,0.704900944139808,0.919786114245653,0.0269541773013771,0.0222222227603197,0.141277638613246,0.0662598083727062,1.73613765416667,0.346190025098622,0.0938202256802469,0.0601407551439479,0.519368726061657,0.366114906966686,0.134410887723789,0.0496894419193268,0.890510941855609,1.65986391156912
0.00391849520383403,0.026840178121347,0.0200231035705656,0.141765120439231,0.0622754502110183,9.04277436435223,0.011816838523373,0.0677401423454285,0.0605296343564987,0.558246808126569,0.0161476349458098,0.0298507469706237,0.00958466436713934,0.0533498754957691,0.0569288395345211,2.30769234825857,0.0191387552767992,0.0296846013516188,0.0433436536695808,0.072262366884388,3.57711434457451,0,0.0692134829587303,0.137975495308638,0.292825768701732,1.39153434941545,0.15748031437397,14.328233841341,0.208894874085672,0.40433214046061,1.7787456632359,1.6721915579401,0.0365358578274027,0.0493247208651155,0.0274509820155799,0.0337349404580891,0.0454545437823981,3.09523821342736,0.0449438192881644,9.1903189944569,0.00597014930099249,3.16949153132737,0.0138568128459156,0.0566973770037293,0.0136054418981075,0.0399305558530614,0.0146074248477817,0.0600115382112563,0,0.0232558135176077,0,0.0148331271484494,0,0.00236686388961971,0.00693641602993011,0.77995864499826,0.009325681545306,0.023383267223835,0.00626959255896509,0.0177935947431251,0.00651819678023458,0.0146788991987705,0,0.0145695366663858,0.00210084044374526,0.0159883720334619,0.0220125778578222,0.0544217675924301,0.0201096897944808,0.0535475229844451,2.87454337347299,6.39443133864552,0.173505270387977,1.28237798530608,0.109375003259629,1.52061850996688,0.205666305497289,1.08503765054047,0,0.0282485876232386,0.0197287295013666,0.0847902088426054,0.0442307692719623,1.20529801212251,0.00900393910706043,0.0730769253568724,0.0347322709858418,3.05974527075887,0.0110874196980149,0.157976653659716,2.87313426146284,0.673611116129905
0.0944989727286156,0.0764925355324522,5.66787149256561,2.50350534135941,1.55630634399131,0.574610261712223,2.25354815484025,2.1193149863393,0.66361558099743,0.327893173089251,0.0838278926676139,0.127358487749007,0.64364715013653,0.691078153729904,0.466498120338656,0.258003173454199,0.0420262664556503,0.028207773284521,7.42508693772834,0.496692408982199,0.0663379644975066,0.0692134829587303,0,14.1426034564502,3.28742043115199,0.634429380297661,0.372829020721838,0.361852442380041,0.463628143072128,0.372121978201903,8.78333912941162,3.92933095333865,3.16601163387531,0.887315945874434,0.338606250705197,0.063279855879955,0.0600375235080719,0.0629449209664017,0.0441064628539607,0.0109569032792933,0.00739371543750167,0.0064131929539144,0.00449312012642622,0.0129629635484889,0.00665557396132499,0.00805098982527852,0.0115207373164594,0.0106681642937474,0.00272572413086891,0.00203596882056445,0.00571292534004897,0.0023208586499095,0.00226329686120152,0,0.00842933426611125,0.0164674643310718,0.0619449877704028,0.0626368824741803,0.0367990642553195,0.0147937418660149,0.021253407059703,0.01781432016287,0.0175315566593781,0.0215633427724242,0.0122258182382211,0.0037441496970132,0.204436317173531,0.101411144947633,0.334587761492003,0.233695656526834,0.583396226109471,1.2359717261279,0.292319158557802,0.420064950711094,0.0804337977897376,0.0649526375345886,0.378864135767799,0.370558368042111,0.00546946213580668,0.0137425563298166,0.0417270376347005,0.0364342973625753,0.070407806604635,0.0485100474907085,0.0338101421366446,0.0254596893209964,0.0134920636774041,0.0224561411887407,0.0124580735573545,0.0131848145101685,0.0705770165659487,0.234293807763606
0.0302131101489067,0.0807969047455117,1.79584225971485,12.0803379267454,0.20301507320255,1.64851490291767,0.939207072020508,4.5726296621142,0.34702259930782,1.16221557545941,0.050445101573132,0.176111595937982,0.454995047184639,1.24033244652674,0.242570286151022,0.671503431920428,0.0251130084507167,0.0447828031610698,1.13501808000728,1.65402839606395,0.116891460027546,0.137975495308638,14.1426034564502,0,2.11099014850333,1.92673990374897,0.211789243970998,0.414087503217161,0.253126179799438,0.651968501508236,5.47980880131945,4.80946002271958,0.360805171658285,0.229531145654619,0.0744744762778282,0.0114649683237076,0.0472124558873475,0.100250623654574,0.0654396712779999,0.0261627906002104,0.00536912772804499,0.0119284299435094,0.0048493244103156,0.0163678876706399,0.00171600177418441,0.0112700476311147,0.0135811297805049,0.0277008302509785,0.00088456436060369,0.00615926092723384,0.0034023248590529,0.00865488639101386,0.00202326755970716,0.00100000004749745,0.0110918544232845,0.0297638304764405,0.0177529806387611,0.0724563234834932,0.0116363633424044,0.0126715946244076,0.00467289739754051,0.0285077951848507,0.00275482091819867,0.0315196998417377,0.00949216890148818,0.0110628206748515,0.0340632592560723,0.0439121749368496,0.0542463318561204,0.0620399545878172,0.49493928370066,2.43629165366292,0.216135464608669,0.783977129962295,0.0623781681060791,0.11406350787729,0.460151798906736,0.426103635225445,0.0039473685901612,0.0132538110483438,0.0237666541943327,0.0650595417246222,0.0291571747511625,0.082278483081609,0.0123168402642477,0.0392982446355745,0.00866738893091679,0.051470588427037,0.0102857141755521,0.0230872487300076,0.104005621047691,0.490644480334595
