0,0.0399176953942515,9.53546283303876,0.0602409616112709,0.0346238585188985,0.00931966438656673,8.56480538638425,0.0519265735638328,0.122186490916647,0.00188679242273793,5.81812529911986,0.0379965469473973,4.69364716223208,0.0367573010735214,0.664142767433077,0.00974553299602121,1.78330711292801,0.0233576633036137,4.15167304454371,0.287638293171767,0.0171898355474696,0.00222551927436143,0.0821739147941116,0.0321782188257203,0.00742992205778137,0.00260078022256494,0.044027192518115,0.00134138157591224,3.5857893100474,0.0579243740066886,0.515997695561964,0.0336524504236877,3.55412384291412,0.376135526923463,0.0912305534002371,0.014603870222345,0.771918645186815,0.00573613762389868,0.473118261201307,0.0152021893882193,0.202349371276796,0.000750187551602721,0.0153389402548783,0.00210249680094421,0.00733634328935295,0.0011487650917843,0.0326879543717951,0.00339888321468607,0.0126764619490132,0.00113700970541686,0.0381791473773774,0,0.00697748182574287,0,0.0879922238818835,0.0336015141801909,13.4111771618482,0.0384615384973586,0.849722644488793,0.00492004910483956,2.06379427909269,0.00931044481694698,0.8668063711375,0.00465838517993689,0.145322433672845,0.00320855621248484,0.513371143199038,0.0706131097686011,6.87136214808561,0.190256742876954,1.06333120836644,0.14254039269872,3.97079833963653,0.0680399486445822,0.887812129338272,0.0238450076431036,1.2052857777453,0.130086310149636,0.0422801068052649,0.00597907323390245,0.4755859375,0.0190880164154805,0.615155154897366,0.00469759246334434,0.401084018871188,0.00852424115873873,0.0632411073893309,0.0036166365025565,0.104820036707679,0.000804505252745003,0.0700389104895294,0.0915438332594931
0.0399176953942515,0,0.043218769133091,2.65960723772878,0.00196142523782328,0.0999677495565265,0.0100138125417288,5.16478318863665,0.00133689842186868,0.0124101889086887,0.00905269954819232,7.19845049193827,0.00290416268398985,1.95433323213365,0.00391061441041529,0.102908277884126,0.00588812562637031,2.07801642292179,0.474853225168772,3.16039613820612,0.034401877084747,0.0620636157691479,0.0437304771039635,0.0984191783936694,0.01195919822203,0.0128465176094323,0.00336587021593004,0.0230446920613758,0.0217273226007819,1.41512042813702,0.0909638573066331,0.139381192158908,0.406166927423328,0.838432374759577,0.0361623609205708,0.0175505527295172,0.0475247539579868,0.124503313330933,0.0578186581842601,0.0403658151626587,0.0111067034304142,0.011773940641433,0.00458715576678514,0.0276647688006051,0.00525394035503268,0.0172413790714927,0.0160663378774188,0.0159960016608238,0.00119296147022396,0.0252941166399978,0.00172080018091947,0.00524521397892386,0,0,0.0240240236744285,0.107108084484935,0.034977401024662,11.2573786714347,0.0207900209352374,0.277679264545441,0.0127357338787988,0.518228382570669,0.00558485893998295,0.32194341433933,0.00502354791387916,0.186085029446986,0.196347030083416,0.546834354958264,0.642555751954205,2.84041103429627,0.194078955682926,1.12207966303686,0.0393421465996653,1.47375236882363,0.0358674477320164,0.434138734883163,0.222576526051853,0.688419707817957,0.00158040295355022,0.078967945126351,0.00603318284265697,0.516858825227246,0.00247371685691178,0.044403892592527,0.00449360528727993,0.156357704778202,0.00137080193962902,0.0374999991618097,0.018562486715382,0.00947672012262046,0.467373576946557,0.070731705694925
9.53546283303876,0.043218769133091,0,1.08755410742015,2.01007548859343,0.6096954572713,24.7415810087405,0.600727755110711,2.75908652629005,0.050959421088919,1.95077875442803,0.0863806548295543,5.86067307140911,0.239738089498132,1.51149574050214,0.0471161658642814,0.494643963756971,0.0134345790138468,12.5126432143152,0.887178232194856,0.0209345794282854,0.0155844154651277,7.06457925625728,1.9608813081868,0.55270271608606,0.448780501610599,0.131476680631749,0.0845353931654245,2.93287722783862,0.160944205708802,7.31568201491609,0.751015676069073,9.0306783845881,0.386051094392315,0.159179347974714,0.0204528861213475,0.566253585973755,0.0114759329007939,0.256248020741623,0.00790754251647741,0.076573162805289,0,0.0138579558115453,0.0031545739620924,0.00564493355341256,0.00402183295227587,0.0145875246380456,0.00825643495772965,0.00461095105856657,0.00170599948614836,0.0276961812051013,0.00152671756222844,0.00571065978147089,0,0.0291757844388485,0.0236686391872354,1.71993851198931,0.0376995579572394,0.425725094974041,0.00344488187693059,0.31571428233292,0.00698486622422934,0.1688622784568,0.00724825286306441,0.0466383990715258,0.00588392623467371,0.355015189968981,0.035948403965449,1.4631732107955,0.094830421730876,1.43934120982885,0.43472749972716,2.85332501970697,0.124882918316871,0.525727058120538,0.021617591730319,0.853980923595373,0.152944799978286,0.026435045292601,0.00672897195909172,0.154822964046616,0.0169707252644002,0.405849018134177,0.00528634374495596,0.126715234364383,0.00639431609306484,0.0514003301504999,0.00602954474743456,0.0433684202725999,0.00120700060506351,0.0467107817530632,0.0597594110295177
0.0602409616112709,2.65960723772878,1.08755410742015,0,0.0751922519411892,5.1168026070809,0.479180024471134,19.7389126414782,0.164924502605572,0.674445057520643,0.0225669960491359,1.57457991258707,0.143979059066623,2.73107287357561,0.0481150821433403,0.568520355445798,0.00911940727382898,0.140462884213775,2.19455252867192,11.5703475750051,0.0750830533797853,0.0818481873720884,4.34495352959493,20.8930040738778,0.101972688920796,1.51319653959945,0.0572597139980644,0.205066347261891,0.103531690139789,1.32365248567658,2.31124084460316,6.2078816620633,0.946369239478372,1.17449508805294,0.0683111927937716,0.0195248943055049,0.0901780597050674,0.0823732718126848,0.0915331766009331,0.0325696938089095,0.00941809581127018,0.0133333331905305,0.0109689217060804,0.0425223489291966,0.00670448702294379,0.0272536678239703,0.0218046861700714,0.0390747802157421,0,0.0197300112340599,0.00117623998085037,0.00328253218322061,0.000573558907490224,0.0011405759723857,0.0278776984778233,0.100877195072826,0.0288756540976465,0.808818186284043,0.0111627909354866,0.110934301395901,0.0101433295931201,0.258817287161946,0.00544217706192285,0.149595043330919,0.00549903779756278,0.096219927771017,0.105502847058233,0.217219592013862,0.308753317105584,0.73606170254061,0.479954204172827,3.3090804675594,0.0821840682765469,1.1797626290936,0.0702684780117124,0.264413530414458,0.539018966432195,0.815539397473913,0,0.0578073065844364,0.00902934523764998,0.339869272895157,0.0168204014771618,0.0561497337184846,0.00641231192275882,0.114333615318174,0.00178041541948915,0.0345016443170607,0.0137659786560107,0.0147003390302416,0.315427001798525,0.132554948388133
0.0346238585188985,0.00196142523782328,2.01007548859343,0.0751922519411892,0,0.77150919334963,0.380141142988577,0.0475741870759521,14.6249049524777,0.0899202302098274,0.110638294368982,0.00358637189492583,0.493262570817024,0.00460617215139791,5.40537697635591,0.0707871075719595,0.10043668281287,0.00246305414475501,0.0241718884790316,0.00933389889542013,0.454857137985528,0.156424576416612,1.30760982690845,0.479678433621302,5.40689653158188,1.79764703172259,8.39596288930625,1.56646906107198,2.51425721403211,0.0570539449108765,6.9395237416029,0.528554091579281,0.0808080823626369,0.00880281673744321,0.00778967887163162,0.00426439242437482,0.188567191828042,0.0104712045285851,0.0631888309726492,0.0013440860202536,0.00715990480966866,0.00462427735328674,0.0116019633132964,0.00199600798077881,0.0022948938421905,0.00356930389534682,0.00459558825241402,0.00862812798004597,0.00598802405875176,0.00232964474707842,0.0101146328961477,0.000938967161346227,0.0162721895612776,0,0.00778210099088028,0.00989690702408552,0.0287727538379841,0.00353045028168708,0.012933025485836,0.00176678446587175,0.0116666669491678,0.00122249394189566,0.014285714016296,0,0.0133155786897987,0.00103145954199135,0.0108452949207276,0.00682826910633594,0.0134556571720168,0.0113177041057497,6.15622715186328,0.160766961053014,0.842031057458371,0.0684248059988022,0.303854879457504,0.0113250280264765,0.172057814779691,0.0318780312081799,0.00943396240472794,0.00457142852246761,0.0723311568144709,0.00137268356047571,0.43455833569169,0.0149532705545425,0.0287594444525894,0.00313315924722701,0.131174086709507,0.00791034917347133,0.020338983158581,0.000630715861916542,0.00520156044512987,0.0308880312368274
0.00931966438656673,0.0999677495565265,0.6096954572713,5.1168026070809,0.77150919334963,0,0.241387618618319,3.19076485108235,0.596595093025826,8.42927491350565,0.00688705244101584,0.152769672684371,0.085909272544086,0.392227733042091,0.135121200000867,7.30025809665676,0.0155367231927812,0.0984393726103008,0.240773288765922,0.335139632807113,3.21046878397465,9.06510116579011,1.09116509265732,4.18676021799911,3.00499159097672,21.8268785075052,2.6556391234044,13.6484051684383,0.124448794638738,2.48020310862921,4.81596178479958,10.6611378379166,0.291371988016181,0.192739848396741,0.132834423799068,0.1387755041942,0.0431965431198478,0.990572858601809,0.0270848190411925,2.19346411689185,0.00227272720076144,1.27012132108212,0.0718353057745844,0.27859237510711,0.0470588256139308,0.145095764310099,0.108205592259765,0.345762707758695,0,0.0500284270383418,0.00598404236370698,0.0027624309877865,0,0.0113154174759984,0.00594479811843485,0.374543993035331,0.0208816698286682,0.0900900873239152,0.0172179432702251,0.01908065949101,0.00900900905253366,0.0119189510587603,0.00505689019337296,0.00760095007717609,0.0103626940399408,0.0302877346985042,0.145420205779374,0.202625386998989,0.0739415609277785,0.232994531164877,2.81057906826027,9.15879851463251,0.0575342481024563,3.14325264107902,0.125541125424206,1.04864867404103,0.366555174579844,1.28350163053256,0.00674157310277224,0.00872409995645285,0.0102695762179792,0.0967523642466404,0.0389202766818926,2.31936846044846,0.0125452355132438,0.113119829969946,0.0187940485775471,2.40538814978208,0.0033422460546717,0.118269530357793,2.00986431795172,0.0781440809369087
8.56480538638425,0.0100138125417288,24.7415810087405,0.479180024471134,0.380141142988577,0.241387618618319,0,0.230405503883958,3.85106361302314,0.0170233462995384,2.99058654229157,0.0122560148884077,14.6947123550344,0.0623980429954827,2.41857457964215,0.025075658748392,0.312149993871571,0.00504934578202665,1.3666197177954,0.188605114817619,0.00554323720280081,0.00441014347597957,1.58966017980129,0.764682242734125,0.0919599289190955,0.138722554664128,0.0666500873630866,0.0286152269691229,3.16018594690831,0.0411928771063685,2.52723116666311,0.300525231810752,1.54447220545262,0.0935064922668971,0.0398936157580465,0.0103514026850462,0.24264707317343,0.00245700241066515,0.136297020013444,0.00236910680541769,0.016802015597932,0.000555864360649139,0.0116606351512019,0.00126662448747084,0.00446827529231086,0.00135931131080724,0.0134446932643186,0.00158384477254003,0.00454235734650865,0.000898876402061433,0.0203544481191784,0,0.00783353764563799,0.00048721072380431,0.0241775660542771,0.0108569213189185,1.32529724389315,0.0120678411039989,0.179665174800903,0.000800480309408158,0.639392149751075,0.00228885328397155,0.224198451760458,0.00166805670596659,0.0538370725116692,0.00171232875436544,0.101567828911357,0.0134228192036971,0.436355313082458,0.0292191437911242,1.2660146659473,0.14184397936333,1.88436522238771,0.0411025156790856,0.303181203315035,0.00331858405843377,0.532250363263302,0.0421455928590149,0.0201061153784394,0.00221729488112032,0.226332535443362,0.00566672580316663,0.470588236581534,0.000922083912882954,0.206260974809993,0.0012189547996968,0.057459675706923,0.00141176473698579,0.0390638755343389,0.000677506788633764,0.0159908630885184,0.0341880333144218
0.0519265735638328,5.16478318863665,0.600727755110711,19.7389126414782,0.0475741870759521,3.19076485108235,0.230405503883958,0,0.0564728397876024,2.00658977619605,0.0149532714858651,4.03257754747756,0.086482418992091,8.05990873137489,0.0314663302560803,1.30505986092612,0.0113100847229362,0.203827320772689,2.20689649879932,4.05280287470669,0.0437917222734541,0.0387782224570401,2.124536941119,3.77060097735375,0.065508687403053,0.732448750350159,0.0379990387300495,0.119476675987244,0.0550421046791598,1.8661941991013,1.68315954683931,4.23073507176014,0.833703794749454,1.06534423457924,0.0528611775953323,0.0220588246593252,0.0526440600806382,0.0822438796749339,0.0449066401051823,0.0169802659947891,0.00701186596415937,0.00696117768529803,0.00821756976074539,0.0274928189173806,0.00476913081365637,0.0197758733702358,0.0126833133399487,0.0335389351530466,0,0.0126444296620321,0.00171350242453627,0.0031999999191612,0,0.000942951417528093,0.0165927075431682,0.0906515610404313,0.0245379220577888,1.12585734948516,0.0146971203212161,0.112582783825928,0.00834914617007598,0.279627170821186,0.00362811796367168,0.214068519417197,0.00365965231321752,0.111457680817693,0.0909242322086357,0.193826525297482,0.277913431520574,0.474799132643966,0.265436477173353,2.37671555229463,0.0485074615571648,0.842499401187524,0.0389125808724202,0.115107917692512,0.301642373786308,0.419197779148817,0.00322754157241434,0.0710280373459682,0.00580832536797971,0.516943304537563,0.00769056763965636,0.0540782135212794,0.00487595031154342,0.171343278256245,0.00146163217141293,0.0319124688394368,0.010996563360095,0.0105942720547318,0.130255571042653,0.0647107242839411
0.122186490916647,0.00133689842186868,2.75908652629005,0.164924502605572,14.6249049524777,0.596595093025826,3.85106361302314,0.0564728397876024,0,0.0624999976716936,0.439314975519665,0.00124532997142524,7.68010063451948,0.00380228133872151,23.9180336584104,0.0273822573944926,0.272379497531801,0.00256904307752848,0.0369173963554204,0.0104803496506065,0.0742574245668948,0.0531400959007442,0.551244509581011,0.659300195751712,2.07319303543773,0.811258277390152,4.6093366316054,0.439856384182349,4.86956530809402,0.0236432035453618,5.02675166726112,0.409119690652005,0.088469180976972,0.0108843538910151,0.00833333376795053,0.00688863359391689,0.0906250013504177,0.0031496062874794,0.0340030901134014,0,0.00518806744366884,0.00501253129914403,0.023919042549096,0.00516262254677713,0.00954653974622488,0.00123915739823133,0.0151730682700872,0.00533096410799772,0.00748596363700926,0,0.0213866857229732,0,0.0249027237296104,0,0.0178094394505024,0.00424088211730123,0.102425878169015,0,0.0314585325540975,0,0.0462923271115869,0.00127469724975526,0.0461642888840288,0,0.0264808356296271,0.00106837612111121,0.0156453712843359,0.00698812014888972,0.0165816323133186,0.0034188034478575,5.95503873750567,0.10705973720178,1.1310140225105,0.0404191631823778,0.245398771949112,0.00735294143669307,0.196248196065426,0.0159883720334619,0.0588988484814763,0.00247524748556316,0.178635551943444,0.00140498776454479,1.60646896716207,0.00520156044512987,0.0946481691789813,0,0.306506847031415,0.00413793115876615,0.0534165796125308,0,0.00569800566881895,0.0338028157129884
0.00188679242273793,0.0124101889086887,0.050959421088919,0.674445057520643,0.0899202302098274,8.42927491350565,0.0170233462995384,2.00658977619605,0.0624999976716936,0,0.00283085624687374,0.0286396192386746,0.00978792831301689,0.0855565752717666,0.0168421044945717,6.06329084560275,0.00435729848686606,0.00737553765065968,0.042020563269034,0.0491525417892262,0.305239192675799,0.592427634168416,0.112776586785913,0.479928621207364,0.443680151598528,2.44287947390694,0.34701780974865,1.71790544700343,0.0179820174816996,0.462972561246715,0.571951220044866,1.23347482318059,0.0336215167772025,0.0219780224142596,0.0194174761418253,0.0318809773307294,0.00592592591419816,0.141791045898572,0,0.119382960256189,0,0.239631336182356,0.0115864524850622,0.0388639775337651,0.0091638034209609,0.0308788612019271,0.0119320788071491,0.0620422228239477,0,0.00581395346671343,0.000673627480864525,0.000937646487727761,0.00147601473145187,0.00145454541780055,0,0.0807248746277764,0.00176004687091336,0.0158730153925717,0.00461254618130624,0.00088222319027409,0.00166458589956164,0.00122025620657951,0.0012961762258783,0,0.00265780719928443,0.00102986616548151,0.0191204587463289,0.0368349251803011,0.00854700885247439,0.0258064512163401,0.295588241075166,1.05665930733085,0.00422237848397344,0.504978657700121,0.0158192093949765,0.146726865787059,0.0494505506940186,0.200553255272098,0.0023501762188971,0,0.000870321993716061,0.0274254381656647,0.00386100390460342,0.782338290242478,0.000974184134975076,0.0333942100405693,0,0.507894758600742,0,0.0264650273602456,0.108808287419379,0.0102564105764031
5.81812529911986,0.00905269954819232,1.95077875442803,0.0225669960491359,0.110638294368982,0.00688705244101584,2.99058654229157,0.0149532714858651,0.439314975519665,0.00283085624687374,0,0.00585823087021708,12.5122837952804,0.0190476193092763,3.25427245511673,0.00207576551474631,7.81392068741843,0.00844390841666609,0.520282171200961,0.0618987878551707,0.0088008800521493,0.0129171148873866,0.0458877501660027,0.0175978883635253,0.0201005022972822,0.00458365178201348,0.0635400884784758,0.00329218106344342,3.2287258983124,0.0265035666525364,0.393776166019961,0.00952380988746881,0.389966868795455,0.0693842163309455,0.047125353012234,0.0102880655322224,0.247646633768454,0.00437636766582727,0.136200712295249,0.00262812082655728,0.064220180734992,0,0.0325274731731042,0.000981354271061718,0.010129431495443,0.00233236141502857,0.0226244344958104,0.000850340118631721,0.0199530519312248,0,0.0473333328263834,0,0.0288600288331509,0,0.0332339146407321,0.00732004857854918,4.75697672646493,0.010486455517821,0.215552520530764,0.00174064398743212,1.07888250780525,0.00359281443525106,1.18297326529864,0.000953743467107415,0.106770836515352,0.00304105435498059,0.0908804079517722,0.0134998315479606,0.190533260931261,0.0597954371478409,0.900071912677959,0.0388489204924554,1.72314052074216,0.00695894239470363,0.410480355843902,0.00436204997822642,0.458641545264982,0.0392687871353701,0.337868485366926,0.00220022001303732,1.43495066271862,0.00271370424889028,2.81261824839748,0.00122025620657951,0.305535405874252,0.000517598353326321,0.148148148320615,0.0025789812207222,0.0556300285970792,0,0.0174346195999533,0.0443896413780749
0.0379965469473973,7.19845049193827,0.0863806548295543,1.57457991258707,0.00358637189492583,0.152769672684371,0.0122560148884077,4.03257754747756,0.00124532997142524,0.0286396192386746,0.00585823087021708,0,0.0109249821980484,11.9837923687883,0.00273473106790334,1.27123285643756,0.017953320639208,7.09630430862308,0.998814666643739,2.00979649083456,0.0716723527293652,0.0738255036994815,0.0555555570172146,0.111198740371037,0.0178448862861842,0.0356234097853303,0.0100946370512247,0.0270635983906686,0.0391986066824757,12.9384269312723,0.20889348257333,0.283067434793338,0.453703692823183,0.784741133451462,0.108761329203844,0.0582995940931141,0.0547445251140743,0.100367198698223,0.0579010862857103,0.0324929986381903,0.0158590312348679,0.013769363053143,0.0165484633762389,0.0573663613758981,0.0127450987929478,0.0626895867753774,0.0137484836159274,0.0451242819544859,0.00101677677594125,0.0287984110182151,0.00429053028346971,0.00412031309679151,0,0,0.0153256708290428,0.0727406310033984,0.0367269767448306,2.21266233560164,0.033306255179923,0.11401796201244,0.0185391181730665,0.348680823110044,0.00653238943777978,0.262711861287244,0.0100055584916845,0.10733452392742,0.189393943583127,0.314941108226776,0.434782616794109,0.990873514674604,0.232164457440376,2.38959460693877,0.0513119511306286,3.81882337736897,0.0441051740199327,0.449152537039481,0.218285711947829,0.613793101161718,0.00698689976707101,0.605802029022016,0.0077160494402051,0.708190607547294,0.00541125540621579,0.188222913071513,0.00863636369467713,0.103222681267653,0.00130548304878175,0.0496141141047701,0.00739143812097609,0.0115340249612927,0.467166979797184,0.0670391069725156
4.69364716223208,0.00290416268398985,5.86067307140911,0.143979059066623,0.493262570817024,0.085909272544086,14.6947123550344,0.086482418992091,7.68010063451948,0.00978792831301689,12.5122837952804,0.0109249821980484,0,0.0351417994243093,12.7757570485119,0.00876601517666131,2.1127912067459,0.00889877672307193,0.669488993065897,0.128862968180329,0.0133470230503008,0.00813008099794388,0.383780975651462,0.262077291146852,0.0895656063221395,0.0724020422785543,0.151630668842699,0.0399290162022226,4.9960938988952,0.0239920034073293,1.4428043999942,0.130194927973207,0.622461916180328,0.0783258624142036,0.0295238092076033,0.00994530040770769,0.218181818258017,0.00414937763707712,0.115858669916634,0.00234283483587205,0.0261643115663901,0,0.0398310190066695,0.00194995128549635,0.00994318211451173,0.00217864924343303,0.0252385344938375,0.00353877909947187,0.018228217959404,0.000716845854185522,0.054964097274933,0,0.0164948450401425,0,0.0395747210131958,0.00800457398872823,2.3607948817662,0.011180679575773,0.203211863525212,0.00179802213096991,0.905845133645926,0.00147655967157334,0.760045906528831,0.00063775508897379,0.0869902931153774,0.00132802128791809,0.0884030411252752,0.016491754562594,0.166174295009114,0.0320346328662708,1.7893004079815,0.0872787138214335,1.82577276416123,0.0250403883401304,0.334526859107427,0.012269938364625,0.491686458117329,0.0357710657408461,0.0583029696717858,0.00205338816158473,0.660926394572016,0.0105342363822274,2.12118894536979,0.00373413000488654,0.375193187501281,0.000407913525123149,0.264298093679827,0.00308880303055048,0.080536914174445,0,0.00760043459013104,0.0291891898959875
0.0367573010735214,1.95433323213365,0.239738089498132,2.73107287357561,0.00460617215139791,0.392227733042091,0.0623980429954827,8.05990873137489,0.00380228133872151,0.0855565752717666,0.0190476193092763,11.9837923687883,0.0351417994243093,0,0.00742942036595196,1.19494049844798,0.00829875521594658,1.07151712104678,1.90756018267712,2.69670045236126,0.0383233539760113,0.0449704139027745,0.407902075559832,0.671720483980607,0.0245524300262332,0.0676328485133126,0.0172827655915171,0.0384615394286811,0.0314960621763021,8.21373454743298,0.671875005005859,1.51659155037487,0.716771066654474,1.02249757386744,0.082327114068903,0.0265435649780557,0.0560224091168493,0.0684803002513945,0.0695732844178565,0.017520806286484,0.00489895883947611,0.00722891581244767,0.0144927537767217,0.0378706671181135,0.0110323089174926,0.0371567052789032,0.0114439587341622,0.0327658199239522,0.00243407709058374,0.0230891723185778,0.00212709396146238,0.00410256406757981,0,0.000922934908885509,0.0128700130153447,0.0577639740658924,0.0247560098068789,1.23462091817055,0.0189189193770289,0.0934946030029096,0.00938967161346227,0.265734273823909,0.00685224821791053,0.250524848001078,0.00174140185117722,0.0811997091514058,0.123155216686428,0.207303979434073,0.26008230401203,0.499015746172518,0.179368027776945,2.68898187484592,0.0460912773851305,2.16378525202163,0.0536672619637102,0.221692489692941,0.237544482049998,0.470062560751103,0.00365185621194541,0.190419165068306,0.00582524249330163,0.442167699802667,0.00085251493146643,0.0591666680993512,0.00898325874004513,0.1132972954656,0.00197044340893626,0.0320069214212708,0.0106809078715742,0.00605143723078072,0.253196928882971,0.0661577610298991
0.664142767433077,0.00391061441041529,1.51149574050214,0.0481150821433403,5.40537697635591,0.135121200000867,2.41857457964215,0.0314663302560803,23.9180336584104,0.0168421044945717,3.25427245511673,0.00273473106790334,12.7757570485119,0.00742942036595196,0,0.0157415081630461,1.85435355617665,0.00559440557844937,0.0950998157495633,0.0208478118292987,0.770773667143658,0.0451977401971817,0.247590366576333,0.150000005203765,0.917311101104133,0.247216042829677,2.48313976940699,0.189189185621217,9.89761918358272,0.0228664767928421,3.37812791723991,0.122750342881773,0.191538461716846,0.0293591112131253,0.0555555570172146,0.0137080193962902,1.10385437635705,0.00215285248123109,0.0722635486163199,0.00298656045924872,3.17292126268148,0,0.0868935557082295,0.00396039598854259,0.0291519436868839,0.00363306095823646,0.0667408254230395,0.00422684045042843,0.0429027829668485,0,0.112991104775574,0.000754432287067175,0.0715429809642956,0,0.109386029071175,0.00475220620865002,0.624904502474237,0.0076530608930625,0.149664932338055,0.00143626565113664,0.215679557004478,0.00185442739166319,0.232896655797958,0.0023219813592732,0.132476513041183,0.00325203244574368,0.093544858857058,0.0144927529618144,0.0519480523653328,0.0147895331028849,5.89989339932799,0.0575386262498796,1.74007224733941,0.0395010397769511,0.382038500159979,0.0128205127548426,0.417426566127688,0.0244399197399616,0.192841497715563,0.00286532961763442,1.06321025895886,0.00931586604565382,11.1496136893402,0.00752587011083961,0.47404845780693,0.00229832221521065,1.88610486220568,0.00392541708424687,0.290406219195575,0.0016251354245469,0.0077519379556179,0.0107858247356489
0.00974553299602121,0.102908277884126,0.0471161658642814,0.568520355445798,0.0707871075719595,7.30025809665676,0.025075658748392,1.30505986092612,0.0273822573944926,6.06329084560275,0.00207576551474631,1.27123285643756,0.00876601517666131,1.19494049844798,0.0157415081630461,0,0.0200951878214255,0.449322739907075,0.167211929219775,0.23034099326469,0.413793101906776,1.44192632613704,0.164656214124989,0.416545716929249,0.409063796745613,1.25669648475014,0.295844873297028,1.29681984067429,0.0325914154527709,18.778732470877,0.601671298965812,1.06241328333272,0.216486910765525,0.211545355268754,0.165803104639053,0.217182126361877,0.0246781115420163,0.831715178210288,0.013844515196979,1.00149622326717,0,0.767004317604005,0.157360402867198,0.438714785501361,0.0902654863893986,0.282074612332508,0.199034539051354,0.719576709670946,0.00274348421953619,0.111906891106628,0.00401952350512147,0.0120891574770212,0.00107009091880172,0.0201164640020579,0.00353356881532818,0.62678450497333,0.0163140445947647,0.117977532965597,0.0313199098454788,0.0186983102466911,0.017826534807682,0.0315838359529153,0.00486144883325323,0.0232558138668537,0.0168400194961578,0.0399022787460126,0.245892671402544,0.477074873051606,0.0650557613698766,0.224629412405193,0.74599784729071,3.07207695872057,0.0372093007899821,4.22500022035092,0.0314510373864323,0.571428565308452,0.144162440206856,1.4204081017524,0.00439560448285192,0.0919540226459503,0.0106685631908476,0.379481210082304,0.00580270809587091,7.00188495055772,0.0125541128800251,0.304577864764724,0.00114155246410519,3.29301880009007,0.0040380732389167,0.197939265053719,0.51632971316576,0.0247295200824738
1.78330711292801,0.00588812562637031,0.494643963756971,0.00911940727382898,0.10043668281287,0.0155367231927812,0.312149993871571,0.0113100847229362,0.272379497531801,0.00435729848686606,7.81392068741843,0.017953320639208,2.1127912067459,0.00829875521594658,1.85435355617665,0.0200951878214255,0,0.0542540061287582,0.171146953245625,0.0433121005771682,0.0320733119733632,0.0156774921342731,0.0185913477325812,0.00983459991402924,0.0276338513940573,0.00471327581908554,0.104199068620801,0.0101781170815229,3.69554337929003,0.103842164389789,0.14556574577,0.0194647200405598,0.74241694615921,0.115418505098205,0.727804878726602,0.292735057184473,0.474349444615655,0.0674157310277224,0.166298748925328,0.0161507399752736,0.107655498431996,0.0115874852053821,0.418937030481175,0.0489510475890711,0.252728320192546,0.065515186288394,0.142594292119611,0.0569948185002431,0.269784178817645,0.0186588913202286,0.537111993413419,0.00375939859077334,0.133333333069459,0,0.135006488068029,0.0445728446356952,5.8619270339841,0.0300264934776351,0.949606999114621,0.0106100798584521,1.18932443135418,0.0220318241044879,2.21586474962533,0.00873362459242344,1.18799998727627,0.0185854411683977,0.642195998574607,0.204304757469799,0.204531531548128,0.137651819386519,0.898892971454188,0.0664697180036455,1.73305085068569,0.0685224831104279,0.520454528974369,0.0385925103910267,0.901447269134223,0.256766125676222,4.2482269553002,0.0160366559866816,7.57086783181876,0.0618131883675233,5.19819237431511,0.0286961939418688,1.17629846592899,0.0167189128696918,0.377939971745946,0.0171617167070508,0.307327006186824,0.00378668366465718,0.0625814851373434,0.0335483883973211
0.0233576633036137,2.07801642292179,0.0134345790138468,0.140462884213775,0.00246305414475501,0.0984393726103008,0.00504934578202665,0.203827320772689,0.00256904307752848,0.00737553765065968,0.00844390841666609,7.09630430862308,0.00889877672307193,1.07151712104678,0.00559440557844937,0.449322739907075,0.0542540061287582,0,0.0999194195028394,0.257965455763042,0.0658949259668589,0.0944881907198578,0.0229734170716256,0.0442299954011105,0.00852272752672434,0.0236375578679144,0.00520833348855376,0.0237928626593202,0.0712060509249568,14.0808824053966,0.0424403185024858,0.086589232319966,0.90674685779959,0.533333340659738,0.399999993969686,0.232715011574328,0.0338557998184115,0.0580441630445421,0.0236171532887965,0.020737327169627,0.00368324131704867,0.0215633427724242,0.0321414228528738,0.0976909435121343,0.0190858864225447,0.164852251647972,0.00825082533992827,0.0600155881256796,0.00104275287594646,0.101781170815229,0.0056004979996942,0.0100925147999078,0.00124999997206032,0.00246913591399789,0.00546661461703479,0.103254771907814,0.0782703891163692,3.87880468525691,0.114380435901694,0.164012741297483,0.0604229606688023,0.573248437140137,0.0525727071799338,5.74383372633019,0.023999999742955,0.213991769123822,0.645580823533237,0.926660358905792,0.178438656963408,1.1784511298174,0.441121481359005,1.17830427945592,0.0564225672278553,3.96244684059639,0.0300884954631329,0.295313889393583,0.162257490679622,0.688350056530908,0.0127737225266173,13.1202140431851,0.0322453804546967,4.76660323049873,0.0122290159342811,1.20345384522807,0.0307975176838227,0.115252578689251,0.00404585315845907,0.0611898021306843,0.0106316444580443,0.0146241596667096,0.359882018761709,0.0331707317382097
4.15167304454371,0.474853225168772,12.5126432143152,2.19455252867192,0.0241718884790316,0.240773288765922,1.3666197177954,2.20689649879932,0.0369173963554204,0.042020563269034,0.520282171200961,0.998814666643739,0.669488993065897,1.90756018267712,0.0950998157495633,0.167211929219775,0.171146953245625,0.0999194195028394,0,13.812752177706,0.0715522186364979,0.0855676014907658,8.18813236989081,3.83144971908769,0.0406342925271019,0.0843881838954985,0.0205032622907311,0.0313879363238811,0.682534140651114,0.984206737484783,4.23727448028512,2.65974436188117,22.4589726680424,6.94057495705783,0.36604774708394,0.11915367830079,0.403628123458475,0.0473804089706391,0.207300591864623,0.0281329927383922,0.0660377368330956,0.00580383057240397,0.0200064534437843,0.025157232536003,0.00845828518504277,0.0126033872365952,0.0263678305782378,0.0251889158971608,0.00316455704160035,0.0062135923653841,0.0109832633170299,0.00334672018652782,0.00452488689916208,0,0.0473036896437407,0.0499543078476563,1.13461538567208,0.325581402081298,0.322858088649809,0.0429212054004893,0.104358500684611,0.0745789892971516,0.0667222682386637,0.0479287904454395,0.0372881351504475,0.0378977473010309,0.852491828030907,0.456825989531353,9.81147190206684,1.92649167380296,1.20451465470251,2.7289973446168,1.04305800644215,1.12162760924548,0.324137929826975,0.359563473728485,1.00216354604345,1.60538893123157,0.0234466581605375,0.0323139051906765,0.0608943868428469,0.090668085438665,0.0606060600257479,0.030044661660213,0.0403144513256848,0.0281569957151078,0.00860009563621134,0.0286315784323961,0.0346638673217967,0.00297840661369264,0.778119222144596,0.194495408213697
0.287638293171767,3.16039613820612,0.887178232194856,11.5703475750051,0.00933389889542013,0.335139632807113,0.188605114817619,4.05280287470669,0.0104803496506065,0.0491525417892262,0.0618987878551707,2.00979649083456,0.128862968180329,2.69670045236126,0.0208478118292987,0.23034099326469,0.0433121005771682,0.257965455763042,13.812752177706,0,0.137931033968925,0.134328361367807,1.06243387702852,3.31614900578279,0.0214852869394235,0.0629432604182512,0.0176289118826389,0.0545790936448611,0.13959732092917,1.56823648425052,1.24522540078033,1.54548917023931,3.65751644759439,3.29050101013854,0.144422315061092,0.0323084929259494,0.238831618567929,0.062122521456331,0.248505542927887,0.046982582542114,0.0296866411808878,0.0130010833963752,0.0124146498274058,0.0308207701891661,0.00513950065942481,0.026296018040739,0.031042129965499,0.0333434372441843,0.00150886457413435,0.0200148264993913,0.00354699790477753,0.00321440049447119,0.00171453063376248,0.00084997876547277,0.0686095905839466,0.0933646502089687,0.183724642032757,1.13835614622803,0.0750158911105245,0.148536206514109,0.0384501612279564,0.227741694776341,0.0333201102912426,0.120893558021635,0.0120821589371189,0.102739728754386,0.547619045770261,0.629667528381106,4.08333346928703,5.16321017732844,0.665526102529839,3.5019254903309,0.265944136481266,2.10067115072161,0.192163172760047,0.761802573688328,1.04601480002748,2.60891097248532,0.00328048097435385,0.0463362067239359,0.0262515271897428,0.190500643162522,0.0229067933396436,0.0518174769822508,0.0161290323885623,0.0756599465385079,0.00180505414027721,0.0528422727948055,0.0483337580226362,0.00722543365554884,1.16914284462109,0.295790662057698
0.0171898355474696,0.034401877084747,0.0209345794282854,0.0750830533797853,0.454857137985528,3.21046878397465,0.00554323720280081,0.0437917222734541,0.0742574245668948,0.305239192675799,0.0088008800521493,0.0716723527293652,0.0133470230503008,0.0383233539760113,0.770773667143658,0.413793101906776,0.0320733119733632,0.0658949259668589,0.0715522186364979,0.137931033968925,0,4.27918772958219,0.0548302856041119,0.0540851557161659,3.63277690345421,3.49354014359415,3.93900872441009,4.66764715011232,1.06141526601277,0.323756118421443,3.90316894138232,2.11353717953898,0.106463877484202,0.107284018304199,0.148288972210139,0.169336376711726,0.494089835090563,0.191387552767992,0.132558139041066,0.127659580903128,2.4925815872848,0.159340663347393,0.0310344826430082,0.115768459509127,0.0209339776774868,0.0966101683443412,0.0573134310543537,0.13979086629115,0.00513259205035865,0.0361842107959092,0.00649087224155664,0,0.00470035243779421,0.00688863359391689,0.0242825606837869,0.0873180879279971,0.0179001722717658,0.0379572104429826,0.0156250005820766,0.0136131593026221,0.0126382308080792,0.0211453749798238,0.00769971124827862,0.0115236877463758,0.0059940058272332,0.0208623090293258,0.0835231557721272,0.14579900825629,0.0793650769628584,0.217391308397055,7.59345770347863,3.90877188113518,0.429661922855303,1.2217294794973,2.0944881811738,0.806282730773091,1.18487401027232,1.51804678724147,0.0345821315422654,0.0374331558123231,0.0423634347971529,0.0265229996293783,2.59238092461601,0.202898554503918,0.025541365146637,0.0174226490198635,0.520435960032046,0.228346455842257,0.0334830553038046,0.0172284645959735,0.843283562455326,1.1739130653441
0.00222551927436143,0.0620636157691479,0.0155844154651277,0.0818481873720884,0.156424576416612,9.06510116579011,0.00441014347597957,0.0387782224570401,0.0531400959007442,0.592427634168416,0.0129171148873866,0.0738255036994815,0.00813008099794388,0.0449704139027745,0.0451977401971817,1.44192632613704,0.0156774921342731,0.0944881907198578,0.0855676014907658,0.134328361367807,4.27918772958219,0,0.0440034526982345,0.0580204760190099,1.49926362768747,3.51133487606421,1.41759606357664,13.3828569995239,0.13702239934355,0.574982725083828,2.18858138367068,1.98969959409442,0.14267835044302,0.102735897060484,0.153846154455096,0.271334795281291,0.0600461889989674,1.8831775104627,0.0454545440152287,4.31976165273227,0,3.23437509639189,0.0534090892178938,0.16677610273473,0.0427892248844728,0.105000002542511,0.0660766959190369,0.232988556614146,0.00336417159996927,0.0614886751864105,0.00482897367328405,0,0,0.0134680140763521,0.00655021844431758,0.401234555756673,0.0109401708468795,0.0466072659473866,0.0225653216475621,0.0168255757307634,0.0156331417383626,0.0155844159889966,0.00755429640412331,0.00884955783840269,0.00587659142911434,0.0123456789879128,0.103240389667917,0.183823531551752,0.083188908174634,0.293650784762576,4.1141550806351,8.61257133632898,0.10885805496946,1.64859004318714,0.53366585355252,1.90049746818841,0.602880640188232,2.22869024425745,0.0108991824090481,0.0253807101398706,0.00882028695195913,0.0509658857481554,0.0485981323290616,1.32740212441422,0.00552181096281856,0.0591221264912747,0.0291777183301747,4.33397675224114,0.00729040073929355,0.135315985768102,15.4652778930031,0.297297304496169
0.0821739147941116,0.0437304771039635,7.06457925625728,4.34495352959493,1.30760982690845,1.09116509265732,1.58966017980129,2.124536941119,0.551244509581011,0.112776586785913,0.0458877501660027,0.0555555570172146,0.383780975651462,0.407902075559832,0.247590366576333,0.164656214124989,0.0185913477325812,0.0229734170716256,8.18813236989081,1.06243387702852,0.0548302856041119,0.0440034526982345,0,24.8618229314452,1.43011998268776,1.27946631622035,0.23607524111867,0.187403993681073,0.23085913999239,0.401074323803186,9.90522904990939,6.58911697007716,5.99086263566278,0.643572397413664,0.284897959034424,0.0652266005636193,0.0613718427484855,0.0217391311889514,0.0287356320768595,0.00961868767626584,0.00353825744241476,0.00349650345742702,0.0120087338145822,0.00933761335909367,0.00442198337987065,0.00837628840235993,0.00889135897159576,0.0261962041258812,0.0012932427925989,0.00509554147720337,0.00729095470160246,0.00112580915447325,0.000720720738172531,0,0.00695931469090283,0.016112266224809,0.0795195680111647,0.057237658824306,0.0356744714081287,0.00542446447070688,0.0167407803237438,0.0215756776160561,0.00944988208357245,0.0114744692109525,0.00752136745722964,0.00773349177325144,0.176831940741977,0.0739889708638657,0.368214503861964,0.122556392161641,0.305035968311131,1.17092482873704,0.117564239015337,0.277423912193626,0.0442516268813051,0.028620989236515,0.251738528953865,0.221214229881298,0.00792602403089404,0.00435160996858031,0.0215169438160956,0.027207748091314,0.0342972416547127,0.0184940560720861,0.011581614613533,0.00837616616627201,0.00978179054800421,0.0129251702455804,0.00823233491973951,0.00130605138838291,0.0374087588279508,0.0545454549137503
0.0321782188257203,0.0984191783936694,1.9608813081868,20.8930040738778,0.479678433621302,4.18676021799911,0.764682242734125,3.77060097735375,0.659300195751712,0.479928621207364,0.0175978883635253,0.111198740371037,0.262077291146852,0.671720483980607,0.150000005203765,0.416545716929249,0.00983459991402924,0.0442299954011105,3.83144971908769,3.31614900578279,0.0540851557161659,0.0580204760190099,24.8618229314452,0,1.04695990530308,2.77268473338336,0.132031613495201,0.219178080558777,0.116701606486458,0.745252603664994,5.54639985988615,7.19489846786018,1.98368458298501,0.461881971918046,0.165079367347062,0.0566352009773254,0.0515837106504478,0.0327272729482502,0.0287769790738821,0.0144619309576228,0.00705467350780964,0.00462962966412306,0.00773195852525532,0.0174398330273107,0.00306983874179423,0.0125786159187555,0.00658111239317805,0.0257780561223626,0,0.00620155036449432,0.00156698876526207,0.000668225868139416,0,0,0.00440806028200313,0.0267639900557697,0.0201452329056337,0.0849366509064566,0.00858652603346854,0.0153501760214567,0.00674226187402382,0.027210884145461,0.00332917179912329,0.0259740250185132,0.00507399591151625,0.0142755173146725,0.0860430244356394,0.0696202497929335,0.214571653166786,0.167619045823812,0.411711721681058,2.26949082745705,0.0754055243451148,0.595763465389609,0.0446991393109784,0.0561282959533855,0.31606217531953,0.260190811241046,0.00818234926555306,0.0218642118852586,0.0132995565072633,0.0508339963853359,0.0289975150371902,0.0348460286622867,0.00926298851845786,0.0144896655110642,0.00381315546110272,0.0201680674217641,0.00576973537681624,0.00347050093114376,0.047794119338505,0.102439024485648
