0,0.00577200576663017,4.0897502421285,0.00554106899653561,0.00110101839527488,0.0022093344014138,4.52609889119049,0.0043566657404881,0.0159908630885184,0.00219840626232326,3.54707652091747,0.00203562341630459,2.1600499022752,0.00393614696804434,0.219237231300212,0.000946745567489415,1.90823652804829,0.00822410732507706,2.51418367680162,0.0431232987903059,0.025793650012929,0.00325626839185134,0.0316777476109564,0.00954032974550501,0,0,0.00519480498041958,0.00117198948282748,2.62839741376229,0.00749239046126604,0.103626947384328,0.0107142852502875,1.09448817680823,0.0697524222778156,0.0258838383597322,0.0070535431150347,0.577354289125651,0.00111327576451004,0.274520708248019,0.00696117768529803,0.105369131662883,0.000664672639686614,0.00515796267427504,0.000467617501271889,0.00495662970934063,0.0010065424721688,0.0505253748851828,0.00556030805455521,0.00461656838888302,0.00100225512869656,0.0400514413486235,0.000443458993686363,0.00448933802545071,0,0.108073741430417,0.0326783873024397,8.73717833426781,0.0106970320339315,1.06739031500183,0.00520720321219414,0.992715914617293,0.00305654620751739,0.553966199804563,0.00591177798924036,0.160190317954402,0.00190612347796559,0.424973408982623,0.0339963820297271,2.67331800569082,0.0294117659796029,0.564673140761442,0.0799776290077716,3.79266617330723,0.00276395789114758,0.369250976131298,0.00328299414832145,0.715715413272846,0.0250408261781558,0.0544171997462399,0.00265428004786372,0.34572649866459,0.00450873572845012,0.353918020264246,0.00413116440176964,0.285465613938868,0.000939555291552097,0.0535506410524249,0.0026406126562506,0.0790602269116789,0.000352671486325562,0.0303239142522216,0.136254704266321
0.00577200576663017,0,0.0180626884975936,6.25858672539471,0.00112580915447325,0.0655182171612978,0.00297574762953445,6.25066094845533,0.000584453518968076,0.0398988488595933,0.000561324704904109,7.46597371785901,0.00338194891810417,1.48497665743344,0.00293470302131027,0.14041013593669,0.00452232919633389,2.68485972238705,0.220150104607455,3.1449861866422,0.0183423916460015,0.0434637235593982,0.027810885803774,0.0494263023138046,0.00122286763507873,0.00927267502993345,0.00295420963084325,0.0186018594540656,0.0162368671735749,1.677881130483,0.0682539691915736,0.223437511653174,0.0901368549093604,1.07776563672815,0.0123056991724297,0.00855544611113146,0.0212155954213813,0.0415599218104035,0.00795680575538427,0.0120383034227416,0.00206896557938308,0.018436326587107,0.00131204898934811,0.0171551113016903,0.00252844503847882,0.0164355412125587,0.00728431576862931,0.00783289794344455,0.00104739458765835,0.0112503196578473,0.00372925598639995,0.0112866815470625,0,0,0.00776029337430373,0.0336487917229533,0.0197716044494882,12.350944985461,0.02210962632671,0.533892694744281,0.00719576739356853,0.548101903754286,0.00265604263404384,0.840666966105346,0.00216041039675474,0.100558660720708,0.13278158014873,0.459816502814647,0.67484982823953,2.87962965108454,0.104125183133874,1.49771160213277,0.0202988446690142,1.65686835930683,0.0121457485947758,0.542818632093258,0.223942494776566,0.700055676745251,0.000690369342919439,0.137014319538139,0.00173913047183305,0.212473774445243,0.00211976678110659,0.0416556836571544,0.00352216023020446,0.158261974138441,0,0.0361478282138705,0.00340715510537848,0.0243248083861545,0.588235286413692,0.140795495826751
4.0897502421285,0.0180626884975936,0,0.550088165095076,2.87847962253727,0.206766922492534,6.87601372087374,0.513378154893871,0.322330094291829,0.0400855176849291,0.834490143635776,0.0267790742218494,2.02238509466406,0.172369549691211,0.406835210160352,0.028650647320319,0.170384313620161,0.00701051589567214,12.5052405393508,0.623360656318255,0.0262232173699886,0.0100819151848555,6.0383362279681,1.34846231521806,0.270990162855014,0.0880572386085987,0.0661435010842979,0.0238907842431217,2.05490733360057,0.0539551896508783,5.03759759047534,0.551329863083083,6.89255815045908,0.308761577354744,0.0568633450311609,0.00744878989644349,0.422228267416358,0.00324675324372947,0.158292818057816,0.00677436141995713,0.0343820960260928,0.00321336759952828,0.0050462573999539,0.000913241994567215,0.0120831318781711,0.00245278381044045,0.0218531466089189,0.00209248799365014,0.00549725152086467,0.00195407913997769,0.0501262170146219,0.000867114693392068,0.00327242980711162,0,0.0481128146639094,0.0109356011089403,1.14347105464549,0.0125444986333605,0.860552503581857,0.000424448226112872,0.183374078187626,0.00496401102282107,0.0623100335360505,0.00577649410115555,0.0375707686180249,0.00279069773387164,0.501306396065047,0.0248535425635055,1.3943170706043,0.0203352579264902,1.50838288140949,0.329437336069532,2.40643428917974,0.0322493968997151,0.399110271595418,0.0196887894417159,0.752631544601172,0.048186392406933,0.0181818178389221,0.000641642604023218,0.0623039918136783,0.00368595647159964,0.0909780152142048,0.00503018090967089,0.0565956825739704,0.00431499461410567,0.019214466563426,0.00051413883920759,0.0267105740786064,0.00103914094506763,0.0326123124104924,0.142195762891788
0.00554106899653561,6.25858672539471,0.550088165095076,0,0.0318455978413112,1.87031215071329,0.162450434931088,16.3898345687194,0.0159441959112883,0.477475309482543,0.00336943450383842,1.16163890284952,0.0402028935786802,1.43913474006695,0.0162358470261097,0.341988611617126,0.000968522974289954,0.0694980674015824,0.666666686796816,8.83267130091554,0.0418552054325119,0.0547027615830302,1.24671165738255,10.1284151301661,0.0144965057261288,0.122186496446375,0.0145838565658778,0.037197450234089,0.0426778255496174,0.567008140264079,1.26989935268648,3.18727434819448,0.127122153789969,1.15687411525869,0.013043477665633,0.00605893705505878,0.0549019640311599,0.02825822198065,0.0170274870470166,0.0103602540912107,0.00744559027953073,0.0102243680739775,0.00464666029438376,0.0146168304490857,0.00351880351081491,0.0156041017908137,0.00922768298187293,0.0142636850650888,0,0.00932711528730579,0.00134340894874185,0.0071684587164782,0,0.000486263073980808,0.0103230736276601,0.0209463255014271,0.00743149104528129,0.74571973644197,0.00364815577631816,0.158562782220542,0.00263306373381056,0.180261384230107,0.00229515717364848,0.202851322246715,0.000931315473280847,0.0586111709126271,0.0432520338508766,0.137040718516801,0.295860660960898,0.959486204432324,0.177745316323126,2.77739723958075,0.0420391404186375,0.721065354358871,0.0376827911823057,0.296233833010774,0.292230930353981,0.573339709080756,0.00114646030124277,0.0266591036343016,0.00269645618391223,0.076778064481914,0.00503893732093275,0.0396807286888361,0.00270051299594343,0.069005508441478,0.00151975691551343,0.0362875084974803,0.00374468078371137,0.0219957946101204,0.474516700487584,0.316923988983035
0.00110101839527488,0.00112580915447325,2.87847962253727,0.0318455978413112,0,0.408588955295272,0.150103955355007,0.00980592425912619,6.63931165728718,0.0497572820167989,0.0145278456620872,0,0.168794320896268,0.00154918665066361,4.11386590451002,0.0465532667003572,0.0122925627510995,0.00315789459273219,0.00724054727470502,0.00143575016409159,0.226524689351209,0.0796296282205731,1.24879927025177,0.259442953392863,3.03823535353877,0.489610380376689,5.39891460316721,0.506329103372991,0.689503740286455,0.0140350880101323,2.69662911538035,0.183514770702459,0.0335195520892739,0.00301431794650853,0,0.00177304958924651,0.020291693508625,0.00249687884934247,0.00248756213113666,0.00344036682508886,0.0182002026122063,0.00785854645073414,0.00375657400581986,0.00349956261925399,0,0.00302571861539036,0.00805801770184189,0.00297951581887901,0.00104821799322963,0,0.0104287366848439,0,0.00508582312613726,0,0.00293255131691694,0.0035161743289791,0.00404448946937919,0.000525624200236052,0.00575894711073488,0.000763941963668913,0.00497512449510396,0,0.00431499443948269,0,0.00892857182770967,0,0.0021935838740319,0.00169539410853758,0.00104275287594646,0.00258899666368961,2.02992525603622,0.0668769704643637,0.40586798870936,0.0196681004017591,0.0512820499716327,0.0113744074478745,0.0246189910685644,0.00594177050516009,0.00608519255183637,0.00195503421127796,0.0319821492885239,0.000600240076892078,0.158883517142385,0.014877789421007,0.0277381197083741,0.00182025029789656,0.0968858145643026,0.017817372456193,0.0136417559697293,0.00108695647213608,0.00878155883401632,0.00215053767897189
0.0022093344014138,0.0655182171612978,0.206766922492534,1.87031215071329,0.408588955295272,0,0.0721133787010331,1.08089286112227,0.206804541521706,13.7970666282345,0.00365853658877313,0.0851063861045986,0.0213675212580711,0.253696497995406,0.11357340880204,8.11071127647301,0.0123839010484517,0.0900423730490729,0.0533548907842487,0.072819032415282,1.77473061159253,7.00374539010227,0.471873992588371,2.38712157926057,0.992581596365198,7.24345557158813,2.23392622091342,14.7645385395736,0.125386310042813,1.08465605182573,2.00430792872794,5.24673944793176,0.040604752721265,0.039364118129015,0.0257510732626542,0.0304659497924149,0.0306709259748459,0.491823891527019,0.0112781954230741,2.88452654075809,0.00818833149969578,0.540755443274975,0.035471698094625,0.117853998788632,0.0255905510857701,0.101471331436187,0.0340080965543166,0.121212123543955,0,0.0593561347341165,0.0081395348533988,0.0159553252160549,0.0012812300119549,0.00125156447757035,0.00589101621881127,0.40324858832173,0.00405679503455758,0.0796203573700041,0.00330715160816908,0.0199539518216625,0.00571020692586899,0.0145605818834156,0.00325732911005616,0.0400835070759058,0.00786516861990094,0.0246125796111301,0.0390646503656171,0.0890275004785508,0.0356768080964684,0.0534898902988061,1.31030149350408,4.10044489544816,0.146551721612923,1.54303407063708,0.0595581154339015,1.12559924798552,0.153482876485214,0.45840812032111,0.00410677632316947,0.0553906997665763,0.0149420998059213,0.057228916848544,0.0529443555278704,0.954010713845491,0.012676343874773,0.0748345860047266,0.0488485681125894,2.05269068619236,0.00892857176950201,0.0850599745754153,0.402669615112245,0.259259253041819
4.52609889119049,0.00297574762953445,6.87601372087374,0.162450434931088,0.150103955355007,0.0721133787010331,0,0.152796718524769,1.38961315786582,0.0112126243184321,2.1037344619981,0.00587429007282481,7.09318666960462,0.032347825152101,1.45230081357295,0.0103665313217789,0.15140771336155,0.00157853192649782,0.663247283227975,0.0738999008899555,0.0157105446851347,0.00612052719225176,0.800190720066894,0.321644497133093,0.0167844524257816,0.0280373822897673,0.0305902626423631,0.0117647062288597,2.83599635286373,0.0110132156987675,0.908477294258773,0.149892093497328,0.588171053212136,0.0377877015853301,0.00552359037101269,0.000931098707951605,0.235616438352736,0.0016771488590166,0.103852595202625,0.00122149832895957,0.00866009120363742,0,0.00651801013736986,0.000366703345207497,0.00345356858451851,0.000388274114811793,0.0148672563373111,0.00102511531440541,0.00157604413107038,0.000773993786424398,0.0229607259389013,0.000351679278537631,0.0033748154528439,0,0.0288331076444592,0.0129740514967125,0.375350938440533,0.00401548849185929,0.11894981408841,0.00138264778070152,0.144098960416159,0.000783852650783956,0.116288330289535,0.00143497763201594,0.0286290318181273,0,0.0724871588754468,0.00387654703808948,0.132520648941863,0.00424358149757609,0.725901093450375,0.0950978341861628,1.62822646400309,0.00959332619095221,0.385690587921999,0.00473596970550716,0.426754204090685,0.0140177278663032,0.012036591215292,0.000954426126554608,0.112344205845147,0.00184615381294861,0.172132773557678,0.000792079197708517,0.147689265431836,0.000264445319771767,0.0433557346696034,0.000805801770184189,0.0269113143440336,0.000292056065518409,0.0122579062008299,0.0810151293408126
0.0043566657404881,6.25066094845533,0.513378154893871,16.3898345687194,0.00980592425912619,1.08089286112227,0.152796718524769,0,0.00419815274653956,2.29993871052284,0.00448521916405298,6.01694937038701,0.0375432230648585,8.71431031869724,0.0117842014878988,1.22799347611726,0.00327868852764368,0.157578106562141,0.962188505800441,3.39857598365052,0.038730752072297,0.0563120248843916,1.36951064952882,3.61797767761163,0.00606980285374448,0.061339451407548,0.00888512792880647,0.0410695178434253,0.0499095821287483,1.27887224889128,1.31472081539687,3.58510224998463,0.141935479128733,1.23006598086795,0.0243792321416549,0.0100433690822683,0.0501035198976751,0.0354273940902203,0.0115202631568536,0.0160096061881632,0.00282885425258428,0.0140482321148738,0.00405748095363379,0.0234699402062688,0.00453086639754474,0.0206264330190606,0.00697471667081118,0.020545638166368,0,0.0201789457642008,0.0014914243365638,0.00831600814126432,0,0.000411268760217354,0.00902859057532623,0.0314908968284726,0.00554861966520548,1.30065172706963,0.0109078110835981,0.163515591993928,0.00296686997171491,0.31071703141788,0.00274133536731824,0.434982321166899,0.00198216061107814,0.0666788773378357,0.0481159398332238,0.140459369664313,0.187584607338067,0.551479768910212,0.224418370053172,3.31087215372827,0.0359991814475507,0.885245902463794,0.0445889448747039,0.246518101659603,0.316596086340724,0.51053483854048,0.000943618768360466,0.0537885871017352,0.00201952212955803,0.194077456835657,0.00586395632126369,0.0549172344035469,0.00122609126265161,0.14121338550467,0.000425713078584522,0.0507031083106995,0.00422641501063481,0.0276936404407024,0.315561950323172,0.306956737535074
0.0159908630885184,0.000584453518968076,0.322330094291829,0.0159441959112883,6.63931165728718,0.206804541521706,1.38961315786582,0.00419815274653956,0,0.0145023068180308,0.103879031375982,0,4.42915579100372,0.0016319869318977,18.216902782442,0.0199714698828757,0.0681818195153028,0.00339174689725041,0.00509554124437273,0.00150659133214504,0.20620842394419,0.0737618515267968,0.1771390408976,0.137349400436506,0.426362892147154,0.281050393357873,0.993298605666496,0.325329196639359,2.10531225067098,0.00186133082024753,0.91944764717482,0.110122353304178,0.00546448084060103,0.00237812125124037,0,0.00200601806864142,0.0539419100387022,0.00271923863328993,0.0203114416217431,0.00123992562294006,0.00466200476512313,0,0.0134334251051769,0.000928074237890542,0.00418191310018301,0.00215982715599239,0.0161633345996961,0.00234925607219338,0.00787844671867788,0.00214018183760345,0.0234869004925713,0.000837520929053426,0.0208044389728457,0,0.0130920292576775,0.000737191294319928,0.0172549017006531,0,0.00608695665141568,0,0.0111815129639581,0,0.0243760884040967,0.000878734630532563,0.0120409391820431,0.000963855418376625,0.00511945376638323,0.0017605634056963,0.0011191942030564,0,1.63204338937066,0.0563961489824578,0.874418568564579,0.0133689842186868,0.14967462234199,0.0173160172998905,0.0673015845241025,0.00902061827946454,0.0280701750889421,0,0.107114935468417,0.000624804757535458,0.563510389067233,0.00342661351896822,0.0787929593352601,0.00187617260962725,0.219178084284067,0.0132132135331631,0.04072816867847,0.00112707808148116,0.00256410264410079,0.0100125158205628
0.00219840626232326,0.0398988488595933,0.0400855176849291,0.477475309482543,0.0497572820167989,13.7970666282345,0.0112126243184321,2.29993871052284,0.0145023068180308,0,0,0.05758354999125,0.00353857030859217,0.278979898430407,0.0173992674681358,6.1866071774275,0,0.0356768080964684,0.0248796147643588,0.0487106034997851,0.271414821501821,0.631675885873847,0.106104191276245,0.639512760099024,0.127379209385253,1.7050452940166,0.327027034945786,1.54061628272757,0.0271572497440502,0.856517951062415,0.433066671481356,2.8630489774514,0.0137162450700998,0.0240601506084204,0.0118343194480985,0.00705467350780964,0.0101073905825615,0.128109449753538,0.00123915739823133,0.199999997857958,0,0.158203125,0.0119940033182502,0.0575916236266494,0.011707317084074,0.0573152370052412,0.0104501605965197,0.0602006673580036,0,0.0249252247158438,0.00347021408379078,0.0174257423495874,0.00253324885852635,0.00123762374278158,0.000731528911273926,0.0764912309241481,0.00100959115661681,0.0414589362917468,0.000820681161712855,0.0129573165904731,0.00425531901419163,0.00618238002061844,0.00107526883948594,0.0290095308446325,0,0.00994575070217252,0.0180673417635262,0.0456981669995002,0.0114345115143806,0.0425531901419163,0.355279496405274,2.18101825215854,0.0426309398608282,0.957746453117579,0.0302171856164932,0.448633360676467,0.0934579409658909,0.229721733834594,0.00403225794434547,0.0213799804914743,0.00371057511074468,0.025763931509573,0.0128410910256207,0.32203389890492,0.00325931957922876,0.0372642577858642,0.00964851817116141,0.440621546353213,0.00296033162157983,0.023874118225649,0.133042524335906,0.115384621080011
3.54707652091747,0.000561324704904109,0.834490143635776,0.00336943450383842,0.0145278456620872,0.00365853658877313,2.1037344619981,0.00448521916405298,0.103879031375982,0,0,0,13.4734978928464,0.00077160494402051,2.80530172633007,0,9.04948104824871,0.00104712042957544,0.19070513069164,0.0171673824079335,0.0134228189708665,0,0.0236195347388275,0.011402508825995,0,0.00258064526133239,0.00808625319041312,0.00279329600743949,4.64801062626066,0,0.0830228878185153,0.00825167633593082,0.0350877187447622,0.00975975999608636,0.00336983986198902,0.00351493852213025,0.236925006844103,0,0.105067983968183,0.00114025082439184,0.0420420414302498,0.00194552529137582,0.0179640725255013,0,0.0116845183074474,0,0.0296950240735896,0.00222634506644681,0.00729927013162524,0.000995024922303855,0.060080876108259,0.000790826394222677,0.020214781165123,0,0.0372534711495973,0.0140154163818806,3.88048412423814,0.00524246424902231,0.136829167429823,0.0022831050446257,0.412889512837864,0.00102827767841518,1.1287553627044,0.000827472074888647,0.0854606021894142,0.00180505414027721,0.0218758545815945,0.00732600752962753,0.0570539449108765,0.00385852076578885,0.308550192159601,0.0351097183302045,1.92831113410648,0.00733048282563686,0.301034804433584,0,0.374125882401131,0.00472533982247114,0.41365460306406,0.00193610845599324,2.1919229272753,0.0017953320639208,5.01227989024483,0,0.38387950573815,0.000454029504908249,0.13195876032114,0.00110741972457618,0.0473092822358012,0.000542005407623947,0.0173724219202995,0.0957446778193116
0.00203562341630459,7.46597371785901,0.0267790742218494,1.16163890284952,0,0.0851063861045986,0.00587429007282481,6.01694937038701,0,0.05758354999125,0,0,0.00192492781206965,8.66064629534958,0.00242424249881878,1.12603710440453,0.00623700628057122,6.49522061663447,0.503054267028347,1.54524816479534,0.0195488723693416,0.029048656579107,0.0339181282324716,0.10486634838162,0.00120700057595968,0.0119760473025963,0.00338791636750102,0.0255962780211121,0.0178710182663053,11.9216144522652,0.180055404198356,0.582210254855454,0.051067071268335,0.828193831490353,0.0312075988622382,0.0154385970672593,0.0170757733285427,0.0421274360269308,0.00524934381246567,0.0107790294568986,0.00622083991765976,0.019771862658672,0.00743494444759563,0.0286488572601229,0.00683468580245972,0.0491228080354631,0.00143936672247946,0.0154258881229907,0.000907029490917921,0.0330866351723671,0.0021339023951441,0.0156250004656613,0,0,0.00330578506691381,0.0248328556772321,0.00517281916108914,2.47830327448901,0.0146627565845847,0.122126926784404,0.00771456118673086,0.334229390369728,0.000929800095036626,0.51479290612042,0.00478697940707207,0.0471434263745323,0.0471602422767319,0.160583942895755,0.199548529752064,0.452768746297807,0.0967911630868912,2.99999996682163,0.017589240334928,2.824324344052,0.0222222221782431,0.525147935841233,0.167748377658427,0.443434363463894,0.00623538577929139,0.336363625712693,0.00200937705812976,0.363185452239122,0,0.195502521994058,0.00307692307978868,0.142369993554894,0.0022962111979723,0.0401337796356529,0.00545107643119991,0.0211214474402368,0.617549668299034,0.208638951182365
2.1600499022752,0.00338194891810417,2.02238509466406,0.0402028935786802,0.168794320896268,0.0213675212580711,7.09318666960462,0.0375432230648585,4.42915579100372,0.00353857030859217,13.4734978928464,0.00192492781206965,0,0.0148936165496707,12.268176324782,0.00351699872408062,2.33012475934811,0,0.320414852234535,0.0418768915114924,0.0262324738432653,0.00620017701294273,0.226923971902579,0.118978684884496,0.0220646178349853,0.0103016924113035,0.113122173934244,0.0123076923191547,8.78379203891382,0.00694042816758156,0.474565158365294,0.0611522365943529,0.0907275346107781,0.0203549065045081,0.0101910824887455,0.00260190811241046,0.496551709715277,0.000719424453563988,0.185211771167815,0.00547570176422596,0.0424550058087334,0.00182149361353368,0.0322916683508083,0.00230946880765259,0.0105524523532949,0.00126542232464999,0.0693989096325822,0.00103546469472349,0.017498379049357,0.00125865323934704,0.101943847257644,0.000540979148354381,0.0421664864988998,0,0.0701484894379973,0.0243659859988838,1.65640829352196,0.00280955247581005,0.13244665635284,0.00263435184024274,0.381763531942852,0.00128493411466479,0.830474968068302,0.00167364010121673,0.0868686832836829,0.00177304964745417,0.0335751304810401,0.0101759594399482,0.0645994849037379,0.00440690398681909,1.25017975730589,0.0998914260417223,3.60696525895037,0.00855614966712892,0.81846704846248,0.00447828031610698,0.825242745922878,0.0174764063558541,0.141404807742219,0.00272603362100199,1.01163689908572,0.000886917987372726,2.78395269747125,0.00130718958098441,0.624568335857475,0.00287098507396877,0.295844461070374,0.00739744427846745,0.108571430726442,0.00123507613898255,0.0201053135097027,0.156546488287859
0.00393614696804434,1.48497665743344,0.172369549691211,1.43913474006695,0.00154918665066361,0.253696497995406,0.032347825152101,8.71431031869724,0.0016319869318977,0.278979898430407,0.00077160494402051,8.66064629534958,0.0148936165496707,0,0.00128287367988378,1.41083800618071,0.0031164784450084,0.620422513398807,0.701109151821584,1.32206115784356,0.0212873804848641,0.0366336645092815,0.257937486981973,0.826734103262424,0.00173913047183305,0.0209677416132763,0.00165700085926801,0.0152413205942139,0.0174075223039836,7.77329177886713,0.719829124747775,2.00348550674971,0.0630547899054363,0.544240422779694,0.0113367971498519,0.0067698261118494,0.0333730629645288,0.0283241544384509,0.0125588700175285,0.0059612519107759,0.00518403307069093,0.0102145050186664,0.00333148241043091,0.0241785496473312,0.00670241308398545,0.0171057137777098,0.00701344222761691,0.0154482766520232,0,0.0122448981273919,0.00273224042030051,0.00636021961690858,0,0,0.00272628123639151,0.0174418602255173,0.00367647063103504,1.0735511064122,0.00355977471917868,0.067453624214977,0.0047948855208233,0.150260865222663,0,0.322079486679286,0.00439238653052598,0.0254291156306863,0.0279049482196569,0.07323063374497,0.0811756490729749,0.19074446009472,0.149371064035222,4.20990093582077,0.020962733309716,1.73276201542467,0.0401404919102788,0.304761895909905,0.269841273548082,0.366755633440334,0.00207684328779578,0.0998471761122346,0.00330669607501477,0.139044945244677,0,0.0659107007668354,0.00136915966868401,0.0764761035097763,0,0.0270467838272452,0.00278293137671426,0.0138528142124414,0.282009730464779,0.311229952611029
0.219237231300212,0.00293470302131027,0.406835210160352,0.0162358470261097,4.11386590451002,0.11357340880204,1.45230081357295,0.0117842014878988,18.216902782442,0.0173992674681358,2.80530172633007,0.00242424249881878,12.268176324782,0.00128287367988378,0,0.02743682381697,1.21682844287716,0.00410509033827111,0.0145598939852789,0.00120409391820431,0.69980879011564,0.0569306921679527,0.198961457237601,0.0772885684855282,0.290084374137223,0.154142584651709,3.14029865479097,0.207354451878928,7.52506197988987,0.00568181835114956,1.28149692632724,0.0746450307779014,0.0181627667043358,0.00250783702358603,0.0046701692044735,0.0012019231216982,0.427827729843557,0.0102899905759841,0.396455214649905,0.00614035100443289,1.85311475582421,0.0141570143168792,0.051282049738802,0.0042523032752797,0.0155038759112358,0.00396982941310853,0.0755467229755595,0.00310462579363957,0.0237315879785456,0.00315457419492304,0.129889669944532,0.000654664472676814,0.0711237575160339,0,0.106004905712325,0.0112426034756936,0.164737314917147,0.000460723327705637,0.0539265247061849,0.00253646168857813,0.0692537291906774,0.000809388933703303,0.107949794037268,0.00135915738064796,0.0704467364121228,0.00218818383291364,0.016734401579015,0.00981595134362578,0.00977995083667338,0,4.91962631884962,0.12352663569618,2.16666670475388,0.0184928334783763,0.269351793220267,0.00879949727095664,0.20338982460089,0.0324470491614193,0.101182651822455,0.00513149471953511,0.804961207089946,0.00206825230270624,11.1238012948888,0.0107526883366518,0.52950908895582,0.00283918066998012,3.29631512635387,0.0265866216504946,0.281473895302042,0.00284629978705198,0.0152038701344281,0.0327421557158232
0.000946745567489415,0.14041013593669,0.028650647320319,0.341988611617126,0.0465532667003572,8.11071127647301,0.0103665313217789,1.22799347611726,0.0199714698828757,6.1866071774275,0,1.12603710440453,0.00351699872408062,1.41083800618071,0.02743682381697,0,0.0279405145556666,0.626805778418202,0.0532813519239426,0.135583188268356,0.380307685467415,2.04186595359351,0.104441451840103,0.358543418347836,0.129098353441805,1.10506566707045,0.280735726119019,2.42502481746487,0.0766817695694044,13.4477713591768,0.438033325015567,1.3431177791208,0.0520726281683892,0.0844115819199942,0.038439798168838,0.0616279067471623,0.0165975104318932,0.562443022965454,0.00545454549137503,0.908390404190868,0.00126502208877355,0.47453415254131,0.092808848770801,0.357192509341985,0.0796661601634696,0.302135928766802,0.0748210825258866,0.34971009939909,0.0015999999595806,0.140432099811733,0.0103857562062331,0.0668595302850008,0.00184757506940514,0.00908265239559114,0.00421686755726114,0.29045402049087,0.0079155670828186,0.171025701100007,0.0145550777669996,0.0573208704590797,0.0176159717375413,0.0387811627588235,0.0106295990408398,0.096032009460032,0.0151006712112576,0.0600428895559162,0.104741683288012,0.306463333050488,0.0350597614888102,0.0945250324439257,0.578324222296942,2.96371158724651,0.0691202889429405,3.64939172373852,0.0243161083199084,0.914389764773659,0.201914702542126,0.964395623537712,0.00506970845162868,0.163467493839562,0.0170679667498916,0.406727811321616,0.0276985741220415,2.78981406206731,0.0120109187846538,0.291959101567045,0.0225822279462591,1.41792293288745,0.00302724516950548,0.102528090937994,0.428476367378607,0.110381074715406
1.90823652804829,0.00452232919633389,0.170384313620161,0.000968522974289954,0.0122925627510995,0.0123839010484517,0.15140771336155,0.00327868852764368,0.0681818195153028,0,9.04948104824871,0.00623700628057122,2.33012475934811,0.0031164784450084,1.21682844287716,0.0279405145556666,0,0.0265251990640536,0.045325780287385,0.0129916995065287,0.0157170929014683,0.0112676059361547,0.00772200780920684,0.00230237905634567,0,0.00393442623317242,0.0178204252151772,0.00284292828291655,5.45623356720898,0.0644591593882069,0.0312837096862495,0.0052246602717787,0.163494814827573,0.0712391044944525,0.115318415570073,0.262354003731161,0.472471197601408,0.0705734062939882,0.0841180173447356,0.0242914985865355,0.0472279277164489,0.00997008988633752,0.697393271955661,0.0554821682162583,0.461311003658921,0.0823170701041818,0.410214849514887,0.0254681650549173,0.644479636102915,0.0513853908050805,2.13034615467768,0.0199680507648736,0.577663688454777,0,0.20051603205502,0.0325203251559287,5.36615075205918,0.0242744062561542,0.974337747436948,0.0307337683625519,1.27902819134761,0.0437500022817403,3.03860807581805,0.0334448157809675,1.59144623717293,0.0593336360179819,0.376651966944337,0.303632250870578,0.0546505516394973,0.0248366020387039,0.297042164485902,0.0433121025562286,2.32325717166532,0.0459057068219408,0.271676305448636,0.0346153846476227,0.889414506033063,0.545563561609015,5.34706513117999,0.0317460335791111,13.9491403184365,0.0651190832722932,5.58225107705221,0.0471344394609332,1.61129299068125,0.0388127847691067,0.365034979186021,0.0269511518999934,0.209711046889424,0.0169167800922878,0.0491071450524032,0.0284153015818447
0.00822410732507706,2.68485972238705,0.00701051589567214,0.0694980674015824,0.00315789459273219,0.0900423730490729,0.00157853192649782,0.157578106562141,0.00339174689725041,0.0356768080964684,0.00104712042957544,6.49522061663447,0,0.620422513398807,0.00410509033827111,0.626805778418202,0.0265251990640536,0,0.0539358620299026,0.141261494427454,0.0340821063145995,0.125560537911952,0.0136054416652769,0.0250086842570454,0.00494437571614981,0.0211345930583775,0.00577367201913148,0.0333333346061409,0.0852070979308337,14.5626477710903,0.0357310770777985,0.108824874041602,0.184139259159565,0.337225283205044,0.1435540036764,0.129870129749179,0.01089918310754,0.0870967759983614,0.0064308678265661,0.0189810184529051,0,0.0391849520383403,0.022602740325965,0.0652515700785443,0.0269331025192514,0.153502899222076,0.00729926978237927,0.0285423049936071,0.000923361047171056,0.126660758978687,0.0123989218263887,0.072740365867503,0.00109229923691601,0.00107066379860044,0.0033489617635496,0.0535138603299856,0.0284765067044646,2.55180903151631,0.0706582368002273,0.231571630225517,0.0364583344198763,0.146830822050106,0.0198863642290235,5.12870544567704,0.0243902439251542,0.0738636362948455,0.241229202307295,0.735317396232858,0.0854779414949007,0.363838049583137,0.190118157304823,1.41508409846574,0.029567054938525,3.4026525359368,0.00762776529882103,0.548362545669079,0.256619157269597,0.919113829731941,0.0209003211930394,13.4629193675937,0.0251102821202949,5.74261852679774,0.00660065992269665,0.620560766663402,0.0155008723959327,0.480120358930435,0.00352319434750825,0.196689391508698,0.0038567494484596,0.0670391076710075,0.518391797086224,0.0673400657251477
2.51418367680162,0.220150104607455,12.5052405393508,0.666666686796816,0.00724054727470502,0.0533548907842487,0.663247283227975,0.962188505800441,0.00509554124437273,0.0248796147643588,0.19070513069164,0.503054267028347,0.320414852234535,0.701109151821584,0.0145598939852789,0.0532813519239426,0.045325780287385,0.0539358620299026,0,8.14545483514667,0.0181140119675547,0.0176715177949518,5.13889585057041,2.13564204750583,0.000907441019080579,0.00838926178403199,0.00345125119201839,0.0088261254131794,0.404357575345784,0.225352115929127,4.97382966277655,2.11251351993997,10.4421318098903,10.1686677421094,0.52647201390937,0.109533465933055,0.147046671016142,0.0204415366169997,0.0636215340346098,0.00772797502577305,0.0174577198922634,0.00751879718154669,0.00285225338302553,0.00319488812237978,0.00346260378137231,0.0120268840692006,0.0126277811941691,0.0136015866883099,0,0.00210970459738746,0.0153631286812015,0.00297353544738144,0,0,0.0195968651678413,0.0119305858388543,0.657500015920959,0.134222414111719,0.464122130069882,0.0346620439086109,0.0453799868118949,0.029507017810829,0.0118606379255652,0.0541371875442564,0.012139605358243,0.0157377049326897,0.676464038027916,0.380104939889861,12.306299827178,0.734198391961399,1.86274511972442,2.04446270206245,0.719354827655479,0.301092683337629,0.157090144231915,0.285413379082456,0.535686266433913,0.964780355163384,0.003278688644059,0.0203535079490393,0.0124540054239333,0.0229885051958263,0.00886590289883316,0.0110051358933561,0.0128762832609937,0.0225233820092399,0.00611620815470815,0.0098484845366329,0.00948766595683992,0.00397877994691953,0.760113940690644,0.352874842355959
0.0431232987903059,3.1449861866422,0.623360656318255,8.83267130091554,0.00143575016409159,0.072819032415282,0.0738999008899555,3.39857598365052,0.00150659133214504,0.0487106034997851,0.0171673824079335,1.54524816479534,0.0418768915114924,1.32206115784356,0.00120409391820431,0.135583188268356,0.0129916995065287,0.141261494427454,8.14545483514667,0,0.0468534689862281,0.0368705044384114,0.388563389453338,0.904116912628524,0.00159744406118989,0.0163934427546337,0.00152788392733783,0.0132501947809942,0.0578778114868328,0.522780357277952,1.27182215685025,1.90953466307838,2.22471907205181,4.93101638695225,0.0706591982161626,0.0211267601698637,0.09555310360156,0.0174799715168774,0.0428779068170115,0.0193905811756849,0.0150023438036442,0.0129509713733569,0.00315291644074023,0.0081632649526,0.0012547051301226,0.0172689480241388,0.0154440146870911,0.0130582397105172,0.000655308016575873,0.00826972012873739,0.00522193196229637,0.00491400493774563,0,0.000726216414477676,0.0299586764303967,0.0300902710296214,0.0674509793752804,0.619114984758198,0.0816783248446882,0.160552895395085,0.0186963112792,0.12926274316851,0.0133422284852713,0.15038017637562,0.00681198900565505,0.0531343267066404,0.743477372801863,0.833653623238206,3.83997371548321,4.79062845505541,0.492721987422556,3.79552959132707,0.0863309344276786,1.0927462807158,0.0664542543818243,0.703956332872622,0.59859651356237,1.64909804501804,0.00469483580673113,0.0581448992597871,0.00365249172318727,0.0714924046769738,0.00199534418061376,0.0356906822416931,0.00363816757453606,0.0516338684537914,0.000772499013692141,0.0258503404911608,0.0141718331724405,0.0132669983431697,1.51046225707978,0.562198646483012
0.025793650012929,0.0183423916460015,0.0262232173699886,0.0418552054325119,0.226524689351209,1.77473061159253,0.0157105446851347,0.038730752072297,0.20620842394419,0.271414821501821,0.0134228189708665,0.0195488723693416,0.0262324738432653,0.0212873804848641,0.69980879011564,0.380307685467415,0.0157170929014683,0.0340821063145995,0.0181140119675547,0.0468534689862281,0,6.21656082943082,0.0310262526618317,0.0546719657722861,1.80825558607467,1.8388829678297,2.64277450740337,5.09225082350895,1.07194247050211,0.0933572673238814,4.0920635482762,2.10151508497074,0.0128055880777538,0.0332518336363137,0.0211267601698637,0.026974952314049,0.469008244806901,0.114803625270724,0.366366361035034,0.139207051950507,7.47894768882543,0.229828861076385,0.00974184134975076,0.0429338095709682,0.00836236914619803,0.04221251886338,0.0619327297899872,0.0597302515525371,0.00307929166592658,0.0215672183549032,0.00351741124177352,0.00104712042957544,0.00622406671755016,0,0.107597921043634,0.137807608698495,0.0113534512929618,0.0256570717901923,0.00658616912551224,0.00895968137774616,0.0126984128728509,0.00754147826228291,0.00642570294439793,0.01334816403687,0.00676246825605631,0.00626174092758447,0.0177748514106497,0.0361774738994427,0.0198624910553917,0.0405982926022261,7.50753760803491,2.68647525971755,0.399221042171121,0.271119852550328,0.387387396767735,0.529148008674383,0.360984500963241,0.387337062507868,0.0159151190891862,0.0289855068549514,0.0221153846359812,0.0227690039318986,2.71770331542939,0.135113906813785,0.0633442001417279,0.0221870038658381,0.827751165721565,0.321819706819952,0.073832793161273,0.0221426250645891,0.549668873660266,1.84423670172691
0.00325626839185134,0.0434637235593982,0.0100819151848555,0.0547027615830302,0.0796296282205731,7.00374539010227,0.00612052719225176,0.0563120248843916,0.0737618515267968,0.631675885873847,0,0.029048656579107,0.00620017701294273,0.0366336645092815,0.0569306921679527,2.04186595359351,0.0112676059361547,0.125560537911952,0.0176715177949518,0.0368705044384114,6.21656082943082,0,0.0413900821004063,0.0641087890835479,0.724310772726312,1.31697338446975,1.33333334326744,10.7441860064864,0.0851311916485429,0.227008152287453,1.8898240418639,2.51207028131466,0.0260623231297359,0.0516252386150882,0.0195121946744621,0.0530035339761525,0.037438424769789,0.428846154245548,0.0286806881194934,3.90524526685476,0.0281030433252454,0.609649127349257,0.0276190473232418,0.0881670503877103,0.0134952762164176,0.0703729747328907,0.0208333344198763,0.0593499759561382,0,0.0403337974566966,0.00484429072821513,0.0153295858763158,0,0.0038167939055711,0.015697137801908,0.207712533941958,0.00412492646137252,0.0598211516044103,0.00642054551281035,0.0116731517482549,0.00799289537826553,0.0218499643960968,0.00309597514569759,0.0379403785336763,0.00650406489148736,0.0133819950278848,0.0388978945557028,0.102116226684302,0.0309734512120485,0.0874872847925872,3.02687131869607,6.37732159718871,0.163873372599483,0.775586875271983,0.162932798266411,1.4726165975444,0.241258738562465,0.67439783946611,0,0.108459871262312,0.0150446640327573,0.0476534308400005,0.0645657177083194,0.339393928647041,0.00967518988181837,0.0438299006782472,0.0838052073959261,1.06482980609871,0.0113879004493356,0.0449005787959322,2.45272215269506,0.652173925191164
0.0316777476109564,0.027810885803774,6.0383362279681,1.24671165738255,1.24879927025177,0.471873992588371,0.800190720066894,1.36951064952882,0.1771390408976,0.106104191276245,0.0236195347388275,0.0339181282324716,0.226923971902579,0.257937486981973,0.198961457237601,0.104441451840103,0.00772200780920684,0.0136054416652769,5.13889585057041,0.388563389453338,0.0310262526618317,0.0413900821004063,0,8.80351051036268,1.56916580098914,0.769943747029174,0.196954314073082,0.0544264573836699,0.24374668346718,0.149960124283098,6.45373114268295,3.63636377733201,4.65178595256293,1.29431683465373,0.562076733796857,0.100421620707493,0.0392413325607777,0.017515407409519,0.0103593394160271,0.00868217018432915,0.000809716584626585,0.00640256097540259,0.00337919383309782,0.0058401909773238,0.00170212774537504,0.00577367201913148,0.00252334080869332,0.0124819973716512,0.000590144598390907,0.00344728538766503,0.0101358200481627,0,0.00130975770298392,0,0.0028510334668681,0.00277456641197205,0.0456133900443092,0.0329171386838425,0.042433536844328,0.00634301049285568,0.00558789283968508,0.0064402807620354,0.00359820085577667,0.0133744851918891,0.00427742127794772,0.00216978578828275,0.176677067123819,0.110358567413641,0.17946455598576,0.0865829513641074,0.34683955978835,0.834311825514305,0.118703881744295,0.13963964121649,0.0363062343094498,0.0378548903390765,0.212111705099232,0.158027818542905,0.00243210385087878,0.00958466436713934,0.00431654680869542,0.00789528340101242,0.0191387552767992,0.0148676772369072,0.00595238091773354,0.00782845501089469,0.0047846888191998,0.0128166005015373,0.00123634861665778,0.00387521809898317,0.0301003342028707,0.1227706305217
0.00954032974550501,0.0494263023138046,1.34846231521806,10.1284151301661,0.259442953392863,2.38712157926057,0.321644497133093,3.61797767761163,0.137349400436506,0.639512760099024,0.011402508825995,0.10486634838162,0.118978684884496,0.826734103262424,0.0772885684855282,0.358543418347836,0.00230237905634567,0.0250086842570454,2.13564204750583,0.904116912628524,0.0546719657722861,0.0641087890835479,8.80351051036268,0,1.08080379012972,0.766971042612568,0.056257642514538,0.0807996673393063,0.136977884394582,0.379257437190972,3.47471913672052,3.87070154235698,0.711433736141771,0.280759690795094,0.122448980575427,0.0199335546931252,0.0320813768194057,0.0201472295448184,0.0108233471401036,0.00587587198242545,0.00609756074845791,0.00400600908324122,0.00219719856977463,0.0134762628003955,0.00264637777581811,0.0128291697474197,0.00462294137105346,0.0141921399626881,0,0.00738502852618694,0.00090273073874414,0.00400228699436411,0,0,0.00215807929635048,0.0109861370874569,0.0089159065973945,0.053511705249548,0.00293255143333226,0.00889630243182182,0.000527287134900689,0.0123541520442814,0,0.0248080340679735,0.00288704433478415,0.00376766093540937,0.0423692165059038,0.0385126156616025,0.0386606832034886,0.0515055484720506,0.188927599228919,2.04212168534286,0.0535372836748138,0.412893310771324,0.0462598423473537,0.113077683490701,0.224208565370645,0.191585274296813,0.00101781170815229,0.00999000971205533,0.00381679373094812,0.0171653912402689,0.0112596759572625,0.0377490377286449,0.00340020400471985,0.0137700037448667,0.00495049520395696,0.0252252258360386,0.00183865777216852,0.00300493667600676,0.057142857927829,0.246202209964395
