0,0.0381811882834882,5.61038070480572,0.0290086081658956,0.0317289580125362,0.00318386836443096,8.73764301798656,0.0201601764129009,0.0960912087466568,0.00158646219642833,5.70456368959276,0.0126613102038391,2.6320363235136,0.013091216533212,0.306211315328255,0.0050285714387428,1.90993368072668,0.0187839831924066,2.14948121539783,0.143116302206181,0.014456316945143,0.00383264129050076,0.0531165313732345,0.0112734863650985,0.000568181800190359,0.0049491340178065,0.00600928685162216,0.0028176952037029,2.74933087464888,0.0294650951400399,0.39015902846586,0.0221948212129064,1.64266785714426,0.326096031523775,0.0811785933910869,0.028002489998471,0.831001057755202,0.00268312316620722,0.417339775594883,0.0174627625383437,0.151330561377108,0.00253565772436559,0.00744570849929005,0.00355476560071111,0.0209773543756455,0.00194694567471743,0.0291158208856359,0.00411776825785637,0.0246002455241978,0,0.0625879030558281,0,0.00323974073398858,0.000529941695276648,0.0498060839017853,0.0245495939743705,13.4408848821186,0.0203612473560497,0.585428188671358,0.00125208677491173,0.91374446588452,0.00444334745407104,1.06639835285023,0.00736568457796238,0.292857130174525,0.00497737558907829,0.619833317701705,0.0419383263506461,4.01437440159498,0.112898828345351,1.22694466263056,0.116285193827935,3.92175504483748,0.0319622727693059,0.768600252922624,0.00379867048468441,1.34824449755251,0.0691461525857449,0.0339417237555608,0.00381922326050699,0.391702251654351,0.0122258182382211,0.291237772908062,0.00148514856118709,0.44741660146974,0.003646862343885,0.0561640015803277,0.00203614146448672,0.0803875820711255,0.00102232064818963,0.0529801333323121,0.0376486141467467
0.0381811882834882,0,0.0144264598202426,6.54548386414535,0.00165608612587675,0.0620746007189155,0.00314061387325637,5.82507667233585,0.00167224084725603,0.0385241453186609,0.00216508796438575,5.77910741732921,0.00402657547965646,1.32025861577131,0.00140614013071172,0.0981537756160833,0.0146779011120088,2.51189875113778,0.256753839261364,2.64583764388226,0.0602721945033409,0.0329489295836538,0.0349328912852798,0.0391989762429148,0.00350467278622091,0.0254165497608483,0.00280504900729284,0.0318563578184694,0.0291704647243023,2.67562559590442,0.0616089643444866,0.153068952437025,0.273916965787066,0.970174662012141,0.0402476784074679,0.0179602315183729,0.0569060747511685,0.057284495793283,0.0375898273196071,0.0210637180134654,0.000661594443954527,0.0235371028538793,0.00379826963762753,0.0222474457405042,0.00975847768131644,0.0613007743377239,0.00655737720080651,0.0147027939965483,0.000503905292134732,0.0128173530101776,0.00250357660115696,0,0.000554323720280081,0,0.00541328321560286,0.0379414738854393,0.0683958390145563,13.395061922929,0.0343627670372371,0.0911413943977095,0.0152075626829173,0.409102407225873,0.0134020623518154,0.979203536175191,0.00993723823921755,0.672987976722652,0.249697385297623,0.559598501014989,0.707286135293543,2.77065237209899,0.221124828094617,1.17300950991921,0.033089233271312,1.44101055146893,0.0156046813353896,0.213516161602456,0.391037613910157,0.764105350943282,0.00132144032977521,0.168089300394058,0.00746733066625893,0.507500907493522,0.00102907128166407,0.0542596335872076,0.00770657925750129,0.136314571194816,0.000577200553379953,0.0354813481681049,0.00401679743663408,0.0110860904678702,0.646374855714384,0.093451569438912
5.61038070480572,0.0144264598202426,0,0.429954808903858,2.54984894022346,0.131671627575997,18.3739149174653,0.22054717032006,0.673876875371207,0.0853131726616994,2.11203876778018,0.0203524451935664,4.18776325933868,0.10605410343851,0.620303366828011,0.0279264600249007,0.443061922502238,0.00504032243043184,11.8807320241467,0.360024564201012,0.0238402054528706,0.00982640020083636,8.21916808793321,1.1443124176003,0.166182447690517,0.215229001594707,0.0675411648117006,0.134255256096367,2.81162060069619,0.0706045205297414,6.736949081067,0.533567993668839,7.73707863074378,0.367572163813747,0.160714282945264,0.0127551017794758,0.324354042531922,0.00493285845732316,0.103960395616014,0.00524108996614814,0.0532719509792514,0.00259993504732847,0.00420433032559231,0.000452181790024042,0.0126305564190261,0.000992309651337564,0.0134988028730731,0.00167399039492011,0.00852771516656503,0.000490797567181289,0.0206773616955616,0,0.00551571953110397,0,0.01576436473988,0.0064347474835813,1.08680612171884,0.00632069175480865,0.267764298187103,0.00127280439483002,0.12981163043878,0.00151019386248663,0.14007183664944,0.00220361398532987,0.0541384718380868,0.00368493772111833,0.383726936968742,0.0260854037769604,1.64922924246639,0.0456951820524409,2.11466012487654,0.267526187701151,2.39676126278937,0.046001605107449,0.298642543028109,0.0116845176089555,0.835147309757303,0.0524064181372523,0.0216748762177303,0,0.0950609621941112,0.00474106497131288,0.136747764365282,0.00353356904815882,0.0893950185272843,0.00307550362776965,0.0350272762589157,0.00363541941624135,0.0196542307385243,0,0.0271923863328993,0.0237288136850111
0.0290086081658956,6.54548386414535,0.429954808903858,0,0.0425634833518416,5.02413394933683,0.141013697430026,22.9960824598093,0.0258536585606635,1.80085752799641,0.00570477778092027,1.73955339589156,0.0448987032577861,2.22360252588987,0.0205063823377714,0.490085589932278,0.00620376982260495,0.164948452264071,2.11558675509878,9.79654045350617,0.0883824333432131,0.0783760946942493,2.50344477241742,9.56089116548537,0.0538617866113782,0.5862323991023,0.0122639190522023,0.230517024174333,0.0522448979318142,1.19014086716925,2.07927932962775,4.36949221557006,0.782362485595513,1.45985399722122,0.0438268326688558,0.0225895324838348,0.0740561484417412,0.0328264543786645,0.0561743325088173,0.0180974476388656,0.00792079174425453,0.0229627546505071,0.00342791838920675,0.0105755540425889,0.00607243541162461,0.0269613265118096,0.00393159047234803,0.0144130474654958,0.000446328951511532,0.00481505808420479,0.00163827004143968,0,0.0014563107106369,0,0.00978363159811124,0.034022316976916,0.0249809604138136,0.484783267282182,0.00743639949359931,0.0230414746329188,0.00483451093896292,0.102977386850398,0.00318761382368393,0.134737680957187,0.00322878232691437,0.189412740699481,0.131215245957719,0.191758336033672,0.335205580922775,0.768552555993665,0.386817407095805,3.60967514661024,0.041438438318437,0.972360055544414,0.0323299897136167,0.152727278647944,0.69655011605937,0.826169092295459,0.00169539410853758,0.0370994933182374,0.00375023431843147,0.154232185916044,0.00454648776212707,0.0525134662748314,0.00345790677238256,0.0571673561353236,0.00100578321143985,0.0363636366091669,0.00634496560087427,0.00763723184354603,0.598952278727666,0.260162595659494
0.0317289580125362,0.00165608612587675,2.54984894022346,0.0425634833518416,0,0.180368097382598,0.307940349332057,0.00587889488087967,11.5339801367372,0.0353012767154723,0.0871670739725232,0,0.388508907984942,0.000770119368098676,3.97032383159967,0.0223613591515459,0.0953545274678618,0.00104876770637929,0.00851393165066838,0.00141743442509323,0.0997123694978654,0.0705645140260458,1.36219086806523,0.164466238580644,3.9261404920835,0.606141548138112,3.84888295049313,0.693616999313235,1.4865671179723,0.0255169381271116,5.69973477488384,0.221294368151575,0.0251151103293523,0.00226329686120152,0.00842459965497255,0.00186046515591443,0.106531390920281,0.00755667476914823,0.0165079358266667,0.00227920222096145,0.36938773910515,0.00196850392967463,0.00667655782308429,0.000846740033011883,0.00680933851981536,0,0.0102685625315644,0.00147167034447193,0.0124610597267747,0.000993048655800521,0.00958016369258985,0,0.0115015972405672,0,0.0181159426574595,0.00343406602041796,0.0428927665343508,0.000506200944073498,0.00861056783469394,0,0.00637619546614587,0,0.0326619471888989,0,0.0336889398749918,0.000876808422617614,0.00695187179371715,0.00113122176844627,0.0052742613479495,0.00261780107393861,3.69787757587619,0.0842358625959605,0.850364956771955,0.0309892727527767,0.154888676479459,0.0117647065781057,0.100820630090311,0.00952948164194822,0.0182926822453737,0,0.0647948146797717,0.000584282795898616,0.568329725414515,0.00315623357892036,0.0431103947048541,0.000450247636763379,0.181434595375322,0.00335195520892739,0.0384391383267939,0,0.011350738350302,0.0134983132593334
0.00318386836443096,0.0620746007189155,0.131671627575997,5.02413394933683,0.180368097382598,0,0.0518754989025183,1.24665240955073,0.140438873320818,11.8204375659116,0.00470035243779421,0.0634291395545006,0.0248823125730269,0.34756327746436,0.0334212832385674,7.74890652968315,0.00711743789725006,0.0899335704743862,0.0523917977116071,0.096796655736398,1.08325708471239,5.90786932082847,0.385954733064864,1.64827848016284,0.50314465072006,10.4754524719901,0.231552163604647,13.8013702293392,0.0567849683575332,2.36332334869076,1.58656324201729,2.67751783225685,0.0500205015996471,0.0621991879306734,0.0274858528282493,0.0266666669631377,0.0393362008035183,0.738705765106715,0.0159999997122213,4.29473681235686,0,1.29080675542355,0.00946831790497527,0.0323383084614761,0.0170940166572109,0.050495051080361,0.0185902398079634,0.0773121370002627,0,0.00872093020007014,0.00277854967862368,0.00231660227291286,0,0,0.00142348755616695,0.98311953432858,0.00443349767010659,0.0309922532178462,0.00844529765890911,0.00591934891417623,0.00348068220773712,0.0152905192226171,0,0.0150375937228091,0.00218459847383201,0.0274560283869505,0.0311345645459369,0.0819855019217357,0.0215827346546575,0.0874524707905948,1.3886199145345,4.50934565160424,0.0330578503198922,2.24305557226762,0.0775623279623687,0.570093475398608,0.304100240464322,0.783111644908786,0.00386847206391394,0.0360873684985563,0.0021216407767497,0.040886843285989,0.00739176373463124,2.1332650904078,0.00279218191280961,0.0725734657607973,0.00543478270992637,5.26086932513863,0.00114810559898615,0.173015875392593,0.59291086345911,0.247071348130703
8.73764301798656,0.00314061387325637,18.3739149174653,0.141013697430026,0.307940349332057,0.0518754989025183,0,0.0556275776471011,1.53074890430435,0.0326368164969608,2.97814857121557,0.00523364485707134,9.5379004975257,0.021742765820818,1.23617549150367,0.00889996445039287,0.402949387935223,0.00340328973834403,0.637277923466172,0.0525467423722148,0.00677966090734117,0.00548696843907237,1.86220128022251,0.402121670020279,0.0478689910378307,0.0913934427080676,0.0216150083579123,0.0496661087381653,3.38152605196228,0.0141467724461108,2.04746532812715,0.180445455829613,0.935713027138263,0.0649759664665908,0.0328299414832145,0.00224366158363409,0.167775760404766,0.00120724341832101,0.0742384498007596,0.00194666150491685,0.017423200129997,0.000909504306036979,0.00559394553420134,0,0.00735564564820379,0,0.00946905685123056,0.000655737705528736,0.00941974358283915,0,0.0248160446062684,0,0.00404285412514582,0,0.00781504414044321,0.00413091841619462,1.18641774781281,0.00245465710759163,0.100724268675549,0,0.247864620032487,0.000377786171156913,0.258670240145875,0.000682710378896445,0.0832849138532765,0.0017658484284766,0.0907048625522293,0.00809482496697456,0.133762786630541,0.0126272911438718,1.50601926146192,0.05749405187089,1.93473938311217,0.0150197625625879,0.238731590798125,0.00181735574733466,0.623427651473321,0.00869393412722275,0.016032982384786,0,0.149999997171108,0.00235121231526136,0.185993107035756,0.00227143673691899,0.177809733548202,0.00102249486371875,0.0362198165094014,0.00232018553651869,0.0234741787426174,0.000281214859569445,0.0060989911435172,0.00936548807658255
0.0201601764129009,5.82507667233585,0.22054717032006,22.9960824598093,0.00587889488087967,1.24665240955073,0.0556275776471011,0,0.00749802665086463,3.77080905018374,0.00966183579294011,4.1325804903754,0.0152008683653548,9.03169961241656,0.00313206890132278,1.9305434434209,0.00348904839484021,0.306077358283801,1.45308659630246,3.11268721634406,0.0381077536731027,0.0518272437911946,1.30567994827288,2.27016526926309,0.0191680262796581,0.184027080656961,0.0055500497110188,0.172714373620693,0.020109066797886,2.07867487007752,1.36649410065729,3.12226505161379,0.561569666606374,1.26401039963821,0.035244160273578,0.0156589824473485,0.0337254896876402,0.0414791616494767,0.0168693600862753,0.0151572562754154,0.000888296694029123,0.00969376490684226,0.00321595114655793,0.0105352587997913,0.00573579501360655,0.0265792835562024,0.00429397204425186,0.0160230731125921,0.000367039814591408,0.00614050909643993,0.000565610884223133,0.000329869712004438,0,0.000387747189961374,0.00445646984735504,0.0251748243172187,0.013805920490995,0.939256081182975,0.00691016801283695,0.0317357504973188,0.00315159151796252,0.182520699687302,0.00298507465049624,0.349999996251427,0.00113122173934244,0.354927632724866,0.107393639918882,0.212211365113035,0.192286400415469,0.518709163006861,0.229853651893791,2.58823523909086,0.0185794467106462,0.744472212623805,0.0105355577543378,0.0871670692577027,0.367947979364544,0.409842363966163,0.000887508329469711,0.0636323452927172,0.00253927940502763,0.361071137187537,0.00298118125647306,0.0542035396210849,0.00259219983126968,0.11349655140657,0,0.0312441192218103,0.00172488146927208,0.0107541707111523,0.201634883182123,0.128739800304174
0.0960912087466568,0.00167224084725603,0.673876875371207,0.0258536585606635,11.5339801367372,0.140438873320818,1.53074890430435,0.00749802665086463,0,0.0286069645080715,0.31292518239934,0.00103466119617224,4.25406709604431,0,20.9885797644965,0.0154475238523446,0.269831366837025,0.00106837612111121,0.00941545679233968,0.000717617513146251,0.071428575553,0.0229885051958263,0.333829216542654,0.135321105422918,0.286775626125745,0.369104566052556,0.887693313416094,0.404363626148552,3.31082259677351,0.0178731011692435,1.9232432898134,0.118022327078506,0.0152931176126003,0.00535168213536963,0.00520833337213844,0,0.092088197125122,0.00515132024884224,0.0363636356778443,0.00465116277337074,0.0232804236002266,0.00407747179269791,0.00526118016568944,0.00171895138919353,0.0138545266818255,0.00206718337722123,0.0192230679094791,0.000745434197597206,0.0126916975714266,0,0.0330108129419386,0,0.0104575166478753,0,0.0139449537964538,0.000695168564561754,0.0976100590778515,0.000510725250933319,0.0341269845957868,0,0.0301291249925271,0,0.0843507242389023,0,0.0549828205257654,0.00089047197252512,0.0151147106662393,0.00171379605308175,0.00752283749170601,0,3.26356086146552,0.0737553765065968,0.935985075077042,0.0219111372716725,0.266533069545403,0.00812182761728764,0.233393168309703,0.0109489050228149,0.0484720738604665,0,0.145825743675232,0.00059031875571236,0.56053066032473,0.00750267913099378,0.0791235550423153,0,0.174477285589091,0.00911680888384581,0.0394233614788391,0.00108254398219287,0.00472813239321113,0.0140515216626227
0.00158646219642833,0.0385241453186609,0.0853131726616994,1.80085752799641,0.0353012767154723,11.8204375659116,0.0326368164969608,3.77080905018374,0.0286069645080715,0,0.00116618070751429,0.0571147229056805,0.0120522264624014,1.03834587469464,0.0069960649125278,6.65767737053102,0.00235432595945895,0.0527918795123696,0.0785795236006379,0.109532062429935,0.271247746422887,0.616113736759871,0.381034975231159,1.39941050531343,0.0858725737780333,2.19090332044289,0.0264984222594649,1.69993204949424,0.0240863781655207,1.28167807264253,0.695071892696433,2.16169782844372,0.0456769987940788,0.0405305833555758,0.0095999997574836,0.0123022848274559,0.0121951219625771,0.116293150931597,0.0146520151756704,0.155115510919131,0,0.200185358058661,0.00144980067852885,0.0115463915280998,0.00566304847598076,0.0167240524897352,0.00462427746970206,0.0201366418041289,0.00100553047377616,0.00288878189167008,0.00166112958686426,0,0,0.00117785634938627,0.000708466162905097,0.0672268914058805,0,0.0194319887668826,0.00229182589100674,0.00220913108205423,0.00138600135687739,0.00405063293874264,0,0.0094488188624382,0.00108459871262312,0.0119453921215609,0.0131475157104433,0.029452626593411,0.0193976524751633,0.0578252677805722,0.413213223218918,2.3188404738903,0.0164030464366078,0.882251590490341,0.0145985400304198,0.217913207132369,0.204635396134108,0.257175654172897,0,0.0206378987058997,0.000703977479133755,0.0223752149613574,0.00419507082551718,0.318737286608666,0.00119355481001548,0.0230854607652873,0,0.472746891668066,0.00114383758045733,0.0126548912376165,0.0932203391566873,0.144957990618423
5.70456368959276,0.00216508796438575,2.11203876778018,0.00570477778092027,0.0871670739725232,0.00470035243779421,2.97814857121557,0.00966183579294011,0.31292518239934,0.00116618070751429,0,0.00294117664452642,10.166889623506,0.00899213156662881,0.865853667608462,0.000866551126819104,7.79625260247849,0.00303183426149189,0.269578303210437,0.0393918453482911,0.00896860961802304,0,0.0311418673954904,0.0132207119604573,0,0.00636942684650421,0.018820576951839,0.00809716572985053,4.66776997444686,0.00341151375323534,0.189064892474562,0.0140845065470785,0.13652986753732,0.0506793958484195,0.0413026220630854,0.0139494333416224,0.241358397062868,0.00240963860414922,0.105646626208909,0.00547345378436148,0.0589353607501835,0.00183823530096561,0.0238439301028848,0.000821692694444209,0.0441729334415868,0,0.0245775729417801,0.00286738341674209,0.0350350345252082,0,0.0828500400530174,0,0.0244349427521229,0,0.0162429378833622,0.00670241308398545,5.35178812535014,0.00347999011864886,0.185763230314478,0,0.525043185334653,0.00100806448608637,1.63017293065786,0,0.235294115031138,0.00339991506189108,0.0939139507245272,0.00776053208392113,0.123983735218644,0.0262499994132668,1.27359613426961,0.0403690873645246,2.2319347813027,0.0137142855674028,0.398190047126263,0.00183150183875114,0.626546707120724,0.0125642495695502,0.229166673496366,0,1.743157959776,0.00457796873524785,2.04070985724684,0.00101368478499353,0.498411448934348,0.00177226401865482,0.156626504729502,0.0010741138830781,0.065031377132982,0,0.0230849934741855,0.0124869933351874
0.0126613102038391,5.77910741732921,0.0203524451935664,1.73955339589156,0,0.0634291395545006,0.00523364485707134,4.1325804903754,0.00103466119617224,0.0571147229056805,0.00294117664452642,0,0.00120772945228964,10.5896146269515,0,0.951981671852991,0.00691699632443488,6.5054468146991,0.436069979332387,1.26542052067816,0.0363382247742265,0.0405797115527093,0.0359408028889447,0.0737084588035941,0.00339174689725041,0.0328738087555394,0.00314136128872633,0.028921022079885,0.0117087448015809,12.302142421715,0.104707435762975,0.330729169130791,0.168527184287086,0.756169813976157,0.0342857128707692,0.0437457263469696,0.0162849873304367,0.0607287464663386,0.0244523696601391,0.0167988804168999,0.00292397662997246,0.0242165240924805,0.00843060959596187,0.0465454533696175,0.021276596118696,0.0678541138768196,0.00684931525029242,0.0251126862131059,0.000864304252900183,0.00749375513987616,0.00203200406394899,0.000683060090523213,0,0,0.00317661993904039,0.0321212123380974,0.0168258296616841,1.35192440327955,0.0163098885677755,0.0302532067289576,0.00373715360183269,0.200000004260801,0.00179775280412287,0.535427579656243,0.00461041956441477,0.379168214392848,0.127422480145469,0.279816501773894,0.165499121183529,0.638830911833793,0.139698490966111,1.65170731861144,0.0127952755428851,3.68828660866711,0.0126671354519203,0.171875005122274,0.202483284752816,0.460570883238688,0.00145772600080818,0.613946815836243,0.00379027146846056,0.55261088500265,0.00358422938734293,0.115334210917354,0.00373692077118903,0.118426501576323,0,0.0385674928547814,0.000523286231327802,0.013113161403453,0.397163121029735,0.0720438528805971
2.6320363235136,0.00402657547965646,4.18776325933868,0.0448987032577861,0.388508907984942,0.0248823125730269,9.5379004975257,0.0152008683653548,4.25406709604431,0.0120522264624014,10.166889623506,0.00120772945228964,0,0.00659731036284938,8.39854302327149,0.00782122882083058,1.43892623111606,0.00369117187801749,0.268839117139578,0.0331253007170744,0.0175953079015017,0.00342465750873089,0.216033756732941,0.112140169367194,0.0352293569594622,0.0506685418076813,0.0432658746140078,0.0348583878949285,5.85307648731396,0.0110588886309415,0.543202213477343,0.0723926377249882,0.163407444197219,0.0290362938540056,0.021335439872928,0.00578751531429589,0.186922282737214,0.000682128244079649,0.0986639270558953,0.00387221679557115,0.0240963853430003,0.00169491523411125,0.0148514856118709,0.00161899620434269,0.0235294108279049,0.000603500287979841,0.0319917455781251,0,0.0201834857580252,0,0.0592683446302544,0,0.0185630798223428,0,0.0224171541631222,0.00375939859077334,1.74598436232191,0.00188857418834232,0.113362401549239,0,0.347972159943311,0,0.81358060054481,0.00104684638790786,0.126079996814951,0.000551724166143686,0.067269866791321,0.00696721312124282,0.0802469172049314,0.0153203340014443,2.26612347492483,0.043246838322375,2.39825968566583,0.0125744538963772,0.358435013098642,0.00253807101398706,0.717377049848437,0.00793913332745433,0.0756013756617904,0,0.596797680482268,0.00251730642048642,0.832496853836346,0.00308166403556243,0.409004447283223,0.00034566194517538,0.162689806893468,0.00191448623081669,0.0661364572006278,0.000394166330806911,0.0107865168247372,0.0116435288218781
0.013091216533212,1.32025861577131,0.10605410343851,2.22360252588987,0.000770119368098676,0.34756327746436,0.021742765820818,9.03169961241656,0,1.03834587469464,0.00899213156662881,10.5896146269515,0.00659731036284938,0,0.00185128039447591,1.90224404435139,0.00226159062003717,0.88782493409235,1.11746733612381,2.05053392238915,0.029126214212738,0.0418118464294821,0.48221166129224,0.712104658945464,0.00834028352983296,0.0874751503579319,0.00315084680914879,0.0955912638455629,0.0118976796511561,13.7221878276323,0.758787036174908,1.91953624424059,0.355255430040415,0.879498326859903,0.0362976407632232,0.0172084128716961,0.0300693901372142,0.0483685229555704,0.0200617285445333,0.0137085136957467,0.00100150227081031,0.0245941948378459,0.00269323994871229,0.0177567335776985,0.00780995772220194,0.0348175431136042,0.00507185136666521,0.0219544834690168,0,0.00791817856952548,0,0,0,0,0.00158856238704175,0.025451768306084,0.00835488367010839,0.787439621868543,0.00559910433366895,0.02179836621508,0.00312500016298145,0.129054286109749,0.000700770819094032,0.419003995601088,0,0.246209822129458,0.0786209770885762,0.163848010997754,0.153106761281379,0.406286851502955,0.167239399685059,3.05487132444978,0.0142803461640142,2.546196640993,0.0146341463550925,0.131566023686901,0.344472994969692,0.383531154948287,0.0019990005530417,0.148514856118709,0.00474308326374739,0.357207215856761,0.000699056254234165,0.0548320775851607,0.00200635346118361,0.0923245993908495,0.000820008222945035,0.0306376907392405,0.000449337239842862,0.00800505568622611,0.234984184149653,0.131164735648781
0.306211315328255,0.00140614013071172,0.620303366828011,0.0205063823377714,3.97032383159967,0.0334212832385674,1.23617549150367,0.00313206890132278,20.9885797644965,0.0069960649125278,0.865853667608462,0,8.39854302327149,0.00185128039447591,0,0.0104166669188999,0.841228087607305,0.00313602504320443,0.0179677822743542,0.00634737423388287,0.231179617694579,0.0207823970122263,0.139603964751586,0.0479514430044219,0.114567901007831,0.107376284140628,0.763619586010464,0.123661152087152,8.55001679668203,0.0137127190828323,0.721233671531081,0.0523437507799827,0.0474777440540493,0.0145675269886851,0.0273074809229001,0.00116346718277782,0.796037821797654,0.0026881720405072,0.108156830538064,0.00166736135724932,1.99630538432393,0.00481927720829844,0.0401197611936368,0.0039920158451423,0.0429629628779367,0.00459066568873823,0.106423169665504,0.00297441991278902,0.0583657587412745,0.000752445426769555,0.142618647223571,0,0.0688094154465944,0,0.169212687760592,0.00562429719138891,0.419853876810521,0.00130576710216701,0.118161928548943,0,0.130948946462013,0.000782472605351359,0.238613464403898,0.000640820246189833,0.163298965897411,0.000683760677929968,0.0816605832951609,0.00909090897766873,0.0228346455842257,0.005524861975573,4.8317009229213,0.0607111892895773,2.11888109520078,0.0232558145653456,0.454382817959413,0.0048076924867928,0.487659565696958,0.0258286704774946,0.181818178389221,0,0.99298652872676,0.00393410352990031,8.37379407184198,0.00314341858029366,0.599500729877036,0.000786472694016993,2.7202323806705,0.00821692694444209,0.584109877527226,0.000914494739845395,0.00918032787740231,0.0182648405898362
0.0050285714387428,0.0981537756160833,0.0279264600249007,0.490085589932278,0.0223613591515459,7.74890652968315,0.00889996445039287,1.9305434434209,0.0154475238523446,6.65767737053102,0.000866551126819104,0.951981671852991,0.00782122882083058,1.90224404435139,0.0104166669188999,0,0.013089005369693,0.502536106621847,0.0697530895704404,0.123059232952073,0.467333702952601,1.91626215376891,0.144619949103799,0.576957994024269,0.100147271761671,0.966573799727485,0.0440771346911788,3.00774448638549,0.0366544496500865,13.1874361250666,0.46517117950134,0.893468133173883,0.0788177317008376,0.0985787767567672,0.047748236451298,0.0647024819627404,0.0304523061495274,1.18003562232479,0.0197220975533128,0.971381137438584,0,0.944976041791961,0.0363961827824824,0.13916501600761,0.0464601768180728,0.127189646009356,0.0533249680302106,0.275637236481998,0.00697133992798626,0.0164794009178877,0.00570749107282609,0.00250312895514071,0.000900495273526758,0.00349192484281957,0.00117096013855189,0.627242184011266,0.00342906126752496,0.0586064686649479,0.0112114608054981,0.00604412227403373,0.00919804535806179,0.0179127720184624,0.00641797017306089,0.0306415585801005,0.00656544929370284,0.0585631621070206,0.099181073368527,0.252862596244086,0.0344827577937394,0.13644688698696,0.971656311885454,2.48317523265723,0.0147826090105809,2.94772921130061,0.0296033162157983,0.720763750839978,0.252328529837541,1.48008561506867,0.00365853658877313,0.108499095076695,0.00640652305446565,0.231919585319702,0.0119999996968545,7.43371143937111,0.00498220644658431,0.393095321080182,0.00288739171810448,2.59198684303556,0.0014669926604256,0.195622430619551,0.390370865352452,0.110032358206809
1.90993368072668,0.0146779011120088,0.443061922502238,0.00620376982260495,0.0953545274678618,0.00711743789725006,0.402949387935223,0.00348904839484021,0.269831366837025,0.00235432595945895,7.79625260247849,0.00691699632443488,1.43892623111606,0.00226159062003717,0.841228087607305,0.013089005369693,0,0.0234335209243,0.0757575733587146,0.0229325930122286,0.0254777069203556,0.00572519085835665,0.0168018535478041,0.00369412620784715,0.00695894239470363,0.00772200780920684,0.0215462609194219,0.00954979541711509,4.29154521785676,0.0498067854205146,0.0731581635773182,0.00912778882775456,0.448261767392978,0.135205019207206,0.487530183163472,0.212201597169042,0.484996925108135,0.0559610701166093,0.138565298984759,0.0110436219256371,0.0637065625051036,0.0130597011884674,0.24781976651866,0.0992555846460164,0.302083342336118,0.0710760159417987,0.187789793126285,0.0533525584032759,0.298688190057874,0.00386473420076072,0.568099856376648,0.000770416052546352,0.140653912676498,0.00236546411179006,0.0809659115038812,0.0512129368726164,6.54992596921511,0.0184676805511117,0.876292626839131,0.00664451852208003,1.04411256773164,0.0172764221206307,5.03433682955801,0.0118436632328667,1.12574844644405,0.025673940544948,0.71865118201822,0.233296220598277,0.118852452374995,0.0694444443797693,0.862484931130894,0.0512223523110151,2.03999991877936,0.0634371372871101,0.56198346731253,0.0130111522739753,0.788876315345988,0.198270895518363,1.81923077092506,0.011331444606185,9.47212440124713,0.0385168149368837,3.10736827924848,0.0143076134845614,1.38605579794967,0.0253445976704825,0.368064938113093,0.00866738893091679,0.175931227800902,0.00739566795527935,0.0512273199856281,0.014814815018326
0.0187839831924066,2.51189875113778,0.00504032243043184,0.164948452264071,0.00104876770637929,0.0899335704743862,0.00340328973834403,0.306077358283801,0.00106837612111121,0.0527918795123696,0.00303183426149189,6.5054468146991,0.00369117187801749,0.88782493409235,0.00313602504320443,0.502536106621847,0.0234335209243,0,0.085194090846926,0.203874239057768,0.0627737201284617,0.057619409635663,0.0161160354036838,0.0248488917131908,0.00819672096986324,0.0383561645867303,0.00216333149001002,0.0506620625965297,0.0583832357078791,14.4423077057581,0.0515370718203485,0.0918412848259322,0.360088366374839,0.388179984060116,0.248348752968013,0.176890161819756,0.0262605055468157,0.125326369889081,0.021030493080616,0.0240153691265732,0,0.0580789289670065,0.0132318888790905,0.0766084041097201,0.0486781366635114,0.210709623992443,0.0153899969300255,0.0551724121905863,0.00355082121677697,0.0469884648919106,0.00980392203200608,0,0,0.00101936794817448,0.00129575643222779,0.0493979640305042,0.0581046823645011,2.91444603953278,0.0555170001462102,0.0852349026827142,0.0203174594789743,0.383206793339923,0.0129390020156279,6.23181187023874,0.0237191648920998,0.734662559581921,0.455864246527199,0.98576238937676,0.135852456034627,1.15795148187317,0.251944007235579,1.15434898389503,0.0395738192601129,4.06683277117554,0.0279411770170555,0.207869345322251,0.253812090726569,1.01694916840643,0.00610221223905683,9.14135347178672,0.0199677933705971,4.47733338311082,0.0055274065816775,0.194793541566469,0.0147420146386139,0.265045086853206,0.00571755284909159,0.0557392526534386,0.00372241443255916,0.0192260295152664,0.567880794173107,0.0608552636113018
2.14948121539783,0.256753839261364,11.8807320241467,2.11558675509878,0.00851393165066838,0.0523917977116071,0.637277923466172,1.45308659630246,0.00941545679233968,0.0785795236006379,0.269578303210437,0.436069979332387,0.268839117139578,1.11746733612381,0.0179677822743542,0.0697530895704404,0.0757575733587146,0.085194090846926,0,11.6325140272966,0.0400586223695427,0.0320641286671162,6.71818186354358,2.20136793953134,0.00587002100655809,0.0223820942919701,0.000791765633039176,0.0248550128890201,0.279486416140571,0.534635335206985,3.71547243359964,3.49109598307405,13.2124957983615,9.59999978402629,0.502966668398585,0.200096203945577,0.144905074033886,0.0331790125928819,0.0728964717127383,0.0144980067852885,0.0252016121521592,0.0168316836934537,0.00324324332177639,0.00534759345464408,0.0104575166478753,0.0134498986881226,0.00452488707378507,0.00913487409707159,0.00341296923579648,0.00397614331450313,0.00702833291143179,0,0,0,0.00743889471050352,0.0209397352882661,0.422816118225455,0.0867810306954198,0.109019389841706,0.0147662018425763,0.030833552358672,0.00754458160372451,0.0302710316027515,0.0281528306659311,0.013644523685798,0.0298325737239793,0.845278257620521,0.25726872892119,11.595862417249,1.68404425517656,1.52570985467173,2.24081021663733,0.373867069138214,0.539895588764921,0.0824742238037288,0.136363641824573,0.782287807669491,1.00037269317545,0.0100603618193418,0.0199302448891103,0.0190375463571399,0.0361418561078608,0.0161516855587251,0.0206540449289605,0.0170911533641629,0.00991553397034295,0.00329760927706957,0.015748031088151,0.00360522768460214,0.002534854284022,0.694960215478204,0.191230842843652
0.143116302206181,2.64583764388226,0.360024564201012,9.79654045350617,0.00141743442509323,0.096796655736398,0.0525467423722148,3.11268721634406,0.000717617513146251,0.109532062429935,0.0393918453482911,1.26542052067816,0.0331253007170744,2.05053392238915,0.00634737423388287,0.123059232952073,0.0229325930122286,0.203874239057768,11.6325140272966,0,0.0840262603014708,0.0340196948964149,0.68132818036247,2.77421014616266,0.00457491434644908,0.0459853996289894,0.00217076693661511,0.0497737565310672,0.0507387764519081,0.961024231219199,0.779661023756489,1.57441416557413,3.074084336753,5.2602106826962,0.13585837528808,0.0405697021633387,0.131252221472096,0.0409893982578069,0.100106494501233,0.0260260264039971,0.0117011704132892,0.0283436663448811,0.00203148811124265,0.00832408462883905,0.00848999386653304,0.0186799495713785,0.010598833905533,0.0121212126687169,0.000631313130725175,0.00122850120533258,0.00333959516137838,0.00105764146428555,0,0,0.0114942531799898,0.0370727009430993,0.108530087163672,0.288850380457006,0.0579404825111851,0.0261874199495651,0.011316112941131,0.0361445790622383,0.0188372841803357,0.0629201370757073,0.0072775388834998,0.0669883614173159,0.571256517898291,0.296776887058513,3.7469725656556,2.94007227849215,0.673699001432396,3.64462815178558,0.0845460827695206,1.23630140267778,0.0501098911045119,0.283819636213593,1.14993217546726,1.84457373514306,0.00539083569310606,0.032071269582957,0.00646766199497506,0.0763129679835401,0.00518470490351319,0.0579064582125284,0.00708991318242624,0.0267417303984985,0.00300300307571888,0.0395778380334377,0.00812660407973453,0.00683829464833252,1.41215260251192,0.331299864861649
0.014456316945143,0.0602721945033409,0.0238402054528706,0.0883824333432131,0.0997123694978654,1.08325708471239,0.00677966090734117,0.0381077536731027,0.071428575553,0.271247746422887,0.00896860961802304,0.0363382247742265,0.0175953079015017,0.029126214212738,0.231179617694579,0.467333702952601,0.0254777069203556,0.0627737201284617,0.0400586223695427,0.0840262603014708,0,3.47692323802039,0.0517663533100858,0.10217596963048,2.00000007450581,3.08220618823543,0.735025399364531,2.22451328043826,0.414823007304221,0.48271889355965,4.72255190019496,0.860043492168188,0.044276456697844,0.055818353779614,0.0646153846755624,0.0371747207827866,0.415384615771472,0.163653659634292,0.167630060808733,0.131362890824676,0.961625305004418,0.321503138635308,0.0111162574030459,0.0263013700023293,0.0184331792406738,0.0432658746140078,0.0110275686020032,0.0449335161247291,0.00431965431198478,0.00812457664869726,0.00464807450771332,0,0.00389105058275163,0,0.0341880352934822,0.0724210513290018,0.0149726468371227,0.0263620389159769,0.00594648183323443,0.00756143685430288,0.00349956261925399,0.00727272708900273,0.00923076923936605,0.0103092787321657,0.00964630208909512,0.0183486230671406,0.0337183879455552,0.0793597855954431,0.0397350993007421,0.117053479887545,4.77558698260691,2.75911114178598,0.196928639896214,1.00262927776203,0.415322568267584,0.691511400043964,0.64670659834519,0.747810843866318,0.0178970918059349,0.0515021458268166,0.0258813027758151,0.0367290359572507,0.722264735028148,0.209677419159561,0.0212333404633682,0.017925736901816,0.149152545724064,0.325618516188115,0.0324473591172136,0.0156592548592016,1.37790697161108,1.15340912528336
0.00383264129050076,0.0329489295836538,0.00982640020083636,0.0783760946942493,0.0705645140260458,5.90786932082847,0.00548696843907237,0.0518272437911946,0.0229885051958263,0.616113736759871,0,0.0405797115527093,0.00342465750873089,0.0418118464294821,0.0207823970122263,1.91626215376891,0.00572519085835665,0.057619409635663,0.0320641286671162,0.0340196948964149,3.47692323802039,0,0.032763532595709,0.0833737252978608,0.491803279146552,2.02197811566293,0.169164880178869,17.7737224870361,0.0387023324146867,1.05519287195057,1.08866612496786,0.51807226985693,0.0299833416938782,0.0513814818696119,0.0267111845314503,0.0492813158780336,0.0485338736325502,1.24600005918182,0.0526849064044654,5.53384745540097,0.00510204071179032,1.53271023184061,0.00189753319136798,0.0236753089120612,0.0136239780113101,0.0492040505632758,0.00925925897900015,0.0488262923900038,0.00298953661695123,0.00420757359825075,0.00270178983919322,0,0,0.00382043933495879,0.005524861975573,0.302065401978325,0.00642898870864883,0.0190306268632412,0.00101677677594125,0.000968522974289954,0.00178970920387655,0.0105740181170404,0.00160128099378198,0.0127051351591945,0.00670578377321362,0.0177200243342668,0.0393401007167995,0.0793758492800407,0.0351681968895718,0.140425527468324,2.51873770542443,7.52327756024897,0.0530303046107292,1.38715597428381,0.13033707998693,0.856481487862766,0.355992837692611,0.909257551655173,0,0.0481927720829844,0.00913241994567215,0.0268077597720549,0.0175159238278866,0.528560564853251,0.00319926883094013,0.0467047240817919,0.00719424476847053,1.26289513707161,0.000702740682754666,0.0560152744874358,3.97269612271339,0.637873739004135
0.0531165313732345,0.0349328912852798,8.21916808793321,2.50344477241742,1.36219086806523,0.385954733064864,1.86220128022251,1.30567994827288,0.333829216542654,0.381034975231159,0.0311418673954904,0.0359408028889447,0.216033756732941,0.48221166129224,0.139603964751586,0.144619949103799,0.0168018535478041,0.0161160354036838,6.71818186354358,0.68132818036247,0.0517663533100858,0.032763532595709,0,13.249160137726,3.10728807805572,1.03198549244553,0.123427206766792,0.143831372261047,0.205719778896309,0.333088792918716,14.5328295737854,6.0359053608845,3.88965516613098,0.989926097070565,0.183150178054348,0.0712556188227609,0.0347774816909805,0.0146886013681069,0.00766735471552238,0.00336040311958641,0.000715307600330561,0.00282485876232386,0.0031028367811814,0.00382958352565765,0.00619834684766829,0.00211304798722267,0.00413983428734355,0.00308778116595931,0.00267236784566194,0.000522193207871169,0.00260950598749332,0,0,0,0.000874125864356756,0.00465313019230962,0.0494335731491446,0.01942084194161,0.0150995194853749,0.00134258225443773,0.00344901927746832,0.00321888411417603,0.00602244725450873,0.00838574417866766,0.00667222682386637,0.00585794483777136,0.0889128845883533,0.0381165918661281,0.189655171707273,0.096291862486396,0.321825634455308,1.1098332691472,0.0861271657049656,0.230681161512621,0.0140400137752295,0.0331452761311084,0.178307774709538,0.148211737803649,0.00357142853317782,0.0042568288045004,0.00696560740470886,0.0103073104110081,0.0120218583615497,0.0112994355149567,0.00324483774602413,0.00575263687642291,0.00617665238678455,0.0116472546360455,0.000761904753744602,0.00180310133146122,0.0348535421653651,0.072458409005776
0.0112734863650985,0.0391989762429148,1.1443124176003,9.56089116548537,0.164466238580644,1.64827848016284,0.402121670020279,2.27016526926309,0.135321105422918,1.39941050531343,0.0132207119604573,0.0737084588035941,0.112140169367194,0.712104658945464,0.0479514430044219,0.576957994024269,0.00369412620784715,0.0248488917131908,2.20136793953134,2.77421014616266,0.10217596963048,0.0833737252978608,13.249160137726,0,2.13703101500869,1.9859867375344,0.0532202096655965,0.362756956019439,0.10538641246967,0.584330122044776,5.90392398892436,5.54804158152547,0.864739865064621,0.336915650521405,0.0673162075690925,0.0223671952262521,0.0135951661504805,0.0218127119005658,0.00907029490917921,0.00849256874062121,0.000975134084001184,0.0134163869079202,0.00318555871490389,0.00757355120731518,0.00191877200268209,0.00657678407151252,0,0.00791765662143007,0.0020020020310767,0,0.00129870133241639,0,0,0,0.00052205688552931,0.00954054773319513,0.00905333616537973,0.0179211467911955,0.000551571953110397,0.000537056941539049,0.00205444265156984,0.00335232994984835,0.00206327374326065,0.011273956624791,0.00210378679912537,0.00954653974622488,0.0399085432291031,0.0303885393077508,0.0768452977063134,0.046171605354175,0.25289936887566,1.87852174410364,0.0456721930531785,0.400145494495519,0.0123574143508449,0.0583452896680683,0.263593801064417,0.173818177427165,0.000973235990386456,0.00964320148341358,0.00519615481607616,0.0204717396409251,0.00480274431174621,0.0289367424556985,0.00265120132826269,0.00834391464013606,0.00160449254326522,0.0265641376608983,0.000887902337126434,0.00291605922393501,0.0594262261874974,0.121428566169925
0.000568181800190359,0.00350467278622091,0.166182447690517,0.0538617866113782,3.9261404920835,0.50314465072006,0.0478689910378307,0.0191680262796581,0.286775626125745,0.0858725737780333,0,0.00339174689725041,0.0352293569594622,0.00834028352983296,0.114567901007831,0.100147271761671,0.00695894239470363,0.00819672096986324,0.00587002100655809,0.00457491434644908,2.00000007450581,0.491803279146552,3.10728807805572,2.13703101500869,0,3.77367193659302,7.5026456057094,2.6473989180522,0.0820130491629243,0.115718417800963,6.45670241245534,0.635993015952408,0.0164383559022099,0.00489396415650845,0.00607287464663386,0.00456620985642076,0,0.0215982715599239,0,0.0115681233583018,0,0.0220318241044879,0.000800961162894964,0.00277392502175644,0.00107700587250292,0.00451722182333469,0,0.00158793176524341,0.00115807761903852,0.0011019284138456,0,0,0.00146412884350866,0,0.000780944945290685,0.00442314776591957,0.00104959332384169,0.000533049053046852,0,0,0,0,0.0012210012646392,0.000877963146194816,0,0.00384245906025171,0.0028240610845387,0.00599340710323304,0,0.00300978170707822,0.37491091620177,0.352699918672442,0.0138408306520432,0.160919536370784,0.0143884895369411,0.0535931815393269,0.0212342403829098,0.0418918929062784,0,0.00248756213113666,0.00697944941930473,0.00310173694742844,0.0218844974879175,0.034077555174008,0.00167890870943666,0.00235682295169681,0.00327064585871994,0.0402262732386589,0.00123647600412369,0.00453129410743713,0.00879765395075083,0.0202898557763547
0.0049491340178065,0.0254165497608483,0.215229001594707,0.5862323991023,0.606141548138112,10.4754524719901,0.0913934427080676,0.184027080656961,0.369104566052556,2.19090332044289,0.00636942684650421,0.0328738087555394,0.0506685418076813,0.0874751503579319,0.107376284140628,0.966573799727485,0.00772200780920684,0.0383561645867303,0.0223820942919701,0.0459853996289894,3.08220618823543,2.02197811566293,1.03198549244553,1.9859867375344,3.77367193659302,0,1.01388891343959,9.37048157863319,0.0883782573509961,0.790506596793421,4.72102054581046,2.60305332450662,0.0364109231159091,0.0264694429934025,0.00904977379832417,0.0100704934448004,0.0267558521591127,0.128818064928055,0.0174146011704579,0.0633592368103564,0,0.0877944314852357,0.00459066568873823,0.0210526320151985,0.00911854149308056,0.0180084746098146,0.00163265306036919,0.024279210716486,0,0.00103519670665264,0.00288433802779764,0,0.00134861771948636,0,0.00149365200195462,0.0473498221253976,0.00356415496207774,0.0118893769104034,0.00242620299104601,0.00155581487342715,0,0.00218579242937267,0.0045584044419229,0.0100208767689764,0.00353148893918842,0.0109140516724437,0.0109349365811795,0.0312680957140401,0.019845645641908,0.0290456438669935,1.42236848198809,2.15189874870703,0.037131882738322,0.805764406337403,0.0399579368531704,0.185501070460305,0.181034479639493,0.264245467144065,0.00221729488112032,0.00868621096014977,0.00593471806496382,0.0173600723501295,0.0147559598553926,0.189114899374545,0.00163867266383022,0.0321100919973105,0.00298507465049624,0.208430904662237,0,0.0164473685435951,0.137672092532739,0.198265183717012
0.00600928685162216,0.00280504900729284,0.0675411648117006,0.0122639190522023,3.84888295049313,0.231552163604647,0.0216150083579123,0.0055500497110188,0.887693313416094,0.0264984222594649,0.018820576951839,0.00314136128872633,0.0432658746140078,0.00315084680914879,0.763619586010464,0.0440771346911788,0.0215462609194219,0.00216333149001002,0.000791765633039176,0.00217076693661511,0.735025399364531,0.169164880178869,0.123427206766792,0.0532202096655965,7.5026456057094,1.01388891343959,0,1.7677515023388,0.244862271938473,0.0487584642833099,2.31855502305552,0.151776099926792,0.00343200354836881,0.00231392215937376,0.00177147914655507,0,0.0131665566004813,0.0117647062288597,0.00527356611564755,0.00353565125260502,0.00216919742524624,0.0187891444656998,0.00227445038035512,0.00260416668606922,0,0.00313807523343712,0.00323362974449992,0.00225563911953941,0.00107066379860044,0,0.00229160697199404,0,0,0,0.0022205772693269,0.00280308327637613,0.00657894753385335,0.0010274852393195,0,0,0.00361663638614118,0,0.00449690828099847,0,0.00348229834344238,0.00179937027860433,0.00217273226007819,0.00287521572317928,0.00326441775541753,0.00544217694550753,1.11917095631361,0.102244392503053,0.332912988960743,0.0567901260219514,0.0266666656825691,0.0187110188417137,0.0194174759089947,0.0234423187794164,0.00431965431198478,0,0.0125000002444722,0.00178306095767766,0.0593505059368908,0.00976668472867459,0.0089686096762307,0.0022810218797531,0.0190615835599601,0.00808314082678407,0.00177725125104189,0.000544662296306342,0.0121506687719375,0
0.0028176952037029,0.0318563578184694,0.134255256096367,0.230517024174333,0.693616999313235,13.8013702293392,0.0496661087381653,0.172714373620693,0.404363626148552,1.69993204949424,0.00809716572985053,0.028921022079885,0.0348583878949285,0.0955912638455629,0.123661152087152,3.00774448638549,0.00954979541711509,0.0506620625965297,0.0248550128890201,0.0497737565310672,2.22451328043826,17.7737224870361,0.143831372261047,0.362756956019439,2.6473989180522,9.37048157863319,1.7677515023388,0,0.0974712652387097,2.20351884374395,4.08746337983757,1.38602526742034,0.0225326730287634,0.0362756956019439,0.0216322524938732,0.0198895018547773,0.0270078186877072,0.669957709033042,0.0170818506740034,3.08643527841195,0.00246913591399789,0.758865249110386,0.0102929532295093,0.0237226275494322,0.00954400899354368,0.0366666675545275,0.00846740033011883,0.0518053388223052,0.00113895221147686,0.0054229935631156,0.00118378223851323,0,0.00143369170837104,0,0.00077220075763762,0.346462440211326,0.00416666688397527,0.0116371333133429,0.0025157232885249,0.00402738631237298,0.00150772708002478,0.0045924223959446,0.00119976000860333,0.0104031208902597,0.00496585993096232,0.020843202015385,0.0302521021803841,0.0677361837588251,0.0208574733696878,0.0824742270633578,1.38128487567883,4.18230576440692,0.0488466764800251,1.66710872459225,0.0486674378626049,0.444705864647403,0.196614589192905,0.584493067231961,0.00737100723199546,0.0168067221529782,0.00536809803452343,0.0307408539811149,0.0215053756255656,0.870017302106135,0.00208594079595059,0.0379213487030938,0.00319488812237978,1.31728401011787,0.000612745119724423,0.0533707870636135,0.689170168479905,0.158553548622876
2.74933087464888,0.0291704647243023,2.81162060069619,0.0522448979318142,1.4865671179723,0.0567849683575332,3.38152605196228,0.020109066797886,3.31082259677351,0.0240863781655207,4.66776997444686,0.0117087448015809,5.85307648731396,0.0118976796511561,8.55001679668203,0.0366544496500865,4.29154521785676,0.0583832357078791,0.279486416140571,0.0507387764519081,0.414823007304221,0.0387023324146867,0.205719778896309,0.10538641246967,0.0820130491629243,0.0883782573509961,0.244862271938473,0.0974712652387097,0,0.0757077004527673,0.618113207223359,0.101454682648182,0.708941041957587,0.250585469650105,0.376024569151923,0.118478255462833,4.55678892461583,0.0671483224723488,0.982905991259031,0.0500000006868504,2.64641827356536,0.0134755759499967,0.149667726887856,0.0473297093994915,0.19000354106538,0.0380255952477455,0.262663026107475,0.0350272762589157,0.213303599157371,0.00287873344495893,0.527120986080263,0,0.170815452642273,0.000833333353511989,0.515177330933511,0.067446286091581,2.89005226513837,0.0360474979970604,0.99277110490948,0.00877706275787205,1.36677818582393,0.0127007848350331,1.61952341918368,0.0283775437856093,0.978790278430097,0.0328299414832145,0.897225311666261,0.248779354442377,0.301390463777352,0.12996074964758,8.60921009996673,0.25216316152364,11.2810293647926,0.0941465378855355,2.56173514807597,0.0268907574936748,3.94981799647212,0.316693949920591,1.21898226742633,0.0237556571373716,4.35675971652381,0.050620821188204,9.44576496456284,0.0307576896157116,1.89422233804362,0.0268868828425184,2.88797438843176,0.0234833668218926,1.03119791907375,0.00444938807049766,0.14580802526325,0.1233373680152
0.0294650951400399,2.67562559590442,0.0706045205297414,1.19014086716925,0.0255169381271116,2.36332334869076,0.0141467724461108,2.07867487007752,0.0178731011692435,1.28167807264253,0.00341151375323534,12.302142421715,0.0110588886309415,13.7221878276323,0.0137127190828323,13.1874361250666,0.0498067854205146,14.4423077057581,0.534635335206985,0.961024231219199,0.48271889355965,1.05519287195057,0.333088792918716,0.584330122044776,0.115718417800963,0.790506596793421,0.0487584642833099,2.20351884374395,0.0757077004527673,0,0.812257571378723,1.79302420484601,0.584036344662309,0.744617197487969,0.347872329410166,0.333710421691649,0.0634361249394715,0.995177559670992,0.0546737196855247,0.365196082682814,0.00239091459661722,0.38619076134637,0.1038654493168,0.494926341343671,0.218988716078456,0.606834396254271,0.114108522422612,0.517150416970253,0.0106911031762138,0.0857037280220538,0.0287600182346068,0.00371172290761024,0.0053144374396652,0.00429553270805627,0.00752968457527459,0.48987516912166,0.0659153751621488,1.50258401886094,0.0708128066617064,0.102211599005386,0.0432309429161251,0.211900195805356,0.016600790200755,0.71924288989976,0.0299110751366243,0.529926008312032,0.741709883906879,1.55497756577097,0.29586712224409,1.37505628267536,1.0204793328885,7.09978746715933,0.0573384672170505,18.938000483613,0.0544611804652959,0.784588426351547,0.706961215473711,2.55649244599044,0.00834824074991047,3.29716986045241,0.039181791478768,3.4630709309713,0.00867165927775204,3.02390123379882,0.0282835424877703,0.71275559545029,0.00472813233500347,1.06564641825389,0.00823842996032909,0.15328962681815,0.986022829078138,0.23008850379847
0.39015902846586,0.0616089643444866,6.736949081067,2.07927932962775,5.69973477488384,1.58656324201729,2.04746532812715,1.36649410065729,1.9232432898134,0.695071892696433,0.189064892474562,0.104707435762975,0.543202213477343,0.758787036174908,0.721233671531081,0.46517117950134,0.0731581635773182,0.0515370718203485,3.71547243359964,0.779661023756489,4.72255190019496,1.08866612496786,14.5328295737854,5.90392398892436,6.45670241245534,4.72102054581046,2.31855502305552,4.08746337983757,0.618113207223359,0.812257571378723,0,4.34939217113424,5.77951019047759,0.765899834455922,0.335120654199272,0.091304350993596,0.189160465495661,0.0813523475080729,0.0468085091561079,0.033009709441103,0.00466926069930196,0.0620741862803698,0.00866377900820225,0.0202474683173932,0.0118593819206581,0.0167032970348373,0.00563976028934121,0.0172014555428177,0.00358583591878414,0.00431220367318019,0.0103788275737315,0.00140597543213516,0.00641711242496967,0,0.00717781396815553,0.0534659613622352,0.218308229494141,0.0310150383738801,0.0825174857163802,0.00540906004607677,0.0268542197300121,0.0072169597260654,0.0373482727445662,0.0165348674054258,0.0201342284562998,0.0247486457228661,0.202224971551914,0.0765425672871061,0.417083144013304,0.166939446469769,4.72260098182596,3.63192664366215,0.364289392018691,0.798789714463055,0.110612854827195,0.179622641415335,0.713078039232641,0.44959676079452,0.0434445310384035,0.00917431223206222,0.0227051577530801,0.0268240342848003,0.075383898220025,0.106980960816145,0.0235338779166341,0.0223298921773676,0.0254777076188475,0.111694512306713,0.0117678524693474,0.0143742261570878,0.204047220293432,0.423785590101033
0.0221948212129064,0.153068952437025,0.533567993668839,4.36949221557006,0.221294368151575,2.67751783225685,0.180445455829613,3.12226505161379,0.118022327078506,2.16169782844372,0.0140845065470785,0.330729169130791,0.0723926377249882,1.91953624424059,0.0523437507799827,0.893468133173883,0.00912778882775456,0.0918412848259322,3.49109598307405,1.57441416557413,0.860043492168188,0.51807226985693,6.0359053608845,5.54804158152547,0.635993015952408,2.60305332450662,0.151776099926792,1.38602526742034,0.101454682648182,1.79302420484601,4.34939217113424,0,1.15082566067576,1.11750922031933,0.115561394020915,0.0340184262022376,0.211186611559242,0.0966735973488539,0.152799579547718,0.0573888095095754,0.0182370822876692,0.079881657846272,0.00527704507112503,0.0140845075366087,0.00418060197262093,0.0182133567868732,0.0139470014255494,0.0340537002775818,0,0.00510638288687915,0.00154440163169056,0,0.00210415571928024,0,0.0122739021317102,0.0578817724017426,0.0184077315498143,0.0699790078215301,0.00899342761840671,0.00468384078703821,0.00316555873723701,0.0106761564966291,0.00368154630996287,0.0362602192908525,0.00472366547910497,0.0351547582540661,0.0706575075164437,0.085227269155439,0.186379928141832,0.231759656220675,1.79360173596069,12.3893892091,0.113131318241358,1.48857993504498,0.160701248096302,0.364306783303618,2.50636624451727,1.49578169570304,0.00303030293434858,0.0283793880371377,0.00578034692443907,0.0478850741637871,0.0100917431991547,0.135896289721131,0.00264150943257846,0.029300962050911,0.00568828196264803,0.0968955776770599,0.00848806370049715,0.00983767793513834,0.783894830499776,1.73877550929319
1.64266785714426,0.273916965787066,7.73707863074378,0.782362485595513,0.0251151103293523,0.0500205015996471,0.935713027138263,0.561569666606374,0.0152931176126003,0.0456769987940788,0.13652986753732,0.168527184287086,0.163407444197219,0.355255430040415,0.0474777440540493,0.0788177317008376,0.448261767392978,0.360088366374839,13.2124957983615,3.074084336753,0.044276456697844,0.0299833416938782,3.88965516613098,0.864739865064621,0.0164383559022099,0.0364109231159091,0.00343200354836881,0.0225326730287634,0.708941041957587,0.584036344662309,5.77951019047759,1.15082566067576,0,10.4965315572917,16.6412827782333,3.57749487622641,0.978206207917538,0.196078434819356,0.0402684565633535,0.0460218408843502,0.0122973726829514,0.0405479454202577,0.087303854059428,0.0573951434344053,0.732286220416427,0.0726880194852129,0.0413049997296184,0.0623759557493031,0.0628884844481945,0.0141693232581019,0.145938502333593,0,0.0185341192409396,0.00163666123989969,0.0145699070999399,0.0360118265380152,2.29051664381404,0.253781515057199,1.31391199131031,0.0398613504949026,0.284140957519412,0.0565968382870778,0.281179142184556,0.122337183100171,0.222393818199635,0.13203882984817,12.1121127041406,1.49689299054444,9.48170037847012,1.99572097836062,1.51970131834969,0.932416051626205,0.554423143621534,0.532368308282457,0.111834966111928,0.108255872153677,1.06719683436677,1.69212215812877,0.170663697877899,0.103752759285271,0.280457192915492,0.165879020991269,0.100263850821648,0.0597785966238007,0.208557076926809,0.0746524449205026,0.0286866873502731,0.0323201237479225,0.0278105108300224,0.00969376490684226,0.437869819579646,0.0553592484211549
0.326096031523775,0.970174662012141,0.367572163813747,1.45985399722122,0.00226329686120152,0.0621991879306734,0.0649759664665908,1.26401039963821,0.00535168213536963,0.0405305833555758,0.0506793958484195,0.756169813976157,0.0290362938540056,0.879498326859903,0.0145675269886851,0.0985787767567672,0.135205019207206,0.388179984060116,9.59999978402629,5.2602106826962,0.055818353779614,0.0513814818696119,0.989926097070565,0.336915650521405,0.00489396415650845,0.0264694429934025,0.00231392215937376,0.0362756956019439,0.250585469650105,0.744617197487969,0.765899834455922,1.11750922031933,10.4965315572917,0,5.52701493725181,3.30475309467874,0.151812688680366,0.15569763322128,0.0839002279099077,0.032554846839048,0.00877620675601065,0.039290847373195,0.0541544981533661,0.131663274834864,0.143907900201157,0.155212104087695,0.0383014164981432,0.0607020340976305,0.0246913583832793,0.0175040525500663,0.0536796550732106,0.000553863181266934,0.00986342935357243,0.000739098293706775,0.0177499341079965,0.0582475545816123,0.455422171449754,1.72998803691007,0.284611127804965,0.23147154180333,0.114535177825019,0.42708683561068,0.103163687163033,0.412626812467352,0.0981767172925174,0.563245845027268,3.24506342131644,2.57998698722804,3.84563529310981,2.37322051520459,0.871679777337704,1.81046466494445,0.166482510161586,0.796653302677441,0.062737642088905,0.154949785675853,0.916096488945186,1.54981814266648,0.0301703157019801,0.0703953708289191,0.0997661724686623,0.230529589869548,0.0267581468797289,0.0760430673835799,0.0788732395158149,0.0928713977336884,0.00481347762979567,0.0370499814744107,0.020421753753908,0.0091647575609386,0.868852410465479,0.188775502028875
0.0811785933910869,0.0402476784074679,0.160714282945264,0.0438268326688558,0.00842459965497255,0.0274858528282493,0.0328299414832145,0.035244160273578,0.00520833337213844,0.0095999997574836,0.0413026220630854,0.0342857128707692,0.021335439872928,0.0362976407632232,0.0273074809229001,0.047748236451298,0.487530183163472,0.248348752968013,0.502966668398585,0.13585837528808,0.0646153846755624,0.0267111845314503,0.183150178054348,0.0673162075690925,0.00607287464663386,0.00904977379832417,0.00177147914655507,0.0216322524938732,0.376024569151923,0.347872329410166,0.335120654199272,0.115561394020915,16.6412827782333,5.52701493725181,0,17.4897360540926,1.85641896387096,0.538912150077522,0.0321488995105028,0.0602055791532621,0.013628619723022,0.038523274473846,1.37212328147143,0.658202148042619,1.45399880607147,0.20291693508625,0.39551192644285,0.447311825118959,0.194390089134686,0.0222085125278682,0.278833964839578,0,0.0546075068414211,0,0.0337980571202934,0.0738388270838186,0.201824717514683,0.0786958949174732,0.51433857739903,0.0353982299566269,0.248559670289978,0.0605661603622139,0.211911351419985,0.0623800366884097,0.438040332868695,0.134533898555674,8.01553661283106,3.01940817822469,0.267465061624534,0.343612343422137,0.317617870867252,0.176516942679882,0.393285371130332,0.345525291748345,0.134375002002344,0.11164274183102,2.11881194729358,1.88335928507149,0.480541445314884,0.154098360799253,0.296016773616429,0.146534658037126,0.100620260927826,0.0742705557495356,0.207394443859812,0.0696468237438239,0.0408163263928145,0.0300644229864702,0.0420914180576801,0.0119868142064661,0.368852438405156,0.0241935476660728
0.028002489998471,0.0179602315183729,0.0127551017794758,0.0225895324838348,0.00186046515591443,0.0266666669631377,0.00224366158363409,0.0156589824473485,0,0.0123022848274559,0.0139494333416224,0.0437457263469696,0.00578751531429589,0.0172084128716961,0.00116346718277782,0.0647024819627404,0.212201597169042,0.176890161819756,0.200096203945577,0.0405697021633387,0.0371747207827866,0.0492813158780336,0.0712556188227609,0.0223671952262521,0.00456620985642076,0.0100704934448004,0,0.0198895018547773,0.118478255462833,0.333710421691649,0.091304350993596,0.0340184262022376,3.57749487622641,3.30475309467874,17.4897360540926,0,0.10447760950774,3.28347188374028,0.0149532714858651,0.228799994220026,0,0.133072406053543,1.58010036841733,1.83090998325497,1.34751768782735,0.72764504107181,1.08436110720504,3.84274728316814,0.166080220369622,0.0397614331450313,0.128777920501307,0.00589680578559637,0.124528303742409,0.00530973449349403,0.0239467856590636,0.363938500871882,0.0485021411441267,0.0510737090371549,0.0858536586165428,0.0195530728669837,0.0440034526982345,0.0568585656583309,0.0255255261436105,0.0537525342078879,0.0940438848920166,0.17454955377616,4.1706335619092,7.15209479292389,0.0920201316475868,0.136852394789457,0.207839561160654,0.153846157016233,0.066725199110806,0.364876390667632,0.0340909101068974,0.108737866394222,1.87010822712909,4.12265746621415,0.204592906404287,0.168674692511559,0.0853497585630976,0.211103498702869,0.0119492160156369,0.118911179131828,0.0717649701982737,0.141224282444455,0.00218102498911321,0.0700389104895294,0.0170706727658398,0.0334883707109839,0.388297860044986,0.0260416674427688
0.831001057755202,0.0569060747511685,0.324354042531922,0.0740561484417412,0.106531390920281,0.0393362008035183,0.167775760404766,0.0337254896876402,0.092088197125122,0.0121951219625771,0.241358397062868,0.0162849873304367,0.186922282737214,0.0300693901372142,0.796037821797654,0.0304523061495274,0.484996925108135,0.0262605055468157,0.144905074033886,0.131252221472096,0.415384615771472,0.0485338736325502,0.0347774816909805,0.0135951661504805,0,0.0267558521591127,0.0131665566004813,0.0270078186877072,4.55678892461583,0.0634361249394715,0.189160465495661,0.211186611559242,0.978206207917538,0.151812688680366,1.85641896387096,0.10447760950774,0,0.153943215031177,13.6132315965369,0.279680353705771,6.0102353207767,0.0157946702092886,3.97549211769365,0.0644340824801475,0.817340489244089,0.0386375174857676,8.43179101520218,0.0906077378313057,0.426417040871456,0.00298359012231231,0.656514414120466,0,1.16901410138234,0,7.37033006269485,0.411137841991149,0.570501591078937,0.0151975691551343,0.328369898081291,0.00150943396147341,0.260992899537086,0.00733368285000324,0.316248623421416,0.0080840743612498,0.320584939909168,0.0184372260700911,2.8782445610268,0.118313051527366,0.176439506933093,0.106229508295655,1.23952466563787,1.36949968896806,10.0158436489291,0.0967164149042219,1.00194176891819,0.057030483847484,7.83088663639501,0.712410528562032,8.32823613658547,0.0140000006649643,6.59027042984962,0.0181286547449417,5.2102119596675,0.0136986295692623,3.37311014242005,0.0135165575193241,2.06483430520166,0.0167879130458459,7.5295833957498,0.00268312316620722,1.62642375798896,1.25959370937198
0.00268312316620722,0.057284495793283,0.00493285845732316,0.0328264543786645,0.00755667476914823,0.738705765106715,0.00120724341832101,0.0414791616494767,0.00515132024884224,0.116293150931597,0.00240963860414922,0.0607287464663386,0.000682128244079649,0.0483685229555704,0.0026881720405072,1.18003562232479,0.0559610701166093,0.125326369889081,0.0331790125928819,0.0409893982578069,0.163653659634292,1.24600005918182,0.0146886013681069,0.0218127119005658,0.0215982715599239,0.128818064928055,0.0117647062288597,0.669957709033042,0.0671483224723488,0.995177559670992,0.0813523475080729,0.0966735973488539,0.196078434819356,0.15569763322128,0.538912150077522,3.28347188374028,0.153943215031177,0,0.0290587479248643,36.8667042513844,0,15.998046875,0.931213029893115,2.83037976594642,0.78779069473967,1.05763399624266,1.38188975863159,7.06676459498703,0.105480867438018,0.111770519171841,0.137194262817502,0.0290423869155347,0.0775588026735932,0.0462568453513086,0.0325144501402974,11.5732879784191,0.0114484817604534,0.0535488744499162,0.057744832127355,0.0187899291631766,0.0219003892270848,0.0458333357237279,0.0151761514134705,0.0297786709852517,0.0413638899335638,0.213193541392684,0.873532529338263,2.70316033507697,0.0189075639937073,0.157552088028751,0.412422352470458,0.736526959226467,0.0569007288431749,0.977461471222341,0.00192122953012586,1.82101167272776,1.11551926424727,10.8761118601542,0.205645155161619,0.0751730925403535,0.0545585062354803,0.935587315179873,0.0161987036699429,4.39706670306623,0.0514883361756802,3.49573032761691,0.00979021016974002,3.9032256337814,0.0273097029421479,1.8004279708839,1.81102369562723,0.049052398186177
0.417339775594883,0.0375898273196071,0.103960395616014,0.0561743325088173,0.0165079358266667,0.0159999997122213,0.0742384498007596,0.0168693600862753,0.0363636356778443,0.0146520151756704,0.105646626208909,0.0244523696601391,0.0986639270558953,0.0200617285445333,0.108156830538064,0.0197220975533128,0.138565298984759,0.021030493080616,0.0728964717127383,0.100106494501233,0.167630060808733,0.0526849064044654,0.00766735471552238,0.00907029490917921,0,0.0174146011704579,0.00527356611564755,0.0170818506740034,0.982905991259031,0.0546737196855247,0.0468085091561079,0.152799579547718,0.0402684565633535,0.0839002279099077,0.0321488995105028,0.0149532714858651,13.6132315965369,0.0290587479248643,0,0.67542856419459,1.49948712415062,0.0336300677154213,0.50761797290761,0.00848536263220012,0.0760604585520923,0.00610687024891376,11.0423425063491,0.137854772037826,0.0510150984628126,0,0.110045149340294,0,0.311538471258245,0,17.3923769902904,0.80357754137367,0.251186029810924,0.0162189565598965,0.0643137245206162,0,0.0738112144172192,0.00419507082551718,0.0851528397761285,0.00323624606244266,0.056306307669729,0.00966608093585819,0.282730909064412,0.023789294064045,0.0962453732499853,0.0958634291309863,0.879148426232859,1.07423051260412,3.215375104337,0.0753138097934425,1.11478599195834,0.0472906418144703,1.4156378172338,0.227001187158749,0.308478051563725,0.00400801608338952,0.413270825170912,0.00760678772348911,0.37629147968255,0.0126582272350788,0.440814678178867,0.00225377501919866,0.19054340547882,0.0078431376023218,6.37387005053461,0.00107382552232593,1.0114154831972,1.04751135758124
0.0174627625383437,0.0210637180134654,0.00524108996614814,0.0180974476388656,0.00227920222096145,4.29473681235686,0.00194666150491685,0.0151572562754154,0.00465116277337074,0.155115510919131,0.00547345378436148,0.0167988804168999,0.00387221679557115,0.0137085136957467,0.00166736135724932,0.971381137438584,0.0110436219256371,0.0240153691265732,0.0144980067852885,0.0260260264039971,0.131362890824676,5.53384745540097,0.00336040311958641,0.00849256874062121,0.0115681233583018,0.0633592368103564,0.00353565125260502,3.08643527841195,0.0500000006868504,0.365196082682814,0.033009709441103,0.0573888095095754,0.0460218408843502,0.032554846839048,0.0602055791532621,0.228799994220026,0.279680353705771,36.8667042513844,0.67542856419459,0,0.107359310146421,15.172124025994,0.103796584066004,0.460386274382472,0.0869565210305154,0.215384614770301,0.743258193018846,6.62426551734097,0.00666349375387654,0.0191868437686935,0.00751879718154669,0.00589318620041013,0.00114942528307438,0.0176795572042465,0.235775137320161,18.0511828573653,0.00908004803932272,0.0174503145972267,0.00732600747141987,0.0049504951457493,0.00333555712131783,0.00383325340226293,0.00298210722394288,0.00754147826228291,0.00306748459115624,0.023615634359885,0.093486592057161,0.398275382525753,0.0106228878139518,0.0364063415909186,0.32189082307741,1.4654326972086,0.111050028121099,0.373448457801715,0.0149006622377783,0.813389145769179,0.278575222473592,3.93743242602795,0.0138050047680736,0.00848896452225745,0.00677277334034443,0.111728736490477,0.00594353629276156,3.78901740896981,0.00934033887460828,0.480831723252777,0.00125234818551689,9.66717560403049,0.118038233486004,0.854289404349402,1.85227278247476,0.0545112795662135
0.151330561377108,0.000661594443954527,0.0532719509792514,0.00792079174425453,0.36938773910515,0,0.017423200129997,0.000888296694029123,0.0232804236002266,0,0.0589353607501835,0.00292397662997246,0.0240963853430003,0.00100150227081031,1.99630538432393,0,0.0637065625051036,0,0.0252016121521592,0.0117011704132892,0.961625305004418,0.00510204071179032,0.000715307600330561,0.000975134084001184,0,0,0.00216919742524624,0.00246913591399789,2.64641827356536,0.00239091459661722,0.00466926069930196,0.0182370822876692,0.0122973726829514,0.00877620675601065,0.013628619723022,0,6.0102353207767,0,1.49948712415062,0.107359310146421,0,0,0.00954198476392776,0,0.0109890112653375,0.00145985395647585,0.0714285727590322,0.00661000935360789,0.00452488695736974,0,0.00881654833210632,0,0.00621761684305966,0,0.59259258210659,0.0942906604032032,0.0950146664399654,0.000596836791373789,0.0225063941907138,0,0.0323886650148779,0,0.0565885205287486,0,0.028789161122404,0,0.0197452232241631,0.000681198900565505,0.0231481483206153,0.00646551721729338,0.15169660653919,0.1337099786615,1.03256702504586,0.00185528758447617,0.184757504612207,0.00952380988746881,0.155515374615788,0.0166821131715551,0.260416674427688,0,0.475665745208971,0,8.93247573450208,0,0.391384046932217,0.00104112445842475,2.49878343520686,0,0.568101634853519,0,0.234875442925841,0.0968858161941171
0.00253565772436559,0.0235371028538793,0.00259993504732847,0.0229627546505071,0.00196850392967463,1.29080675542355,0.000909504306036979,0.00969376490684226,0.00407747179269791,0.200185358058661,0.00183823530096561,0.0242165240924805,0.00169491523411125,0.0245941948378459,0.00481927720829844,0.944976041791961,0.0130597011884674,0.0580789289670065,0.0168316836934537,0.0283436663448811,0.321503138635308,1.53271023184061,0.00282485876232386,0.0134163869079202,0.0220318241044879,0.0877944314852357,0.0187891444656998,0.758865249110386,0.0134755759499967,0.38619076134637,0.0620741862803698,0.079881657846272,0.0405479454202577,0.039290847373195,0.038523274473846,0.133072406053543,0.0157946702092886,15.998046875,0.0336300677154213,15.172124025994,0,0,0.0178236397914588,0.136818681377918,0.0268096523359418,0.0910384058952332,0.0619918676093221,0.458681514952332,0.00146842875983566,0.0124137934762985,0.00603015068918467,0.00303643732331693,0.0059940058272332,0.00373482727445662,0.000910746806766838,2.32964218390407,0.00522344751516357,0.0183052857173607,0.0140632847324014,0.00478697940707207,0.00177069497294724,0.00445103854872286,0.00314218387939036,0.012545739300549,0.00493015616666526,0.0314502040855587,0.0554156149737537,0.128532972303219,0.0150150153785944,0.0809128673281521,0.45472062472254,0.783242253819481,0.0148148145526648,0.482944356510416,0.0426439242437482,4.32017547078431,0.336252182722092,3.84753352613188,0.00952380988746881,0.0455580884590745,0.00361336953938007,0.074151803390123,0.00937500013969839,3.49887819890864,0.00227272728807293,0.720990219851956,0.00466200476512313,5.05872761644423,0.00139372819103301,0.787113041616976,1.57728709746152,0.153846153989434
0.00744570849929005,0.00379826963762753,0.00420433032559231,0.00342791838920675,0.00667655782308429,0.00946831790497527,0.00559394553420134,0.00321595114655793,0.00526118016568944,0.00144980067852885,0.0238439301028848,0.00843060959596187,0.0148514856118709,0.00269323994871229,0.0401197611936368,0.0363961827824824,0.24781976651866,0.0132318888790905,0.00324324332177639,0.00203148811124265,0.0111162574030459,0.00189753319136798,0.0031028367811814,0.00318555871490389,0.000800961162894964,0.00459066568873823,0.00227445038035512,0.0102929532295093,0.149667726887856,0.1038654493168,0.00866377900820225,0.00527704507112503,0.087303854059428,0.0541544981533661,1.37212328147143,1.58010036841733,3.97549211769365,0.931213029893115,0.50761797290761,0.103796584066004,0.00954198476392776,0.0178236397914588,0,6.61184607702307,16.1160151474178,3.02721957553877,15.9841009962838,4.77308271510992,4.27284699311713,0.0658146953210235,3.20300103261252,0.00437636766582727,1.09884373191744,0.0130861509824172,1.47574826376513,0.661370404763147,0.0198985570168588,0.00513124122517183,0.338872235268354,0.0026532236370258,0.060421428643167,0.00264200801029801,0.0507958000525832,0.00333982729353011,0.112530202895869,0.010597585933283,12.7607081152673,1.65090288966894,0.00265604257583618,0.0105900147464126,0.0529801324009895,0.0237580987159163,0.263043487386312,0.0966356453136541,0.031642623944208,0.0196629215497524,0.722182839585003,1.11341677675955,0.438095233403146,0.0132137797772884,0.728813530644402,0.118528307270026,0.142567571019754,0.068279747501947,1.05394741357304,0.196113715937827,0.0654058314394206,0.0309704066603445,0.444835173664615,0.045810979208909,0.023034552228637,0.00598503719083965
0.00355476560071111,0.0222474457405042,0.000452181790024042,0.0105755540425889,0.000846740033011883,0.0323383084614761,0,0.0105352587997913,0.00171895138919353,0.0115463915280998,0.000821692694444209,0.0465454533696175,0.00161899620434269,0.0177567335776985,0.0039920158451423,0.13916501600761,0.0992555846460164,0.0766084041097201,0.00534759345464408,0.00832408462883905,0.0263013700023293,0.0236753089120612,0.00382958352565765,0.00757355120731518,0.00277392502175644,0.0210526320151985,0.00260416668606922,0.0237226275494322,0.0473297093994915,0.494926341343671,0.0202474683173932,0.0140845075366087,0.0573951434344053,0.131663274834864,0.658202148042619,1.83090998325497,0.0644340824801475,2.83037976594642,0.00848536263220012,0.460386274382472,0,0.136818681377918,6.61184607702307,0,5.506694628275,12.2521801869152,4.28002404235303,12.1331427271944,0.0834564237156883,1.0929900133051,0.118679285165854,0.210716435685754,0.0596506160218269,0.426148118567653,0.0254093727562577,4.68218718608841,0.00751252064947039,0.0384534127661027,0.033563079778105,0.012809315812774,0.0171983354957774,0.0296956207603216,0.00305460090748966,0.0171831848565489,0.0296527516329661,0.0848841009428725,3.08270679670386,6.25845291791484,0.00672143400879577,0.0424242435256019,0.0788590607699007,0.118657939892728,0.0164880463853478,0.46829267218709,0.00550964206922799,0.078801334486343,0.293408355209976,1.0483543400187,0.067950168158859,0.0504201703006402,0.0550561803393066,1.08870392214158,0.00913937576115131,0.322027573361993,0.059171597531531,2.82235843513627,0.00272232305724174,0.132970453239977,0.0175521820201539,0.362588641000912,0.108238124521449,0.0131657684687525
0.0209773543756455,0.00975847768131644,0.0126305564190261,0.00607243541162461,0.00680933851981536,0.0170940166572109,0.00735564564820379,0.00573579501360655,0.0138545266818255,0.00566304847598076,0.0441729334415868,0.021276596118696,0.0235294108279049,0.00780995772220194,0.0429629628779367,0.0464601768180728,0.302083342336118,0.0486781366635114,0.0104575166478753,0.00848999386653304,0.0184331792406738,0.0136239780113101,0.00619834684766829,0.00191877200268209,0.00107700587250292,0.00911854149308056,0,0.00954400899354368,0.19000354106538,0.218988716078456,0.0118593819206581,0.00418060197262093,0.732286220416427,0.143907900201157,1.45399880607147,1.34751768782735,0.817340489244089,0.78779069473967,0.0760604585520923,0.0869565210305154,0.0109890112653375,0.0268096523359418,16.1160151474178,5.506694628275,0,5.26246918668039,2.91156905674143,1.6380714266561,6.90174848382594,0.134136548964307,3.00819877150934,0.0106100793927908,0.522292972775176,0.0407389857573435,0.295426449039951,0.833530083065853,0.0820329922717065,0.0126496496377513,0.803695124806836,0.00575263687642291,0.249772657174617,0.00502512557432055,0.124513615854084,0.00812732800841331,0.414709780365229,0.025389916554559,9.91603407479124,2.08175476826727,0.00421585165895522,0.0289421157212928,0.110683349194005,0.0533208602573723,0.327358495444059,0.20891364547424,0.080848247394897,0.0427807494997978,0.719523364969064,0.967053355881944,0.290410966612399,0.0554428654722869,0.473263665917329,0.225698899012059,0.144827585667372,0.0992848158348352,0.696691190096317,0.255795030883746,0.0632244441658258,0.0406001769006252,0.163682866841555,0.0523062306456268,0.0604274151846766,0.00732600747141987
0.00194694567471743,0.0613007743377239,0.000992309651337564,0.0269613265118096,0,0.050495051080361,0,0.0265792835562024,0.00206718337722123,0.0167240524897352,0,0.0678541138768196,0.000603500287979841,0.0348175431136042,0.00459066568873823,0.127189646009356,0.0710760159417987,0.210709623992443,0.0134498986881226,0.0186799495713785,0.0432658746140078,0.0492040505632758,0.00211304798722267,0.00657678407151252,0.00451722182333469,0.0180084746098146,0.00313807523343712,0.0366666675545275,0.0380255952477455,0.606834396254271,0.0167032970348373,0.0182133567868732,0.0726880194852129,0.155212104087695,0.20291693508625,0.72764504107181,0.0386375174857676,1.05763399624266,0.00610687024891376,0.215384614770301,0.00145985395647585,0.0910384058952332,3.02721957553877,12.2521801869152,5.26246918668039,0,0.366187555482611,2.30308882909594,0.0647668392048217,2.13727115094662,0.0939324731007218,0.066894197021611,0.0255754479439929,0.110617283731699,0.0190476182615384,2.29376126342686,0.00772727277944796,0.21746141067706,0.0516129042953253,0.237923108856194,0.0230314348591492,0.258905308088288,0.00538841506931931,0.0509243124397472,0.0350069083506241,0.281542495824397,0.83002418896649,7.94651071517728,0.0113735785125755,0.173096977407113,0.115461843088269,0.173489280045033,0.0216322524938732,0.605415878002532,0.00843288819305599,0.0765957422554493,0.270992367295548,0.724987912690267,0.0291120819747448,0.132089015096426,0.039772727235686,0.88381855544867,0.00447627564426512,0.220864246308338,0.0526709018158726,0.975993376574479,0,0.115596331190318,0.0151673636282794,0.188834955479251,0.168371362495236,0.029710712027736
0.0291158208856359,0.00655737720080651,0.0134988028730731,0.00393159047234803,0.0102685625315644,0.0185902398079634,0.00946905685123056,0.00429397204425186,0.0192230679094791,0.00462427746970206,0.0245775729417801,0.00684931525029242,0.0319917455781251,0.00507185136666521,0.106423169665504,0.0533249680302106,0.187789793126285,0.0153899969300255,0.00452488707378507,0.010598833905533,0.0110275686020032,0.00925925897900015,0.00413983428734355,0,0,0.00163265306036919,0.00323362974449992,0.00846740033011883,0.262663026107475,0.114108522422612,0.00563976028934121,0.0139470014255494,0.0413049997296184,0.0383014164981432,0.39551192644285,1.08436110720504,8.43179101520218,1.38188975863159,11.0423425063491,0.743258193018846,0.0714285727590322,0.0619918676093221,15.9841009962838,4.28002404235303,2.91156905674143,0.366187555482611,0,11.9324256661348,3.76441988931037,0.0060687797376886,5.47389467939502,0.00572737713810056,8.39729831926525,0.0108233471401036,20.4768318202696,1.61128367390484,0.0330511893262155,0.00489496230147779,0.128314796893392,0.00166435504797846,0.0450331103638746,0.00279329600743949,0.0351380420615897,0.00116652087308466,0.103915110114031,0.00866068678442389,4.83674346367479,1.54278071166482,0.00632022478384897,0.00967741920612752,0.103367267176509,0.0964039794635028,0.417565500480123,0.109505700878799,0.0453400507103652,0.0354969565523788,0.542513152700849,1.02242495806422,0.606404933263548,0.00818414334207773,1.19356567016803,0.141257143142866,0.324749650550075,0.123378896154463,2.29952665208839,0.24805340115563,0.249368149787188,0.0503282281570137,3.08253527036868,0.0756087116897106,0.111292964313179,0.0260727871209383
0.00411776825785637,0.0147027939965483,0.00167399039492011,0.0144130474654958,0.00147167034447193,0.0773121370002627,0.000655737705528736,0.0160230731125921,0.000745434197597206,0.0201366418041289,0.00286738341674209,0.0251126862131059,0,0.0219544834690168,0.00297441991278902,0.275637236481998,0.0533525584032759,0.0551724121905863,0.00913487409707159,0.0121212126687169,0.0449335161247291,0.0488262923900038,0.00308778116595931,0.00791765662143007,0.00158793176524341,0.024279210716486,0.00225563911953941,0.0518053388223052,0.0350272762589157,0.517150416970253,0.0172014555428177,0.0340537002775818,0.0623759557493031,0.0607020340976305,0.447311825118959,3.84274728316814,0.0906077378313057,7.06676459498703,0.137854772037826,6.62426551734097,0.00661000935360789,0.458681514952332,4.77308271510992,12.1331427271944,1.6380714266561,2.30308882909594,11.9324256661348,0,0.0574412541463971,0.078680201433599,0.0789417540363502,0.0636215363047086,0.0347761748707853,0.151460511842743,0.0667008745949715,19.5195061342092,0.00582750595640391,0.015327175729908,0.0205794747453183,0.00738591433037072,0.0111083058873191,0.00459016393870115,0.00268907565623522,0.00829875556519255,0.01781432016287,0.0368528823601082,1.96104966517305,3.76337178488029,0.00461437035119161,0.0277569394093007,0.0941605801926926,0.163571426819544,0.025161754747387,0.409801148576662,0.0101335787330754,0.14921223447891,0.404360047832597,6.83493065647781,0.0688030153978616,0.0270901444018818,0.0321756908087991,0.598114465479739,0.00804828945547342,0.68048702145461,0.0363815155578777,1.43763436056906,0.00156250002328306,0.352459006709978,0.0253718289895914,0.482333611638751,0.205052002100274,0.0128268374828622
0.0246002455241978,0.000503905292134732,0.00852771516656503,0.000446328951511532,0.0124610597267747,0,0.00941974358283915,0.000367039814591408,0.0126916975714266,0.00100553047377616,0.0350350345252082,0.000864304252900183,0.0201834857580252,0,0.0583657587412745,0.00697133992798626,0.298688190057874,0.00355082121677697,0.00341296923579648,0.000631313130725175,0.00431965431198478,0.00298953661695123,0.00267236784566194,0.0020020020310767,0.00115807761903852,0,0.00107066379860044,0.00113895221147686,0.213303599157371,0.0106911031762138,0.00358583591878414,0,0.0628884844481945,0.0246913583832793,0.194390089134686,0.166080220369622,0.426417040871456,0.105480867438018,0.0510150984628126,0.00666349375387654,0.00452488695736974,0.00146842875983566,4.27284699311713,0.0834564237156883,6.90174848382594,0.0647668392048217,3.76441988931037,0.0574412541463971,0,0.0033898304682225,8.37483959563542,0,0.862375709228218,0,0.346426286734641,0.0368324120063335,0.0775941225292627,0.00418896900373511,1.49810404243181,0,0.639318425382953,0.00177147914655507,0.151168119627982,0,0.851904100854881,0.0060905977152288,1.58590306062251,0.169500252231956,0.00356824253685772,0.00320170749910176,0.0626283389283344,0.00697211176156998,0.328643212560564,0.0118577079847455,0.0841189250349998,0.00146412884350866,0.402534116059542,0.38518518442288,0.159398497780785,0.00444773922208697,0.472471197601408,0.0116741840029135,0.188127850880846,0.00534045381937176,0.988323913887143,0.0121136175876018,0.0656108625698835,0.00280898879282176,0.206349209183827,0.000981354271061718,0.00977995083667338,0.00323886633850634
0,0.0128173530101776,0.000490797567181289,0.00481505808420479,0.000993048655800521,0.00872093020007014,0,0.00614050909643993,0,0.00288878189167008,0,0.00749375513987616,0,0.00791817856952548,0.000752445426769555,0.0164794009178877,0.00386473420076072,0.0469884648919106,0.00397614331450313,0.00122850120533258,0.00812457664869726,0.00420757359825075,0.000522193207871169,0,0.0011019284138456,0.00103519670665264,0,0.0054229935631156,0.00287873344495893,0.0857037280220538,0.00431220367318019,0.00510638288687915,0.0141693232581019,0.0175040525500663,0.0222085125278682,0.0397614331450313,0.00298359012231231,0.111770519171841,0,0.0191868437686935,0,0.0124137934762985,0.0658146953210235,1.0929900133051,0.134136548964307,2.13727115094662,0.0060687797376886,0.078680201433599,0.0033898304682225,0,0.00351493863854557,0.030934766982682,0.00200100056827068,0.00289995165076107,0.000626174092758447,0.136879860656336,0.0022502250794787,0.0287343207746744,0.00334560056217015,0.0233236157801002,0.00368437205906957,0.0375106569845229,0,0.015115080634132,0.000902934523764998,0.0795580137055367,0.0402491607237607,0.851889175013639,0.000858369108755141,0.0336391422897577,0.01669941120781,0.0276717558153905,0.000962463906034827,0.1013257605955,0,0.0123796424595639,0.0242990661645308,0.102224324829876,0.00141043728217483,0.030619346536696,0.00560398487141356,0.149857397773303,0,0.032548179035075,0.0033345683477819,0.146021329332143,0,0.0107913671527058,0.00155118922702968,0.0264169060392305,0.0319391627563164,0.00302343163639307
0.0625879030558281,0.00250357660115696,0.0206773616955616,0.00163827004143968,0.00958016369258985,0.00277854967862368,0.0248160446062684,0.000565610884223133,0.0330108129419386,0.00166112958686426,0.0828500400530174,0.00203200406394899,0.0592683446302544,0,0.142618647223571,0.00570749107282609,0.568099856376648,0.00980392203200608,0.00702833291143179,0.00333959516137838,0.00464807450771332,0.00270178983919322,0.00260950598749332,0.00129870133241639,0,0.00288433802779764,0.00229160697199404,0.00118378223851323,0.527120986080263,0.0287600182346068,0.0103788275737315,0.00154440163169056,0.145938502333593,0.0536796550732106,0.278833964839578,0.128777920501307,0.656514414120466,0.137194262817502,0.110045149340294,0.00751879718154669,0.00881654833210632,0.00603015068918467,3.20300103261252,0.118679285165854,3.00819877150934,0.0939324731007218,5.47389467939502,0.0789417540363502,8.37483959563542,0.00351493863854557,0,0.00177422934211791,8.99151122197509,0.000554938975255936,1.94755765012815,0.0573652941966429,0.255895628506551,0.00371621630620211,3.49646340002073,0.00173085241112858,2.73831377673196,0.00206132442690432,0.380451917182654,0.00314889798755758,3.26026670291321,0.00847058842191473,1.40409882715903,0.27683923614677,0.00827943067997694,0.015441807336174,0.141696998209227,0.0148719364078715,0.633822308736853,0.023032630677335,0.143904067575932,0.00200736033730209,0.545850359310862,0.524671056540683,0.253979000262916,0.00336473749484867,1.29260583396535,0.0211424331064336,0.421715203905478,0.00930232519749552,7.93220865831245,0.0277647793700453,0.149218518694397,0.00425645103678107,1.40292429627152,0.00315844884607941,0.0175438603037037,0.00349895039107651
0,0,0,0,0,0.00231660227291286,0,0.000329869712004438,0,0,0,0.000683060090523213,0,0,0,0.00250312895514071,0.000770416052546352,0,0,0.00105764146428555,0,0,0,0,0,0,0,0,0,0.00371172290761024,0.00140597543213516,0,0,0.000553863181266934,0,0.00589680578559637,0,0.0290423869155347,0,0.00589318620041013,0,0.00303643732331693,0.00437636766582727,0.210716435685754,0.0106100793927908,0.066894197021611,0.00572737713810056,0.0636215363047086,0,0.030934766982682,0.00177422934211791,0,0,0.00616570329293609,0,0.123966936953366,0.000804828945547342,0.000407249026466161,0,0.000553556601516902,0,0.000696378818247467,0,0,0,0.0012341869296506,0.00553191479411907,0.0351423484680708,0,0,0.000780640111770481,0.000762776529882103,0,0.00151630025357008,0,0,0.000750187551602721,0.00227358844131231,0,0.00101884873583913,0,0.00821355212246999,0,0.00139811250846833,0.000337609730195254,0.0851536501431838,0,0.000727272708900273,0,0.00426439219154418,0,0
0.00323974073398858,0.000554323720280081,0.00551571953110397,0.0014563107106369,0.0115015972405672,0,0.00404285412514582,0,0.0104575166478753,0,0.0244349427521229,0,0.0185630798223428,0,0.0688094154465944,0.000900495273526758,0.140653912676498,0,0,0,0.00389105058275163,0,0,0,0.00146412884350866,0.00134861771948636,0,0.00143369170837104,0.170815452642273,0.0053144374396652,0.00641711242496967,0.00210415571928024,0.0185341192409396,0.00986342935357243,0.0546075068414211,0.124528303742409,1.16901410138234,0.0775588026735932,0.311538471258245,0.00114942528307438,0.00621761684305966,0.0059940058272332,1.09884373191744,0.0596506160218269,0.522292972775176,0.0255754479439929,8.39729831926525,0.0347761748707853,0.862375709228218,0.00200100056827068,8.99151122197509,0,0,0,10.1668489157455,0.0220918189734221,0.0145181469270028,0,0.0692913383245468,0,0.0505698003107682,0,0.0373216250445694,0.000812347687315196,0.191392973647453,0.00176522508263588,0.192214768496342,0.0846350468345918,0,0.00264375424012542,0.0680529274977744,0.00242865807376802,0.211172495502979,0.00481058331206441,0.0530451885424554,0,0.224719090620056,0.278846164233983,0.266253882553428,0,0.604415512643754,0.00528169021708891,0.274466908187605,0.00212089088745415,3.19903016928583,0.0067765980202239,0.160625447984785,0.00112676061689854,4.34045058907941,0.000538357999175787,0.00461893761530519,0
0.000529941695276648,0,0,0,0,0,0,0.000387747189961374,0,0.00117785634938627,0,0,0,0,0,0.00349192484281957,0.00236546411179006,0.00101936794817448,0,0,0,0.00382043933495879,0,0,0,0,0,0,0.000833333353511989,0.00429553270805627,0,0,0.00163666123989969,0.000739098293706775,0,0.00530973449349403,0,0.0462568453513086,0,0.0176795572042465,0,0.00373482727445662,0.0130861509824172,0.426148118567653,0.0407389857573435,0.110617283731699,0.0108233471401036,0.151460511842743,0,0.00289995165076107,0.000554938975255936,0.00616570329293609,0,0,0.000710479565896094,0.502864842885174,0,0.000499251123983413,0,0,0,0,0,0,0.00108932459261268,0,0.0100131757790223,0.0401002527214587,0,0.00126342382282019,0.00120700057595968,0.00116482237353921,0,0.0103866123827174,0,0.00372093031182885,0.00227143662050366,0.00922721996903419,0.00192492781206965,0,0.000705965387169272,0.00747556088026613,0,0.00408997945487499,0,0.0338003106880933,0.00135409610811621,0,0.000573230150621384,0.0142668426269665,0.00213675224222243,0
0.0498060839017853,0.00541328321560286,0.01576436473988,0.00978363159811124,0.0181159426574595,0.00142348755616695,0.00781504414044321,0.00445646984735504,0.0139449537964538,0.000708466162905097,0.0162429378833622,0.00317661993904039,0.0224171541631222,0.00158856238704175,0.169212687760592,0.00117096013855189,0.0809659115038812,0.00129575643222779,0.00743889471050352,0.0114942531799898,0.0341880352934822,0.005524861975573,0.000874125864356756,0.00052205688552931,0.000780944945290685,0.00149365200195462,0.0022205772693269,0.00077220075763762,0.515177330933511,0.00752968457527459,0.00717781396815553,0.0122739021317102,0.0145699070999399,0.0177499341079965,0.0337980571202934,0.0239467856590636,7.37033006269485,0.0325144501402974,17.3923769902904,0.235775137320161,0.59259258210659,0.000910746806766838,1.47574826376513,0.0254093727562577,0.295426449039951,0.0190476182615384,20.4768318202696,0.0667008745949715,0.346426286734641,0.000626174092758447,1.94755765012815,0,10.1668489157455,0.000710479565896094,0,0.34555229684338,0.0315992293762974,0.00311830057762563,0.0444444421445951,0.00104356906376779,0.0239820135757327,0,0.0192243949277326,0.000546896364539862,0.0783519053366035,0.00115573534276336,0.314634139125701,0.038167939055711,0.00780234066769481,0.00960118148941547,0.0848310588626191,0.130893733003177,0.423512742156163,0.013995801564306,0.0677812902722508,0.00363636366091669,0.268191262555774,0.158796786505263,0.407578563492279,0,1.24355735292193,0.00477949157357216,1.13955023005838,0.00324569933582097,3.2382813465083,0.00391319816117175,0.702536499826238,0,21.8881663531065,0.00122199591714889,0.144590007141232,0.028032865957357
0.0245495939743705,0.0379414738854393,0.0064347474835813,0.034022316976916,0.00343406602041796,0.98311953432858,0.00413091841619462,0.0251748243172187,0.000695168564561754,0.0672268914058805,0.00670241308398545,0.0321212123380974,0.00375939859077334,0.025451768306084,0.00562429719138891,0.627242184011266,0.0512129368726164,0.0493979640305042,0.0209397352882661,0.0370727009430993,0.0724210513290018,0.302065401978325,0.00465313019230962,0.00954054773319513,0.00442314776591957,0.0473498221253976,0.00280308327637613,0.346462440211326,0.067446286091581,0.48987516912166,0.0534659613622352,0.0578817724017426,0.0360118265380152,0.0582475545816123,0.0738388270838186,0.363938500871882,0.411137841991149,11.5732879784191,0.80357754137367,18.0511828573653,0.0942906604032032,2.32964218390407,0.661370404763147,4.68218718608841,0.833530083065853,2.29376126342686,1.61128367390484,19.5195061342092,0.0368324120063335,0.136879860656336,0.0573652941966429,0.123966936953366,0.0220918189734221,0.502864842885174,0.34555229684338,0,0.0127293149707839,0.0276358136325143,0.0231541038374417,0.012045169249177,0.00866426015272737,0.0141800243291073,0.00315556972054765,0.018902599811554,0.0295534846372902,0.0824799336260185,0.464905371976783,1.62859492038842,0.0130111526814289,0.0517482537543401,0.167007503914647,0.4969940087758,0.118951612792443,0.462458452675492,0.0169133197050542,0.315476184012368,0.226464773528278,1.77084020478651,0.0189982728334144,0.0282655238988809,0.0306569336971734,0.609043130185455,0.00503778317943215,2.29198889544932,0.0336721713538282,2.3370279854571,0.000726216414477676,6.56117889122106,0.173310952086467,3.21058860013727,0.423859001835808,0.0513282305910252
13.4408848821186,0.0683958390145563,1.08680612171884,0.0249809604138136,0.0428927665343508,0.00443349767010659,1.18641774781281,0.013805920490995,0.0976100590778515,0,5.35178812535014,0.0168258296616841,1.74598436232191,0.00835488367010839,0.419853876810521,0.00342906126752496,6.54992596921511,0.0581046823645011,0.422816118225455,0.108530087163672,0.0149726468371227,0.00642898870864883,0.0494335731491446,0.00905333616537973,0.00104959332384169,0.00356415496207774,0.00657894753385335,0.00416666688397527,2.89005226513837,0.0659153751621488,0.218308229494141,0.0184077315498143,2.29051664381404,0.455422171449754,0.201824717514683,0.0485021411441267,0.570501591078937,0.0114484817604534,0.251186029810924,0.00908004803932272,0.0950146664399654,0.00522344751516357,0.0198985570168588,0.00751252064947039,0.0820329922717065,0.00772727277944796,0.0330511893262155,0.00582750595640391,0.0775941225292627,0.0022502250794787,0.255895628506551,0.000804828945547342,0.0145181469270028,0,0.0315992293762974,0.0127293149707839,0,0.0661338356439956,4.12517549650511,0.00826283684000373,10.2162575790717,0.00598802379681729,10.3824700117984,0.0158956595405471,1.23533603735268,0.0135852256789804,3.23954631824745,0.111967820324935,1.93111413597944,0.259221829357557,0.992559581121895,0.0923753664828837,2.91163465107093,0.0652385605499148,0.656078520230949,0.0121739124879241,1.10251453821547,0.128985150950029,0.200351495761424,0.00932129379361868,4.08986174734309,0.0256278828601353,0.626579299219884,0.00877395493444055,1.38166074489709,0.0116414437070489,0.0908618938410655,0.00616113736759871,0.131650751107372,0.000324675318552181,0.0501359085319564,0.0253088279860094
0.0203612473560497,13.395061922929,0.00632069175480865,0.484783267282182,0.000506200944073498,0.0309922532178462,0.00245465710759163,0.939256081182975,0.000510725250933319,0.0194319887668826,0.00347999011864886,1.35192440327955,0.00188857418834232,0.787439621868543,0.00130576710216701,0.0586064686649479,0.0184676805511117,2.91444603953278,0.0867810306954198,0.288850380457006,0.0263620389159769,0.0190306268632412,0.01942084194161,0.0179211467911955,0.000533049053046852,0.0118893769104034,0.0010274852393195,0.0116371333133429,0.0360474979970604,1.50258401886094,0.0310150383738801,0.0699790078215301,0.253781515057199,1.72998803691007,0.0786958949174732,0.0510737090371549,0.0151975691551343,0.0535488744499162,0.0162189565598965,0.0174503145972267,0.000596836791373789,0.0183052857173607,0.00513124122517183,0.0384534127661027,0.0126496496377513,0.21746141067706,0.00489496230147779,0.015327175729908,0.00418896900373511,0.0287343207746744,0.00371621630620211,0.000407249026466161,0,0.000499251123983413,0.00311830057762563,0.0276358136325143,0.0661338356439956,0,0.0381648404872976,1.2344745406881,0.0138621486257762,2.83446178713348,0.0090304181794636,6.16996718919836,0.00626204250147566,2.4952709301142,0.450335470959544,3.10411365609616,0.209514879476046,4.65144912782125,0.128366478311364,0.520704220980406,0.0189290168927982,0.777475890587084,0.0111633370397612,0.0937776461360045,0.194260477786884,0.498765431111678,0.00238450081087649,0.278008309483994,0.00893377340980805,1.20158784135128,0.00189798336941749,0.0510299630695954,0.0079072933876887,0.198737700528,0.00105457426980138,0.0230713770724833,0.00172265281435102,0.0147516794095282,0.279212786699645,0.0325153372832574
0.585428188671358,0.0343627670372371,0.267764298187103,0.00743639949359931,0.00861056783469394,0.00844529765890911,0.100724268675549,0.00691016801283695,0.0341269845957868,0.00229182589100674,0.185763230314478,0.0163098885677755,0.113362401549239,0.00559910433366895,0.118161928548943,0.0112114608054981,0.876292626839131,0.0555170001462102,0.109019389841706,0.0579404825111851,0.00594648183323443,0.00101677677594125,0.0150995194853749,0.000551571953110397,0,0.00242620299104601,0,0.0025157232885249,0.99277110490948,0.0708128066617064,0.0825174857163802,0.00899342761840671,1.31391199131031,0.284611127804965,0.51433857739903,0.0858536586165428,0.328369898081291,0.057744832127355,0.0643137245206162,0.00732600747141987,0.0225063941907138,0.0140632847324014,0.338872235268354,0.033563079778105,0.803695124806836,0.0516129042953253,0.128314796893392,0.0205794747453183,1.49810404243181,0.00334560056217015,3.49646340002073,0,0.0692913383245468,0,0.0444444421445951,0.0231541038374417,4.12517549650511,0.0381648404872976,0,0.00496141141047701,7.00895216898061,0.0117769307107665,1.03485062951222,0.0173812278080732,2.61756167415297,0.0190417686826549,5.44135721283965,0.223897143878276,0.67781259259209,0.151018772623502,0.436942187137902,0.0538490706239827,1.07521951943636,0.0693554456811398,0.270916342735291,0.00601503741927445,0.596792250871658,0.228334584448021,0.155181219801307,0.0222446920815855,0.765787396871019,0.0300136420992203,0.241220298921689,0.011821975116618,0.803165485704085,0.0239985232474282,0.0742594923358411,0.0079566000495106,0.112950782000553,0.00382571722730063,0.0431034481152892,0.00536480685696006
0.00125208677491173,0.0911413943977095,0.00127280439483002,0.0230414746329188,0,0.00591934891417623,0,0.0317357504973188,0,0.00220913108205423,0,0.0302532067289576,0,0.02179836621508,0,0.00604412227403373,0.00664451852208003,0.0852349026827142,0.0147662018425763,0.0261874199495651,0.00756143685430288,0.000968522974289954,0.00134258225443773,0.000537056941539049,0,0.00155581487342715,0,0.00402738631237298,0.00877706275787205,0.102211599005386,0.00540906004607677,0.00468384078703821,0.0398613504949026,0.23147154180333,0.0353982299566269,0.0195530728669837,0.00150943396147341,0.0187899291631766,0,0.0049504951457493,0,0.00478697940707207,0.0026532236370258,0.012809315812774,0.00575263687642291,0.237923108856194,0.00166435504797846,0.00738591433037072,0,0.0233236157801002,0.00173085241112858,0.000553556601516902,0,0,0.00104356906376779,0.012045169249177,0.00826283684000373,1.2344745406881,0.00496141141047701,0,0.0061601644847542,1.48810718674213,0.00206185563001782,0.227042264305055,0.00350385409547016,0.598091819440015,0.0772906690835953,2.22130610360182,0.0114516671746969,1.43483274138998,0.0179439252242446,0.048994516953826,0.00441663607489318,0.089422031713184,0.00284900277620181,0.0133779265452176,0.0316660678945482,0.0988372089341283,0.00194457953330129,0.0404624284710735,0.00103869126178324,0.0818505331408232,0.000685635954141617,0.0127774037537165,0.00231903270469047,0.0391659104498103,0.00080160319339484,0.00419140770100057,0.000887508329469711,0.00374765761080198,0.0552712376229465,0.00407747179269791
0.91374446588452,0.0152075626829173,0.12981163043878,0.00483451093896292,0.00637619546614587,0.00348068220773712,0.247864620032487,0.00315159151796252,0.0301291249925271,0.00138600135687739,0.525043185334653,0.00373715360183269,0.347972159943311,0.00312500016298145,0.130948946462013,0.00919804535806179,1.04411256773164,0.0203174594789743,0.030833552358672,0.011316112941131,0.00349956261925399,0.00178970920387655,0.00344901927746832,0.00205444265156984,0,0,0.00361663638614118,0.00150772708002478,1.36677818582393,0.0432309429161251,0.0268542197300121,0.00316555873723701,0.284140957519412,0.114535177825019,0.248559670289978,0.0440034526982345,0.260992899537086,0.0219003892270848,0.0738112144172192,0.00333555712131783,0.0323886650148779,0.00177069497294724,0.060421428643167,0.0171983354957774,0.249772657174617,0.0230314348591492,0.0450331103638746,0.0111083058873191,0.639318425382953,0.00368437205906957,2.73831377673196,0,0.0505698003107682,0,0.0239820135757327,0.00866426015272737,10.2162575790717,0.0138621486257762,7.00895216898061,0.0061601644847542,0,0.00443740101763979,11.3454543314874,0.00483870977768674,12.9047615141608,0.0107832014327869,0.782259682193398,0.113412849255838,0.0547945213038474,0.0801154802902602,0.30228471790906,0.0330464718863368,1.09317627421115,0.0349195473245345,0.309314589947462,0.00618647801456973,0.493726706597954,0.0992470944765955,0.122137408237904,0.0106856636703014,1.51255907217273,0.0235747962142341,0.238419183529913,0.0152671756222844,2.24842924758559,0.0119613019633107,0.0712945591658354,0.00197823933558539,0.163352581905201,0.00241303030634299,0.0160075326566584,0.0103189493529499
0.00444334745407104,0.409102407225873,0.00151019386248663,0.102977386850398,0,0.0152905192226171,0.000377786171156913,0.182520699687302,0,0.00405063293874264,0.00100806448608637,0.200000004260801,0,0.129054286109749,0.000782472605351359,0.0179127720184624,0.0172764221206307,0.383206793339923,0.00754458160372451,0.0361445790622383,0.00727272708900273,0.0105740181170404,0.00321888411417603,0.00335232994984835,0,0.00218579242937267,0,0.0045924223959446,0.0127007848350331,0.211900195805356,0.0072169597260654,0.0106761564966291,0.0565968382870778,0.42708683561068,0.0605661603622139,0.0568585656583309,0.00733368285000324,0.0458333357237279,0.00419507082551718,0.00383325340226293,0,0.00445103854872286,0.00264200801029801,0.0296956207603216,0.00502512557432055,0.258905308088288,0.00279329600743949,0.00459016393870115,0.00177147914655507,0.0375106569845229,0.00206132442690432,0.000696378818247467,0,0,0,0.0141800243291073,0.00598802379681729,2.83446178713348,0.0117769307107665,1.48810718674213,0.00443740101763979,0,0.00276625173864886,4.5396938668564,0.00378608610481024,3.16877145320177,0.112966605229303,1.75077557424083,0.0233393183443695,0.965591417858377,0.0330920368432999,0.123370111221448,0.00809716619551182,0.225870657362975,0.00146520149428397,0.0325443791225553,0.0402355251135305,0.185977117624134,0.00151975685730577,0.101872660219669,0.004501607560087,0.397336868103594,0.000919117650482804,0.0214957455173135,0.00490936555434018,0.0716380393132567,0,0.00754005648195744,0.00159320229431614,0.00492368300911039,0.108821106143296,0.0147420148132369
1.06639835285023,0.0134020623518154,0.14007183664944,0.00318761382368393,0.0326619471888989,0,0.258670240145875,0.00298507465049624,0.0843507242389023,0,1.63017293065786,0.00179775280412287,0.81358060054481,0.000700770819094032,0.238613464403898,0.00641797017306089,5.03433682955801,0.0129390020156279,0.0302710316027515,0.0188372841803357,0.00923076923936605,0.00160128099378198,0.00602244725450873,0.00206327374326065,0.0012210012646392,0.0045584044419229,0.00449690828099847,0.00119976000860333,1.61952341918368,0.016600790200755,0.0373482727445662,0.00368154630996287,0.281179142184556,0.103163687163033,0.211911351419985,0.0255255261436105,0.316248623421416,0.0151761514134705,0.0851528397761285,0.00298210722394288,0.0565885205287486,0.00314218387939036,0.0507958000525832,0.00305460090748966,0.124513615854084,0.00538841506931931,0.0351380420615897,0.00268907565623522,0.151168119627982,0,0.380451917182654,0,0.0373216250445694,0,0.0192243949277326,0.00315556972054765,10.3824700117984,0.0090304181794636,1.03485062951222,0.00206185563001782,11.3454543314874,0.00276625173864886,0,0.000731528911273926,6.09813544037752,0.00551615445874631,0.465849393629469,0.0574742977041751,0.0492336266324855,0.0481792738428339,0.379774058354087,0.0323084929259494,1.32667018100619,0.0175710587063804,0.389147285372019,0.00313234142959118,0.526744796428829,0.0588842950528488,0.306204672669992,0.00476190482731909,14.1278420268791,0.0081521735410206,0.581627811945509,0.00278035219525918,4.83240749847027,0.00383060230524279,0.110780224087648,0.00195407913997769,0.18748305819463,0.00100326060783118,0.0246045696549118,0.00698080286383629
0.00736568457796238,0.979203536175191,0.00220361398532987,0.134737680957187,0,0.0150375937228091,0.000682710378896445,0.349999996251427,0,0.0094488188624382,0,0.535427579656243,0.00104684638790786,0.419003995601088,0.000640820246189833,0.0306415585801005,0.0118436632328667,6.23181187023874,0.0281528306659311,0.0629201370757073,0.0103092787321657,0.0127051351591945,0.00838574417866766,0.011273956624791,0.000877963146194816,0.0100208767689764,0,0.0104031208902597,0.0283775437856093,0.71924288989976,0.0165348674054258,0.0362602192908525,0.122337183100171,0.412626812467352,0.0623800366884097,0.0537525342078879,0.0080840743612498,0.0297786709852517,0.00323624606244266,0.00754147826228291,0,0.012545739300549,0.00333982729353011,0.0171831848565489,0.00812732800841331,0.0509243124397472,0.00116652087308466,0.00829875556519255,0,0.015115080634132,0.00314889798755758,0,0.000812347687315196,0,0.000546896364539862,0.018902599811554,0.0158956595405471,6.16996718919836,0.0173812278080732,0.227042264305055,0.00483870977768674,4.5396938668564,0.000731528911273926,0,0.00373413000488654,3.47577092045685,0.163467761187349,0.560794030228863,0.0422484771115705,0.715051532490179,0.0664265701198019,0.263384139747359,0.0110192834399641,0.400000008521602,0.00310880842152983,0.0479916513431817,0.0845178629970178,0.243012426886708,0,0.776842069812119,0.00870748329907656,2.90833328187,0.000729660736396909,0.0307362410821952,0.00307114818133414,0.168945492652711,0,0.0178637886419892,0.000923574203625321,0.00907715593348257,0.139482570346445,0.0179171338677406
0.292857130174525,0.00993723823921755,0.0541384718380868,0.00322878232691437,0.0336889398749918,0.00218459847383201,0.0832849138532765,0.00113122173934244,0.0549828205257654,0.00108459871262312,0.235294115031138,0.00461041956441477,0.126079996814951,0,0.163298965897411,0.00656544929370284,1.12574844644405,0.0237191648920998,0.013644523685798,0.0072775388834998,0.00964630208909512,0.00670578377321362,0.00667222682386637,0.00210378679912537,0,0.00353148893918842,0.00348229834344238,0.00496585993096232,0.978790278430097,0.0299110751366243,0.0201342284562998,0.00472366547910497,0.222393818199635,0.0981767172925174,0.438040332868695,0.0940438848920166,0.320584939909168,0.0413638899335638,0.056306307669729,0.00306748459115624,0.028789161122404,0.00493015616666526,0.112530202895869,0.0296527516329661,0.414709780365229,0.0350069083506241,0.103915110114031,0.01781432016287,0.851904100854881,0.000902934523764998,3.26026670291321,0,0.191392973647453,0.00108932459261268,0.0783519053366035,0.0295534846372902,1.23533603735268,0.00626204250147566,2.61756167415297,0.00350385409547016,12.9047615141608,0.00378608610481024,6.09813544037752,0.00373413000488654,0,0.016921837173868,0.784064962354023,0.132191596610937,0.0314735344145447,0.0485829971730709,0.265113700763322,0.0279119692277163,0.97235770127736,0.0436402359046042,0.290113447932526,0.00655200658366084,0.546407975023612,0.20319148292765,0.229535866528749,0.00664451811462641,2.89090298488736,0.020419426029548,0.495843519223854,0.00951474765315652,6.75779295479879,0.0202455313701648,0.141712874756195,0.00301356101408601,0.401650630519725,0.00356143480166793,0.0184842885937542,0.00733944959938526
0.00497737558907829,0.672987976722652,0.00368493772111833,0.189412740699481,0.000876808422617614,0.0274560283869505,0.0017658484284766,0.354927632724866,0.00089047197252512,0.0119453921215609,0.00339991506189108,0.379168214392848,0.000551724166143686,0.246209822129458,0.000683760677929968,0.0585631621070206,0.025673940544948,0.734662559581921,0.0298325737239793,0.0669883614173159,0.0183486230671406,0.0177200243342668,0.00585794483777136,0.00954653974622488,0.00384245906025171,0.0109140516724437,0.00179937027860433,0.020843202015385,0.0328299414832145,0.529926008312032,0.0247486457228661,0.0351547582540661,0.13203882984817,0.563245845027268,0.134533898555674,0.17454955377616,0.0184372260700911,0.213193541392684,0.00966608093585819,0.023615634359885,0,0.0314502040855587,0.010597585933283,0.0848841009428725,0.025389916554559,0.281542495824397,0.00866068678442389,0.0368528823601082,0.0060905977152288,0.0795580137055367,0.00847058842191473,0.0012341869296506,0.00176522508263588,0,0.00115573534276336,0.0824799336260185,0.0135852256789804,2.4952709301142,0.0190417686826549,0.598091819440015,0.0107832014327869,3.16877145320177,0.00551615445874631,3.47577092045685,0.016921837173868,0,0.199054273252841,2.25772947064252,0.0346553715644404,0.961866312660277,0.0911854079458863,0.262378329061903,0.0162046903278679,0.522908773622476,0.00115340249612927,0.0674026710912585,0.152887406758964,0.47226891212631,0.00474777445197105,0.247652585734613,0.0120724345324561,1.38942776698968,0.00471512787044048,0.0860876236110926,0.0105913501465693,0.362045490153832,0.00188412622082978,0.040144519880414,0.00145102784154005,0.0397201525047421,0.169405821477994,0.0201257858425379
0.619833317701705,0.249697385297623,0.383726936968742,0.131215245957719,0.00695187179371715,0.0311345645459369,0.0907048625522293,0.107393639918882,0.0151147106662393,0.0131475157104433,0.0939139507245272,0.127422480145469,0.067269866791321,0.0786209770885762,0.0816605832951609,0.099181073368527,0.71865118201822,0.455864246527199,0.845278257620521,0.571256517898291,0.0337183879455552,0.0393401007167995,0.0889128845883533,0.0399085432291031,0.0028240610845387,0.0109349365811795,0.00217273226007819,0.0302521021803841,0.897225311666261,0.741709883906879,0.202224971551914,0.0706575075164437,12.1121127041406,3.24506342131644,8.01553661283106,4.1706335619092,2.8782445610268,0.873532529338263,0.282730909064412,0.093486592057161,0.0197452232241631,0.0554156149737537,12.7607081152673,3.08270679670386,9.91603407479124,0.83002418896649,4.83674346367479,1.96104966517305,1.58590306062251,0.0402491607237607,1.40409882715903,0.00553191479411907,0.192214768496342,0.0100131757790223,0.314634139125701,0.464905371976783,3.23954631824745,0.450335470959544,5.44135721283965,0.0772906690835953,0.782259682193398,0.112966605229303,0.465849393629469,0.163467761187349,0.784064962354023,0.199054273252841,0,13.2261237310013,3.61291917925701,3.47722347266972,0.590111635392532,0.43799057562137,0.730809634551406,0.669619571126532,0.154713438008912,0.0993710675975308,1.13812731578946,1.61865063436562,0.325063614291139,0.130888397921808,0.794248658319702,0.459609535260824,0.186813181615435,0.145284416503273,0.846715355524793,0.299909126479179,0.0575097684632055,0.0643037979025394,0.179478010802995,0.0617996617220342,0.343308128532954,0.0413250253186561
0.0419383263506461,0.559598501014989,0.0260854037769604,0.191758336033672,0.00113122176844627,0.0819855019217357,0.00809482496697456,0.212211365113035,0.00171379605308175,0.029452626593411,0.00776053208392113,0.279816501773894,0.00696721312124282,0.163848010997754,0.00909090897766873,0.252862596244086,0.233296220598277,0.98576238937676,0.25726872892119,0.296776887058513,0.0793597855954431,0.0793758492800407,0.0381165918661281,0.0303885393077508,0.00599340710323304,0.0312680957140401,0.00287521572317928,0.0677361837588251,0.248779354442377,1.55497756577097,0.0765425672871061,0.085227269155439,1.49689299054444,2.57998698722804,3.01940817822469,7.15209479292389,0.118313051527366,2.70316033507697,0.023789294064045,0.398275382525753,0.000681198900565505,0.128532972303219,1.65090288966894,6.25845291791484,2.08175476826727,7.94651071517728,1.54278071166482,3.76337178488029,0.169500252231956,0.851889175013639,0.27683923614677,0.0351423484680708,0.0846350468345918,0.0401002527214587,0.038167939055711,1.62859492038842,0.111967820324935,3.10411365609616,0.223897143878276,2.22130610360182,0.113412849255838,1.75077557424083,0.0574742977041751,0.560794030228863,0.132191596610937,2.25772947064252,13.2261237310013,0,0.377466267556883,3.75660151988268,0.339516575215384,0.545052496134304,0.0911111133173108,1.43258120061364,0.0274339246097952,0.174731182632968,0.923539004812483,3.15708399715368,0.0877551032463089,0.339303828426637,0.194338828441687,1.92600861657411,0.0357894720509648,0.430904835811816,0.178901730105281,1.61613008094719,0.00828892854042351,0.168713298393413,0.0434137287957128,0.273302853485802,0.451885793183465,0.0569420050014742
4.01437440159498,0.707286135293543,1.64922924246639,0.335205580922775,0.0052742613479495,0.0215827346546575,0.133762786630541,0.192286400415469,0.00752283749170601,0.0193976524751633,0.123983735218644,0.165499121183529,0.0802469172049314,0.153106761281379,0.0228346455842257,0.0344827577937394,0.118852452374995,0.135852456034627,11.595862417249,3.7469725656556,0.0397350993007421,0.0351681968895718,0.189655171707273,0.0768452977063134,0,0.019845645641908,0.00326441775541753,0.0208574733696878,0.301390463777352,0.29586712224409,0.417083144013304,0.186379928141832,9.48170037847012,3.84563529310981,0.267465061624534,0.0920201316475868,0.176439506933093,0.0189075639937073,0.0962453732499853,0.0106228878139518,0.0231481483206153,0.0150150153785944,0.00265604257583618,0.00672143400879577,0.00421585165895522,0.0113735785125755,0.00632022478384897,0.00461437035119161,0.00356824253685772,0.000858369108755141,0.00827943067997694,0,0,0,0.00780234066769481,0.0130111526814289,1.93111413597944,0.209514879476046,0.67781259259209,0.0114516671746969,0.0547945213038474,0.0233393183443695,0.0492336266324855,0.0422484771115705,0.0314735344145447,0.0346553715644404,3.61291917925701,0.377466267556883,0,8.27657277602702,0.774765386828221,0.622851378284395,0.682653031661175,0.429287866689265,0.158636032254435,0.148203598335385,0.569732911884785,0.866165388375521,0.0215384615585208,0.0530705088749528,0.0355526836938225,0.0631184814264998,0.028703703195788,0.0225529991439544,0.0265151506755501,0.0201765443198383,0.00920598395168781,0.0142450138810091,0.00800000008894131,0.00197726138867438,0.730158742866479,0.0979253122350201
0.112898828345351,2.77065237209899,0.0456951820524409,0.768552555993665,0.00261780107393861,0.0874524707905948,0.0126272911438718,0.518709163006861,0,0.0578252677805722,0.0262499994132668,0.638830911833793,0.0153203340014443,0.406286851502955,0.005524861975573,0.13644688698696,0.0694444443797693,1.15795148187317,1.68404425517656,2.94007227849215,0.117053479887545,0.140425527468324,0.096291862486396,0.046171605354175,0.00300978170707822,0.0290456438669935,0.00544217694550753,0.0824742270633578,0.12996074964758,1.37505628267536,0.166939446469769,0.231759656220675,1.99572097836062,2.37322051520459,0.343612343422137,0.136852394789457,0.106229508295655,0.157552088028751,0.0958634291309863,0.0364063415909186,0.00646551721729338,0.0809128673281521,0.0105900147464126,0.0424242435256019,0.0289421157212928,0.173096977407113,0.00967741920612752,0.0277569394093007,0.00320170749910176,0.0336391422897577,0.015441807336174,0,0.00264375424012542,0.00126342382282019,0.00960118148941547,0.0517482537543401,0.259221829357557,4.65144912782125,0.151018772623502,1.43483274138998,0.0801154802902602,0.965591417858377,0.0481792738428339,0.715051532490179,0.0485829971730709,0.961866312660277,3.47722347266972,3.75660151988268,8.27657277602702,0,0.628387121134438,1.73416145797819,0.111809044028632,1.85608852480073,0.0713557563722134,0.462809897959232,0.893591323168948,2.12907186849043,0.0171673819422722,0.340693987905979,0.0388848134898581,0.471076854504645,0.0111607147846371,0.102758245775476,0.0280944615660701,0.120273345848545,0.00729926978237927,0.0609896436799318,0.00827912439126521,0.0201196311390959,1.95898675266653,0.267622452229261
1.22694466263056,0.221124828094617,2.11466012487654,0.386817407095805,3.69787757587619,1.3886199145345,1.50601926146192,0.229853651893791,3.26356086146552,0.413213223218918,1.27359613426961,0.139698490966111,2.26612347492483,0.167239399685059,4.8317009229213,0.971656311885454,0.862484931130894,0.251944007235579,1.52570985467173,0.673699001432396,4.77558698260691,2.51873770542443,0.321825634455308,0.25289936887566,0.37491091620177,1.42236848198809,1.11917095631361,1.38128487567883,8.60921009996673,1.0204793328885,4.72260098182596,1.79360173596069,1.51970131834969,0.871679777337704,0.317617870867252,0.207839561160654,1.23952466563787,0.412422352470458,0.879148426232859,0.32189082307741,0.15169660653919,0.45472062472254,0.0529801324009895,0.0788590607699007,0.110683349194005,0.115461843088269,0.103367267176509,0.0941605801926926,0.0626283389283344,0.01669941120781,0.141696998209227,0.000780640111770481,0.0680529274977744,0.00120700057595968,0.0848310588626191,0.167007503914647,0.992559581121895,0.128366478311364,0.436942187137902,0.0179439252242446,0.30228471790906,0.0330920368432999,0.379774058354087,0.0664265701198019,0.265113700763322,0.0911854079458863,0.590111635392532,0.339516575215384,0.774765386828221,0.628387121134438,0,5.49524964543525,10.3349336439278,1.84705874999054,5.84454969363287,0.771593069192022,7.63657413097098,1.90946496278048,0.28031807905063,0.0780487805604935,0.608571422053501,0.105660374858417,2.05466227058787,0.491939659346826,0.341756911715493,0.0833333332557231,0.937673103995621,0.657836643978953,0.225694446125999,0.0533049053046852,1.42414176580496,2.32052692188881
0.116285193827935,1.17300950991921,0.267526187701151,3.60967514661024,0.0842358625959605,4.50934565160424,0.05749405187089,2.58823523909086,0.0737553765065968,2.3188404738903,0.0403690873645246,1.65170731861144,0.043246838322375,3.05487132444978,0.0607111892895773,2.48317523265723,0.0512223523110151,1.15434898389503,2.24081021663733,3.64462815178558,2.75911114178598,7.52327756024897,1.1098332691472,1.87852174410364,0.352699918672442,2.15189874870703,0.102244392503053,4.18230576440692,0.25216316152364,7.09978746715933,3.63192664366215,12.3893892091,0.932416051626205,1.81046466494445,0.176516942679882,0.153846157016233,1.36949968896806,0.736526959226467,1.07423051260412,1.4654326972086,0.1337099786615,0.783242253819481,0.0237580987159163,0.118657939892728,0.0533208602573723,0.173489280045033,0.0964039794635028,0.163571426819544,0.00697211176156998,0.0276717558153905,0.0148719364078715,0.000762776529882103,0.00242865807376802,0.00116482237353921,0.130893733003177,0.4969940087758,0.0923753664828837,0.520704220980406,0.0538490706239827,0.048994516953826,0.0330464718863368,0.123370111221448,0.0323084929259494,0.263384139747359,0.0279119692277163,0.262378329061903,0.43799057562137,0.545052496134304,0.622851378284395,1.73416145797819,5.49524964543525,0,0.638470434816554,9.32840879552532,0.96143495105207,1.94010889879428,5.16890382720158,4.49290163535625,0.00750469043850899,0.276497699087486,0.0321678334148601,0.397146943956614,0.0581516120582819,0.872415534104221,0.0237812125124037,0.200265257328283,0.0265957438386977,1.01602569117676,0.0620022733928636,0.084470089757815,4.19314659805968,4.05767269199714
3.92175504483748,0.033089233271312,2.39676126278937,0.041438438318437,0.850364956771955,0.0330578503198922,1.93473938311217,0.0185794467106462,0.935985075077042,0.0164030464366078,2.2319347813027,0.0127952755428851,2.39825968566583,0.0142803461640142,2.11888109520078,0.0147826090105809,2.03999991877936,0.0395738192601129,0.373867069138214,0.0845460827695206,0.196928639896214,0.0530303046107292,0.0861271657049656,0.0456721930531785,0.0138408306520432,0.037131882738322,0.332912988960743,0.0488466764800251,11.2810293647926,0.0573384672170505,0.364289392018691,0.113131318241358,0.554423143621534,0.166482510161586,0.393285371130332,0.066725199110806,10.0158436489291,0.0569007288431749,3.215375104337,0.111050028121099,1.03256702504586,0.0148148145526648,0.263043487386312,0.0164880463853478,0.327358495444059,0.0216322524938732,0.417565500480123,0.025161754747387,0.328643212560564,0.000962463906034827,0.633822308736853,0,0.211172495502979,0,0.423512742156163,0.118951612792443,2.91163465107093,0.0189290168927982,1.07521951943636,0.00441663607489318,1.09317627421115,0.00809716619551182,1.32667018100619,0.0110192834399641,0.97235770127736,0.0162046903278679,0.730809634551406,0.0911111133173108,0.682653031661175,0.111809044028632,10.3349336439278,0.638470434816554,0,0.0907003423199058,10.6818595512304,0.0516605172306299,16.6474580011563,0.366035567829385,2.80534352059476,0.0187441427260637,3.00422229134711,0.0160596494097263,3.65513614239171,0.0244274809956551,1.3822593333316,0.00976475834613666,1.55989230261184,0.0118662347085774,0.679245278472081,0.00369003694504499,0.3492063540034,0.530954849906266
0.0319622727693059,1.44101055146893,0.046001605107449,0.972360055544414,0.0309892727527767,2.24305557226762,0.0150197625625879,0.744472212623805,0.0219111372716725,0.882251590490341,0.0137142855674028,3.68828660866711,0.0125744538963772,2.546196640993,0.0232558145653456,2.94772921130061,0.0634371372871101,4.06683277117554,0.539895588764921,1.23630140267778,1.00262927776203,1.38715597428381,0.230681161512621,0.400145494495519,0.160919536370784,0.805764406337403,0.0567901260219514,1.66710872459225,0.0941465378855355,18.938000483613,0.798789714463055,1.48857993504498,0.532368308282457,0.796653302677441,0.345525291748345,0.364876390667632,0.0967164149042219,0.977461471222341,0.0753138097934425,0.373448457801715,0.00185528758447617,0.482944356510416,0.0966356453136541,0.46829267218709,0.20891364547424,0.605415878002532,0.109505700878799,0.409801148576662,0.0118577079847455,0.1013257605955,0.023032630677335,0.00151630025357008,0.00481058331206441,0.0103866123827174,0.013995801564306,0.462458452675492,0.0652385605499148,0.777475890587084,0.0693554456811398,0.089422031713184,0.0349195473245345,0.225870657362975,0.0175710587063804,0.400000008521602,0.0436402359046042,0.522908773622476,0.669619571126532,1.43258120061364,0.429287866689265,1.85608852480073,1.84705874999054,9.32840879552532,0.0907003423199058,0,0.118479225086048,1.47406079526991,0.758314849343151,2.53348336624913,0.0184842885937542,1.07356951315887,0.036856745951809,0.859414938662667,0.0257466541370377,1.22161084692925,0.028447253163904,0.35726873142994,0.00526315812021494,0.816737289656885,0.00736126821720973,0.084639496402815,1.64249240700155,0.316109438426793
0.768600252922624,0.0156046813353896,0.298642543028109,0.0323299897136167,0.154888676479459,0.0775623279623687,0.238731590798125,0.0105355577543378,0.266533069545403,0.0145985400304198,0.398190047126263,0.0126671354519203,0.358435013098642,0.0146341463550925,0.454382817959413,0.0296033162157983,0.56198346731253,0.0279411770170555,0.0824742238037288,0.0501098911045119,0.415322568267584,0.13033707998693,0.0140400137752295,0.0123574143508449,0.0143884895369411,0.0399579368531704,0.0266666656825691,0.0486674378626049,2.56173514807597,0.0544611804652959,0.110612854827195,0.160701248096302,0.111834966111928,0.062737642088905,0.134375002002344,0.0340909101068974,1.00194176891819,0.00192122953012586,1.11478599195834,0.0149006622377783,0.184757504612207,0.0426439242437482,0.031642623944208,0.00550964206922799,0.080848247394897,0.00843288819305599,0.0453400507103652,0.0101335787330754,0.0841189250349998,0,0.143904067575932,0,0.0530451885424554,0,0.0677812902722508,0.0169133197050542,0.656078520230949,0.0111633370397612,0.270916342735291,0.00284900277620181,0.309314589947462,0.00146520149428397,0.389147285372019,0.00310880842152983,0.290113447932526,0.00115340249612927,0.154713438008912,0.0274339246097952,0.158636032254435,0.0713557563722134,5.84454969363287,0.96143495105207,10.6818595512304,0.118479225086048,0,0.0887949247844517,6.05694584199227,0.227915196097456,0.398169318214059,0,0.398924245964736,0.00834492361173034,0.963762504397891,0.0118168387562037,0.246773834369378,0.00410783058032393,0.482285709120333,0.0225261470768601,0.0956009669462219,0.0037700281245634,0.586826369166374,0.578947372734547
0.00379867048468441,0.213516161602456,0.0116845176089555,0.152727278647944,0.0117647065781057,0.570093475398608,0.00181735574733466,0.0871670692577027,0.00812182761728764,0.217913207132369,0.00183150183875114,0.171875005122274,0.00253807101398706,0.131566023686901,0.0048076924867928,0.720763750839978,0.0130111522739753,0.207869345322251,0.136363641824573,0.283819636213593,0.691511400043964,0.856481487862766,0.0331452761311084,0.0583452896680683,0.0535931815393269,0.185501070460305,0.0187110188417137,0.444705864647403,0.0268907574936748,0.784588426351547,0.179622641415335,0.364306783303618,0.108255872153677,0.154949785675853,0.11164274183102,0.108737866394222,0.057030483847484,1.82101167272776,0.0472906418144703,0.813389145769179,0.00952380988746881,4.32017547078431,0.0196629215497524,0.078801334486343,0.0427807494997978,0.0765957422554493,0.0354969565523788,0.14921223447891,0.00146412884350866,0.0123796424595639,0.00200736033730209,0,0,0.00372093031182885,0.00363636366091669,0.315476184012368,0.0121739124879241,0.0937776461360045,0.00601503741927445,0.0133779265452176,0.00618647801456973,0.0325443791225553,0.00313234142959118,0.0479916513431817,0.00655200658366084,0.0674026710912585,0.0993710675975308,0.174731182632968,0.148203598335385,0.462809897959232,0.771593069192022,1.94010889879428,0.0516605172306299,1.47406079526991,0.0887949247844517,0,0.598603845573962,4.12868637009524,0,0.162528220564127,0.00270513980649412,0.0817324501695111,0.00934579409658909,0.947054416756146,0.00363306095823646,0.184956202283502,0,0.876422744127922,0.00139178847894073,0.0965299668023363,0.816199351102114,0.37689970061183
1.34824449755251,0.391037613910157,0.835147309757303,0.69655011605937,0.100820630090311,0.304100240464322,0.623427651473321,0.367947979364544,0.233393168309703,0.204635396134108,0.626546707120724,0.202483284752816,0.717377049848437,0.344472994969692,0.487659565696958,0.252328529837541,0.788876315345988,0.253812090726569,0.782287807669491,1.14993217546726,0.64670659834519,0.355992837692611,0.178307774709538,0.263593801064417,0.0212342403829098,0.181034479639493,0.0194174759089947,0.196614589192905,3.94981799647212,0.706961215473711,0.713078039232641,2.50636624451727,1.06719683436677,0.916096488945186,2.11881194729358,1.87010822712909,7.83088663639501,1.11551926424727,1.4156378172338,0.278575222473592,0.155515374615788,0.336252182722092,0.722182839585003,0.293408355209976,0.719523364969064,0.270992367295548,0.542513152700849,0.404360047832597,0.402534116059542,0.0242990661645308,0.545850359310862,0.000750187551602721,0.224719090620056,0.00227143662050366,0.268191262555774,0.226464773528278,1.10251453821547,0.194260477786884,0.596792250871658,0.0316660678945482,0.493726706597954,0.0402355251135305,0.526744796428829,0.0845178629970178,0.546407975023612,0.152887406758964,1.13812731578946,0.923539004812483,0.569732911884785,0.893591323168948,7.63657413097098,5.16890382720158,16.6474580011563,0.758314849343151,6.05694584199227,0.598603845573962,0,12.6847644550726,3.96576586179435,0.12931797769852,1.27548211207613,0.139757682103664,1.07106601702981,0.233843114110641,0.673477430827916,0.108143605641089,0.47803618828766,0.194154492812231,0.284269665833563,0.038381744758226,1.77159880194813,4.06896563945338
0.0691461525857449,0.764105350943282,0.0524064181372523,0.826169092295459,0.00952948164194822,0.783111644908786,0.00869393412722275,0.409842363966163,0.0109489050228149,0.257175654172897,0.0125642495695502,0.460570883238688,0.00793913332745433,0.383531154948287,0.0258286704774946,1.48008561506867,0.198270895518363,1.01694916840643,1.00037269317545,1.84457373514306,0.747810843866318,0.909257551655173,0.148211737803649,0.173818177427165,0.0418918929062784,0.264245467144065,0.0234423187794164,0.584493067231961,0.316693949920591,2.55649244599044,0.44959676079452,1.49578169570304,1.69212215812877,1.54981814266648,1.88335928507149,4.12265746621415,0.712410528562032,10.8761118601542,0.227001187158749,3.93743242602795,0.0166821131715551,3.84753352613188,1.11341677675955,1.0483543400187,0.967053355881944,0.724987912690267,1.02242495806422,6.83493065647781,0.38518518442288,0.102224324829876,0.524671056540683,0.00227358844131231,0.278846164233983,0.00922721996903419,0.158796786505263,1.77084020478651,0.128985150950029,0.498765431111678,0.228334584448021,0.0988372089341283,0.0992470944765955,0.185977117624134,0.0588842950528488,0.243012426886708,0.20319148292765,0.47226891212631,1.61865063436562,3.15708399715368,0.866165388375521,2.12907186849043,1.90946496278048,4.49290163535625,0.366035567829385,2.53348336624913,0.227915196097456,4.12868637009524,12.6847644550726,0,1.61772855464369,0.451905627502128,0.196732703770977,0.832481521414593,0.0504374701995403,2.44500011613127,0.215682400215883,1.01651616336312,0.0184089422691613,1.40603495761752,0.0877441291231662,0.32593366317451,3.7346937158145,1.08299597864971
0.0339417237555608,0.00132144032977521,0.0216748762177303,0.00169539410853758,0.0182926822453737,0.00386847206391394,0.016032982384786,0.000887508329469711,0.0484720738604665,0,0.229166673496366,0.00145772600080818,0.0756013756617904,0.0019990005530417,0.181818178389221,0.00365853658877313,1.81923077092506,0.00610221223905683,0.0100603618193418,0.00539083569310606,0.0178970918059349,0,0.00357142853317782,0.000973235990386456,0,0.00221729488112032,0.00431965431198478,0.00737100723199546,1.21898226742633,0.00834824074991047,0.0434445310384035,0.00303030293434858,0.170663697877899,0.0301703157019801,0.480541445314884,0.204592906404287,8.32823613658547,0.205645155161619,0.308478051563725,0.0138050047680736,0.260416674427688,0.00952380988746881,0.438095233403146,0.067950168158859,0.290410966612399,0.0291120819747448,0.606404933263548,0.0688030153978616,0.159398497780785,0.00141043728217483,0.253979000262916,0,0.266253882553428,0.00192492781206965,0.407578563492279,0.0189982728334144,0.200351495761424,0.00238450081087649,0.155181219801307,0.00194457953330129,0.122137408237904,0.00151975685730577,0.306204672669992,0,0.229535866528749,0.00474777445197105,0.325063614291139,0.0877551032463089,0.0215384615585208,0.0171673819422722,0.28031807905063,0.00750469043850899,2.80534352059476,0.0184842885937542,0.398169318214059,0,3.96576586179435,1.61772855464369,0,0.00491400482133031,2.39688356610714,0.00778210145654157,0.993589756544679,0.0076628354145214,0.622252749715699,0.00624024937860668,0.595641672145575,0.0033500837162137,0.424242406734265,0.000638162076938897,0.0491228080354631,0.00682593835517764
0.00381922326050699,0.168089300394058,0,0.0370994933182374,0,0.0360873684985563,0,0.0636323452927172,0,0.0206378987058997,0,0.613946815836243,0,0.148514856118709,0,0.108499095076695,0.011331444606185,9.14135347178672,0.0199302448891103,0.032071269582957,0.0515021458268166,0.0481927720829844,0.0042568288045004,0.00964320148341358,0.00248756213113666,0.00868621096014977,0,0.0168067221529782,0.0237556571373716,3.29716986045241,0.00917431223206222,0.0283793880371377,0.103752759285271,0.0703953708289191,0.154098360799253,0.168674692511559,0.0140000006649643,0.0751730925403535,0.00400801608338952,0.00848896452225745,0,0.0455580884590745,0.0132137797772884,0.0504201703006402,0.0554428654722869,0.132089015096426,0.00818414334207773,0.0270901444018818,0.00444773922208697,0.030619346536696,0.00336473749484867,0.00101884873583913,0,0,0,0.0282655238988809,0.00932129379361868,0.278008309483994,0.0222446920815855,0.0404624284710735,0.0106856636703014,0.101872660219669,0.00476190482731909,0.776842069812119,0.00664451811462641,0.247652585734613,0.130888397921808,0.339303828426637,0.0530705088749528,0.340693987905979,0.0780487805604935,0.276497699087486,0.0187441427260637,1.07356951315887,0,0.162528220564127,0.12931797769852,0.451905627502128,0.00491400482133031,0,0.00726942298933864,2.2740688493941,0,0.0785498488694429,0.00547070894390345,0.285122894041706,0.00236686388961971,0.0296784834936261,0.000700035016052425,0.00697748182574287,0.342105265706778,0.0448717954568565
0.391702251654351,0.00746733066625893,0.0950609621941112,0.00375023431843147,0.0647948146797717,0.0021216407767497,0.149999997171108,0.00253927940502763,0.145825743675232,0.000703977479133755,1.743157959776,0.00379027146846056,0.596797680482268,0.00474308326374739,0.99298652872676,0.00640652305446565,9.47212440124713,0.0199677933705971,0.0190375463571399,0.00646766199497506,0.0258813027758151,0.00913241994567215,0.00696560740470886,0.00519615481607616,0.00697944941930473,0.00593471806496382,0.0125000002444722,0.00536809803452343,4.35675971652381,0.039181791478768,0.0227051577530801,0.00578034692443907,0.280457192915492,0.0997661724686623,0.296016773616429,0.0853497585630976,6.59027042984962,0.0545585062354803,0.413270825170912,0.00677277334034443,0.475665745208971,0.00361336953938007,0.728813530644402,0.0550561803393066,0.473263665917329,0.039772727235686,1.19356567016803,0.0321756908087991,0.472471197601408,0.00560398487141356,1.29260583396535,0,0.604415512643754,0.000705965387169272,1.24355735292193,0.0306569336971734,4.08986174734309,0.00893377340980805,0.765787396871019,0.00103869126178324,1.51255907217273,0.004501607560087,14.1278420268791,0.00870748329907656,2.89090298488736,0.0120724345324561,0.794248658319702,0.194338828441687,0.0355526836938225,0.0388848134898581,0.608571422053501,0.0321678334148601,3.00422229134711,0.036856745951809,0.398924245964736,0.00270513980649412,1.27548211207613,0.196732703770977,2.39688356610714,0.00726942298933864,0,0.0212075311865192,6.88099963532295,0.0077444335911423,12.1408629355719,0.026950353756547,2.57175573357381,0.00468540826113895,3.55224524092046,0.00405844155466184,0.0182780186296441,0.0124580735573545
0.0122258182382211,0.507500907493522,0.00474106497131288,0.154232185916044,0.000584282795898616,0.040886843285989,0.00235121231526136,0.361071137187537,0.00059031875571236,0.0223752149613574,0.00457796873524785,0.55261088500265,0.00251730642048642,0.357207215856761,0.00393410352990031,0.231919585319702,0.0385168149368837,4.47733338311082,0.0361418561078608,0.0763129679835401,0.0367290359572507,0.0268077597720549,0.0103073104110081,0.0204717396409251,0.00310173694742844,0.0173600723501295,0.00178306095767766,0.0307408539811149,0.050620821188204,3.4630709309713,0.0268240342848003,0.0478850741637871,0.165879020991269,0.230529589869548,0.146534658037126,0.211103498702869,0.0181286547449417,0.935587315179873,0.00760678772348911,0.111728736490477,0,0.074151803390123,0.118528307270026,1.08870392214158,0.225698899012059,0.88381855544867,0.141257143142866,0.598114465479739,0.0116741840029135,0.149857397773303,0.0211424331064336,0.00821355212246999,0.00528169021708891,0.00747556088026613,0.00477949157357216,0.609043130185455,0.0256278828601353,1.20158784135128,0.0300136420992203,0.0818505331408232,0.0235747962142341,0.397336868103594,0.0081521735410206,2.90833328187,0.020419426029548,1.38942776698968,0.459609535260824,1.92600861657411,0.0631184814264998,0.471076854504645,0.105660374858417,0.397146943956614,0.0160596494097263,0.859414938662667,0.00834492361173034,0.0817324501695111,0.139757682103664,0.832481521414593,0.00778210145654157,2.2740688493941,0.0212075311865192,0,0.00596691091777757,3.43963692191755,0.0243866606324445,5.61241075102589,0.000612557400017977,0.561519381590188,0.00682205823250115,0.265207246207865,0.193098381918389,0.0212298682308756
0.291237772908062,0.00102907128166407,0.136747764365282,0.00454648776212707,0.568329725414515,0.00739176373463124,0.185993107035756,0.00298118125647306,0.56053066032473,0.00419507082551718,2.04070985724684,0.00358422938734293,0.832496853836346,0.000699056254234165,8.37379407184198,0.0119999996968545,3.10736827924848,0.0055274065816775,0.0161516855587251,0.00518470490351319,0.722264735028148,0.0175159238278866,0.0120218583615497,0.00480274431174621,0.0218844974879175,0.0147559598553926,0.0593505059368908,0.0215053756255656,9.44576496456284,0.00867165927775204,0.075383898220025,0.0100917431991547,0.100263850821648,0.0267581468797289,0.100620260927826,0.0119492160156369,5.2102119596675,0.0161987036699429,0.37629147968255,0.00594353629276156,8.93247573450208,0.00937500013969839,0.142567571019754,0.00913937576115131,0.144827585667372,0.00447627564426512,0.324749650550075,0.00804828945547342,0.188127850880846,0,0.421715203905478,0,0.274466908187605,0,1.13955023005838,0.00503778317943215,0.626579299219884,0.00189798336941749,0.241220298921689,0.000685635954141617,0.238419183529913,0.000919117650482804,0.581627811945509,0.000729660736396909,0.495843519223854,0.00471512787044048,0.186813181615435,0.0357894720509648,0.028703703195788,0.0111607147846371,2.05466227058787,0.0581516120582819,3.65513614239171,0.0257466541370377,0.963762504397891,0.00934579409658909,1.07106601702981,0.0504374701995403,0.993589756544679,0,6.88099963532295,0.00596691091777757,0,0.00739030027762055,4.20275443803985,0.00424989382736385,24.5444845886668,0.00486854929476976,5.59816106327344,0.000500751135405153,0.0244541491847485,0.0294882919406518
0.00148514856118709,0.0542596335872076,0.00353356904815882,0.0525134662748314,0.00315623357892036,2.1332650904078,0.00227143673691899,0.0542035396210849,0.00750267913099378,0.318737286608666,0.00101368478499353,0.115334210917354,0.00308166403556243,0.0548320775851607,0.00314341858029366,7.43371143937111,0.0143076134845614,0.194793541566469,0.0206540449289605,0.0579064582125284,0.209677419159561,0.528560564853251,0.0112994355149567,0.0289367424556985,0.034077555174008,0.189114899374545,0.00976668472867459,0.870017302106135,0.0307576896157116,3.02390123379882,0.106980960816145,0.135896289721131,0.0597785966238007,0.0760430673835799,0.0742705557495356,0.118911179131828,0.0136986295692623,4.39706670306623,0.0126582272350788,3.78901740896981,0,3.49887819890864,0.068279747501947,0.322027573361993,0.0992848158348352,0.220864246308338,0.123378896154463,0.68048702145461,0.00534045381937176,0.032548179035075,0.00930232519749552,0.00139811250846833,0.00212089088745415,0.00408997945487499,0.00324569933582097,2.29198889544932,0.00877395493444055,0.0510299630695954,0.011821975116618,0.0127774037537165,0.0152671756222844,0.0214957455173135,0.00278035219525918,0.0307362410821952,0.00951474765315652,0.0860876236110926,0.145284416503273,0.430904835811816,0.0225529991439544,0.102758245775476,0.491939659346826,0.872415534104221,0.0244274809956551,1.22161084692925,0.0118168387562037,0.947054416756146,0.233843114110641,2.44500011613127,0.0076628354145214,0.0785498488694429,0.0077444335911423,3.43963692191755,0.00739030027762055,0,0.00794701973791234,5.04933874763083,0,13.8417809747625,0.00426098518073559,1.13947176933289,0.321131438016891,0.0446280991891399
0.44741660146974,0.00770657925750129,0.0893950185272843,0.00345790677238256,0.0431103947048541,0.00279218191280961,0.177809733548202,0.00259219983126968,0.0791235550423153,0.00119355481001548,0.498411448934348,0.00373692077118903,0.409004447283223,0.00200635346118361,0.599500729877036,0.00498220644658431,1.38605579794967,0.0147420146386139,0.0170911533641629,0.00708991318242624,0.0212333404633682,0.00319926883094013,0.00324483774602413,0.00265120132826269,0.00167890870943666,0.00163867266383022,0.0089686096762307,0.00208594079595059,1.89422233804362,0.0282835424877703,0.0235338779166341,0.00264150943257846,0.208557076926809,0.0788732395158149,0.207394443859812,0.0717649701982737,3.37311014242005,0.0514883361756802,0.440814678178867,0.00934033887460828,0.391384046932217,0.00227272728807293,1.05394741357304,0.059171597531531,0.696691190096317,0.0526709018158726,2.29952665208839,0.0363815155578777,0.988323913887143,0.0033345683477819,7.93220865831245,0.000337609730195254,3.19903016928583,0,3.2382813465083,0.0336721713538282,1.38166074489709,0.0079072933876887,0.803165485704085,0.00231903270469047,2.24842924758559,0.00490936555434018,4.83240749847027,0.00307114818133414,6.75779295479879,0.0105913501465693,0.846715355524793,0.178901730105281,0.0265151506755501,0.0280944615660701,0.341756911715493,0.0237812125124037,1.3822593333316,0.028447253163904,0.246773834369378,0.00363306095823646,0.673477430827916,0.215682400215883,0.622252749715699,0.00547070894390345,12.1408629355719,0.0243866606324445,4.20275443803985,0.00794701973791234,0,0.0191668805200607,7.54473558976315,0.00347893300931901,21.0290400136728,0.00224908627569675,0.0140679950709455,0.00936110445763916
0.003646862343885,0.136314571194816,0.00307550362776965,0.0571673561353236,0.000450247636763379,0.0725734657607973,0.00102249486371875,0.11349655140657,0,0.0230854607652873,0.00177226401865482,0.118426501576323,0.00034566194517538,0.0923245993908495,0.000786472694016993,0.393095321080182,0.0253445976704825,0.265045086853206,0.00991553397034295,0.0267417303984985,0.017925736901816,0.0467047240817919,0.00575263687642291,0.00834391464013606,0.00235682295169681,0.0321100919973105,0.0022810218797531,0.0379213487030938,0.0268868828425184,0.71275559545029,0.0223298921773676,0.029300962050911,0.0746524449205026,0.0928713977336884,0.0696468237438239,0.141224282444455,0.0135165575193241,3.49573032761691,0.00225377501919866,0.480831723252777,0.00104112445842475,0.720990219851956,0.196113715937827,2.82235843513627,0.255795030883746,0.975993376574479,0.24805340115563,1.43763436056906,0.0121136175876018,0.146021329332143,0.0277647793700453,0.0851536501431838,0.0067765980202239,0.0338003106880933,0.00391319816117175,2.3370279854571,0.0116414437070489,0.198737700528,0.0239985232474282,0.0391659104498103,0.0119613019633107,0.0716380393132567,0.00383060230524279,0.168945492652711,0.0202455313701648,0.362045490153832,0.299909126479179,1.61613008094719,0.0201765443198383,0.120273345848545,0.0833333332557231,0.200265257328283,0.00976475834613666,0.35726873142994,0.00410783058032393,0.184956202283502,0.108143605641089,1.01651616336312,0.00624024937860668,0.285122894041706,0.026950353756547,5.61241075102589,0.00424989382736385,5.04933874763083,0.0191668805200607,0,0.000933706818614155,1.79922619616264,0.00349428193294443,1.43658981920453,0.0822869320400059,0.0117302050348371
0.0561640015803277,0.000577200553379953,0.0350272762589157,0.00100578321143985,0.181434595375322,0.00543478270992637,0.0362198165094014,0,0.174477285589091,0,0.156626504729502,0,0.162689806893468,0.000820008222945035,2.7202323806705,0.00288739171810448,0.368064938113093,0.00571755284909159,0.00329760927706957,0.00300300307571888,0.149152545724064,0.00719424476847053,0.00617665238678455,0.00160449254326522,0.00327064585871994,0.00298507465049624,0.0190615835599601,0.00319488812237978,2.88797438843176,0.00472813233500347,0.0254777076188475,0.00568828196264803,0.0286866873502731,0.00481347762979567,0.0408163263928145,0.00218102498911321,2.06483430520166,0.00979021016974002,0.19054340547882,0.00125234818551689,2.49878343520686,0.00466200476512313,0.0654058314394206,0.00272232305724174,0.0632244441658258,0,0.249368149787188,0.00156250002328306,0.0656108625698835,0,0.149218518694397,0,0.160625447984785,0.00135409610811621,0.702536499826238,0.000726216414477676,0.0908618938410655,0.00105457426980138,0.0742594923358411,0.00080160319339484,0.0712945591658354,0,0.110780224087648,0,0.141712874756195,0.00188412622082978,0.0575097684632055,0.00828892854042351,0.00920598395168781,0.00729926978237927,0.937673103995621,0.0265957438386977,1.55989230261184,0.00526315812021494,0.482285709120333,0,0.47803618828766,0.0184089422691613,0.595641672145575,0.00236686388961971,2.57175573357381,0.000612557400017977,24.5444845886668,0,7.54473558976315,0.000933706818614155,0,0.00245098047889769,13.9456659440766,0.00111982086673379,0.00829875539056957,0.0164158693514764
0.00203614146448672,0.0354813481681049,0.00363541941624135,0.0363636366091669,0.00335195520892739,5.26086932513863,0.00232018553651869,0.0312441192218103,0.00911680888384581,0.472746891668066,0.0010741138830781,0.0385674928547814,0.00191448623081669,0.0306376907392405,0.00821692694444209,2.59198684303556,0.00866738893091679,0.0557392526534386,0.015748031088151,0.0395778380334377,0.325618516188115,1.26289513707161,0.0116472546360455,0.0265641376608983,0.0402262732386589,0.208430904662237,0.00808314082678407,1.31728401011787,0.0234833668218926,1.06564641825389,0.111694512306713,0.0968955776770599,0.0323201237479225,0.0370499814744107,0.0300644229864702,0.0700389104895294,0.0167879130458459,3.9032256337814,0.0078431376023218,9.66717560403049,0,5.05872761644423,0.0309704066603445,0.132970453239977,0.0406001769006252,0.115596331190318,0.0503282281570137,0.352459006709978,0.00280898879282176,0.0107913671527058,0.00425645103678107,0.000727272708900273,0.00112676061689854,0,0,6.56117889122106,0.00616113736759871,0.0230713770724833,0.0079566000495106,0.00419140770100057,0.00197823933558539,0.00754005648195744,0.00195407913997769,0.0178637886419892,0.00301356101408601,0.040144519880414,0.0643037979025394,0.168713298393413,0.0142450138810091,0.0609896436799318,0.657836643978953,1.01602569117676,0.0118662347085774,0.816737289656885,0.0225261470768601,0.876422744127922,0.194154492812231,1.40603495761752,0.0033500837162137,0.0296784834936261,0.00468540826113895,0.561519381590188,0.00486854929476976,13.8417809747625,0.00347893300931901,1.79922619616264,0.00245098047889769,0,0.00219538970850408,3.11319804855157,0.353803845704533,0.072793448343873
0.0803875820711255,0.00401679743663408,0.0196542307385243,0.00634496560087427,0.0384391383267939,0.00114810559898615,0.0234741787426174,0.00172488146927208,0.0394233614788391,0.00114383758045733,0.065031377132982,0.000523286231327802,0.0661364572006278,0.000449337239842862,0.584109877527226,0.0014669926604256,0.175931227800902,0.00372241443255916,0.00360522768460214,0.00812660407973453,0.0324473591172136,0.000702740682754666,0.000761904753744602,0.000887902337126434,0.00123647600412369,0,0.00177725125104189,0.000612745119724423,1.03119791907375,0.00823842996032909,0.0117678524693474,0.00848806370049715,0.0278105108300224,0.020421753753908,0.0420914180576801,0.0170706727658398,7.5295833957498,0.0273097029421479,6.37387005053461,0.118038233486004,0.568101634853519,0.00139372819103301,0.444835173664615,0.0175521820201539,0.163682866841555,0.0151673636282794,3.08253527036868,0.0253718289895914,0.206349209183827,0.00155118922702968,1.40292429627152,0,4.34045058907941,0.000573230150621384,21.8881663531065,0.173310952086467,0.131650751107372,0.00172265281435102,0.112950782000553,0.000887508329469711,0.163352581905201,0.00159320229431614,0.18748305819463,0.000923574203625321,0.401650630519725,0.00145102784154005,0.179478010802995,0.0434137287957128,0.00800000008894131,0.00827912439126521,0.225694446125999,0.0620022733928636,0.679245278472081,0.00736126821720973,0.0956009669462219,0.00139178847894073,0.284269665833563,0.0877441291231662,0.424242406734265,0.000700035016052425,3.55224524092046,0.00682205823250115,5.59816106327344,0.00426098518073559,21.0290400136728,0.00349428193294443,13.9456659440766,0.00219538970850408,0,0,0.0709323603659868,0.0102078020572662
0.00102232064818963,0.0110860904678702,0,0.00763723184354603,0,0.173015875392593,0.000281214859569445,0.0107541707111523,0.00108254398219287,0.0126548912376165,0,0.013113161403453,0.000394166330806911,0.00800505568622611,0.000914494739845395,0.195622430619551,0.00739566795527935,0.0192260295152664,0.002534854284022,0.00683829464833252,0.0156592548592016,0.0560152744874358,0.00180310133146122,0.00291605922393501,0.00453129410743713,0.0164473685435951,0.000544662296306342,0.0533707870636135,0.00444938807049766,0.15328962681815,0.0143742261570878,0.00983767793513834,0.00969376490684226,0.0091647575609386,0.0119868142064661,0.0334883707109839,0.00268312316620722,1.8004279708839,0.00107382552232593,0.854289404349402,0,0.787113041616976,0.045810979208909,0.362588641000912,0.0523062306456268,0.188834955479251,0.0756087116897106,0.482333611638751,0.000981354271061718,0.0264169060392305,0.00315844884607941,0.00426439219154418,0.000538357999175787,0.0142668426269665,0.00122199591714889,3.21058860013727,0.000324675318552181,0.0147516794095282,0.00382571722730063,0.00374765761080198,0.00241303030634299,0.00492368300911039,0.00100326060783118,0.00907715593348257,0.00356143480166793,0.0397201525047421,0.0617996617220342,0.273302853485802,0.00197726138867438,0.0201196311390959,0.0533049053046852,0.084470089757815,0.00369003694504499,0.084639496402815,0.0037700281245634,0.0965299668023363,0.038381744758226,0.32593366317451,0.000638162076938897,0.00697748182574287,0.00405844155466184,0.265207246207865,0.000500751135405153,1.13947176933289,0.00224908627569675,1.43658981920453,0.00111982086673379,3.11319804855157,0,0,0.0270537767792121,0.00329055619658902
0.0529801333323121,0.646374855714384,0.0271923863328993,0.598952278727666,0.011350738350302,0.59291086345911,0.0060989911435172,0.201634883182123,0.00472813239321113,0.0932203391566873,0.0230849934741855,0.397163121029735,0.0107865168247372,0.234984184149653,0.00918032787740231,0.390370865352452,0.0512273199856281,0.567880794173107,0.694960215478204,1.41215260251192,1.37790697161108,3.97269612271339,0.0348535421653651,0.0594262261874974,0.00879765395075083,0.137672092532739,0.0121506687719375,0.689170168479905,0.14580802526325,0.986022829078138,0.204047220293432,0.783894830499776,0.437869819579646,0.868852410465479,0.368852438405156,0.388297860044986,1.62642375798896,1.81102369562723,1.0114154831972,1.85227278247476,0.234875442925841,1.57728709746152,0.023034552228637,0.108238124521449,0.0604274151846766,0.168371362495236,0.111292964313179,0.205052002100274,0.00977995083667338,0.0319391627563164,0.0175438603037037,0,0.00461893761530519,0.00213675224222243,0.144590007141232,0.423859001835808,0.0501359085319564,0.279212786699645,0.0431034481152892,0.0552712376229465,0.0160075326566584,0.108821106143296,0.0246045696549118,0.139482570346445,0.0184842885937542,0.169405821477994,0.343308128532954,0.451885793183465,0.730158742866479,1.95898675266653,1.42414176580496,4.19314659805968,0.3492063540034,1.64249240700155,0.586826369166374,0.816199351102114,1.77159880194813,3.7346937158145,0.0491228080354631,0.342105265706778,0.0182780186296441,0.193098381918389,0.0244541491847485,0.321131438016891,0.0140679950709455,0.0822869320400059,0.00829875539056957,0.353803845704533,0.0709323603659868,0.0270537767792121,0,3.85263174399734
0.0376486141467467,0.093451569438912,0.0237288136850111,0.260162595659494,0.0134983132593334,0.247071348130703,0.00936548807658255,0.128739800304174,0.0140515216626227,0.144957990618423,0.0124869933351874,0.0720438528805971,0.0116435288218781,0.131164735648781,0.0182648405898362,0.110032358206809,0.014814815018326,0.0608552636113018,0.191230842843652,0.331299864861649,1.15340912528336,0.637873739004135,0.072458409005776,0.121428566169925,0.0202898557763547,0.198265183717012,0,0.158553548622876,0.1233373680152,0.23008850379847,0.423785590101033,1.73877550929319,0.0553592484211549,0.188775502028875,0.0241935476660728,0.0260416674427688,1.25959370937198,0.049052398186177,1.04751135758124,0.0545112795662135,0.0968858161941171,0.153846153989434,0.00598503719083965,0.0131657684687525,0.00732600747141987,0.029710712027736,0.0260727871209383,0.0128268374828622,0.00323886633850634,0.00302343163639307,0.00349895039107651,0,0,0,0.028032865957357,0.0513282305910252,0.0253088279860094,0.0325153372832574,0.00536480685696006,0.00407747179269791,0.0103189493529499,0.0147420148132369,0.00698080286383629,0.0179171338677406,0.00733944959938526,0.0201257858425379,0.0413250253186561,0.0569420050014742,0.0979253122350201,0.267622452229261,2.32052692188881,4.05767269199714,0.530954849906266,0.316109438426793,0.578947372734547,0.37689970061183,4.06896563945338,1.08299597864971,0.00682593835517764,0.0448717954568565,0.0124580735573545,0.0212298682308756,0.0294882919406518,0.0446280991891399,0.00936110445763916,0.0117302050348371,0.0164158693514764,0.072793448343873,0.0102078020572662,0.00329055619658902,3.85263174399734,0
